t 40 42
v 0 10 4
v 1 9 1
v 2 2 3
v 3 10 2
v 4 9 3
v 5 13 2
v 6 3 1
v 7 7 3
v 8 8 4
v 9 6 2
v 10 14 3
v 11 4 2
v 12 13 2
v 13 12 4
v 14 6 2
v 15 0 3
v 16 14 2
v 17 11 2
v 18 2 2
v 19 6 3
v 20 10 1
v 21 11 2
v 22 11 1
v 23 6 1
v 24 7 1
v 25 14 1
v 26 6 2
v 27 0 3
v 28 10 4
v 29 6 2
v 30 7 3
v 31 0 1
v 32 4 1
v 33 8 2
v 34 3 1
v 35 0 1
v 36 13 2
v 37 3 2
v 38 6 2
v 39 7 1
e 0 19 0
e 0 38 0
e 0 37 0
e 0 7 0
e 1 26 0
e 2 26 0
e 2 25 0
e 2 4 0
e 3 5 0
e 3 9 0
e 4 20 0
e 4 30 0
e 5 11 0
e 6 7 0
e 7 30 0
e 8 12 0
e 8 15 0
e 8 10 0
e 8 22 0
e 9 10 0
e 10 39 0
e 11 30 0
e 12 13 0
e 13 21 0
e 13 33 0
e 13 36 0
e 14 17 0
e 14 15 0
e 15 16 0
e 16 18 0
e 17 28 0
e 18 34 0
e 19 38 0
e 19 37 0
e 21 36 0
e 23 28 0
e 24 28 0
e 27 35 0
e 27 29 0
e 27 28 0
e 29 32 0
e 31 33 0
