t 40 68
v 0 6 2
v 1 12 1
v 2 9 3
v 3 7 3
v 4 10 1
v 5 6 2
v 6 7 1
v 7 8 5
v 8 12 4
v 9 11 3
v 10 3 4
v 11 2 3
v 12 5 5
v 13 11 5
v 14 12 1
v 15 11 1
v 16 7 4
v 17 12 3
v 18 13 4
v 19 1 3
v 20 4 4
v 21 7 12
v 22 14 4
v 23 13 2
v 24 5 5
v 25 14 9
v 26 3 2
v 27 0 2
v 28 11 2
v 29 6 4
v 30 6 5
v 31 13 2
v 32 11 1
v 33 8 6
v 34 9 2
v 35 8 10
v 36 13 1
v 37 10 2
v 38 14 2
v 39 13 1
e 0 3 0
e 0 27 0
e 1 29 0
e 2 27 0
e 2 3 0
e 2 5 0
e 3 34 0
e 4 7 0
e 5 28 0
e 6 7 0
e 7 28 0
e 7 9 0
e 7 15 0
e 8 13 0
e 8 12 0
e 8 20 0
e 8 33 0
e 9 35 0
e 9 25 0
e 10 12 0
e 10 25 0
e 10 33 0
e 10 35 0
e 11 34 0
e 11 31 0
e 11 18 0
e 12 25 0
e 12 13 0
e 12 35 0
e 13 20 0
e 13 21 0
e 13 25 0
e 14 21 0
e 16 21 0
e 16 24 0
e 16 25 0
e 16 35 0
e 17 21 0
e 17 24 0
e 17 35 0
e 18 31 0
e 18 36 0
e 18 37 0
e 19 23 0
e 19 21 0
e 19 30 0
e 20 25 0
e 20 21 0
e 21 33 0
e 21 25 0
e 21 29 0
e 21 22 0
e 21 32 0
e 21 35 0
e 22 30 0
e 22 24 0
e 22 35 0
e 23 30 0
e 24 33 0
e 24 35 0
e 25 33 0
e 25 35 0
e 26 29 0
e 26 30 0
e 29 30 0
e 33 35 0
e 37 38 0
e 38 39 0
