t 40 45
v 0 0 3
v 1 5 2
v 2 10 3
v 3 0 1
v 4 12 3
v 5 3 1
v 6 1 2
v 7 10 3
v 8 1 2
v 9 9 3
v 10 13 2
v 11 8 2
v 12 13 4
v 13 3 2
v 14 6 1
v 15 13 1
v 16 9 1
v 17 8 2
v 18 5 3
v 19 12 1
v 20 11 2
v 21 1 4
v 22 8 3
v 23 0 1
v 24 13 3
v 25 3 2
v 26 11 2
v 27 1 3
v 28 0 2
v 29 1 2
v 30 14 2
v 31 13 2
v 32 13 1
v 33 8 1
v 34 9 3
v 35 13 3
v 36 11 3
v 37 14 5
v 38 3 2
v 39 13 2
e 0 36 0
e 0 2 0
e 0 37 0
e 1 36 0
e 1 37 0
e 2 3 0
e 2 22 0
e 4 8 0
e 4 34 0
e 4 12 0
e 5 22 0
e 6 12 0
e 6 22 0
e 7 20 0
e 7 10 0
e 7 9 0
e 8 34 0
e 9 30 0
e 9 24 0
e 10 30 0
e 11 21 0
e 11 28 0
e 12 15 0
e 12 19 0
e 13 27 0
e 13 31 0
e 14 17 0
e 16 24 0
e 17 21 0
e 18 23 0
e 18 27 0
e 18 35 0
e 20 35 0
e 21 25 0
e 21 26 0
e 24 29 0
e 25 26 0
e 27 32 0
e 28 31 0
e 29 34 0
e 33 35 0
e 36 37 0
e 37 38 0
e 37 39 0
e 38 39 0
