t 32 33
v 0 5 3
v 1 5 3
v 2 0 2
v 3 3 3
v 4 12 2
v 5 14 4
v 6 2 2
v 7 10 1
v 8 8 3
v 9 10 3
v 10 8 2
v 11 8 3
v 12 10 2
v 13 5 2
v 14 4 2
v 15 0 2
v 16 8 2
v 17 12 1
v 18 4 2
v 19 6 1
v 20 12 3
v 21 10 2
v 22 1 1
v 23 4 2
v 24 12 1
v 25 7 2
v 26 8 1
v 27 5 2
v 28 1 2
v 29 14 2
v 30 13 2
v 31 13 1
e 0 21 0
e 0 16 0
e 0 5 0
e 1 11 0
e 1 10 0
e 1 15 0
e 2 28 0
e 2 9 0
e 3 9 0
e 3 23 0
e 3 26 0
e 4 12 0
e 4 13 0
e 5 21 0
e 5 24 0
e 5 25 0
e 6 13 0
e 6 8 0
e 7 8 0
e 8 20 0
e 9 22 0
e 10 11 0
e 11 20 0
e 12 18 0
e 14 28 0
e 14 27 0
e 15 17 0
e 16 18 0
e 19 20 0
e 23 29 0
e 25 27 0
e 29 30 0
e 30 31 0
