t 40 45
v 0 12 1
v 1 0 1
v 2 10 2
v 3 5 2
v 4 12 3
v 5 0 2
v 6 0 5
v 7 6 1
v 8 11 6
v 9 12 1
v 10 11 1
v 11 8 1
v 12 9 2
v 13 12 2
v 14 2 1
v 15 1 1
v 16 8 2
v 17 7 1
v 18 10 3
v 19 11 2
v 20 13 2
v 21 5 4
v 22 13 1
v 23 1 4
v 24 8 3
v 25 14 2
v 26 9 1
v 27 1 3
v 28 8 1
v 29 13 2
v 30 2 3
v 31 11 2
v 32 13 3
v 33 7 2
v 34 7 2
v 35 13 3
v 36 10 2
v 37 11 4
v 38 7 2
v 39 14 4
e 0 8 0
e 1 8 0
e 2 8 0
e 2 16 0
e 3 18 0
e 3 36 0
e 4 5 0
e 4 15 0
e 4 16 0
e 5 35 0
e 6 28 0
e 6 23 0
e 6 21 0
e 6 39 0
e 6 37 0
e 7 35 0
e 8 25 0
e 8 24 0
e 8 12 0
e 9 24 0
e 10 29 0
e 11 13 0
e 12 29 0
e 13 18 0
e 14 18 0
e 17 21 0
e 19 31 0
e 19 27 0
e 20 23 0
e 20 30 0
e 21 34 0
e 21 37 0
e 22 39 0
e 23 32 0
e 23 30 0
e 24 25 0
e 26 32 0
e 27 35 0
e 27 36 0
e 30 32 0
e 31 33 0
e 33 39 0
e 34 37 0
e 37 38 0
e 38 39 0
