t 32 51
v 0 0 2
v 1 4 2
v 2 11 3
v 3 5 5
v 4 13 2
v 5 2 2
v 6 9 5
v 7 3 2
v 8 2 6
v 9 10 2
v 10 7 3
v 11 7 2
v 12 8 3
v 13 1 3
v 14 6 6
v 15 0 4
v 16 14 1
v 17 8 2
v 18 7 2
v 19 11 1
v 20 10 3
v 21 2 3
v 22 12 4
v 23 5 7
v 24 5 4
v 25 11 3
v 26 4 6
v 27 13 1
v 28 6 5
v 29 14 3
v 30 8 3
v 31 1 2
e 0 1 0
e 0 5 0
e 1 4 0
e 2 8 0
e 2 26 0
e 2 27 0
e 3 13 0
e 3 20 0
e 3 21 0
e 3 22 0
e 3 5 0
e 4 6 0
e 6 26 0
e 6 8 0
e 6 28 0
e 6 23 0
e 7 17 0
e 7 30 0
e 8 24 0
e 8 28 0
e 8 23 0
e 8 26 0
e 9 11 0
e 9 23 0
e 10 25 0
e 10 14 0
e 10 15 0
e 11 23 0
e 12 22 0
e 12 14 0
e 12 15 0
e 13 21 0
e 13 20 0
e 14 15 0
e 14 22 0
e 14 25 0
e 14 29 0
e 15 22 0
e 16 30 0
e 17 19 0
e 18 31 0
e 18 29 0
e 20 21 0
e 23 26 0
e 23 24 0
e 23 28 0
e 24 28 0
e 24 26 0
e 25 29 0
e 26 28 0
e 30 31 0
