t 40 44
v 0 8 3
v 1 14 1
v 2 14 2
v 3 10 1
v 4 11 2
v 5 10 2
v 6 5 1
v 7 0 3
v 8 11 2
v 9 6 2
v 10 12 2
v 11 1 2
v 12 7 2
v 13 0 1
v 14 13 4
v 15 2 2
v 16 11 5
v 17 9 2
v 18 5 1
v 19 3 2
v 20 2 2
v 21 11 1
v 22 0 3
v 23 13 4
v 24 11 3
v 25 5 2
v 26 4 4
v 27 7 3
v 28 14 2
v 29 9 2
v 30 12 2
v 31 14 2
v 32 4 2
v 33 4 2
v 34 5 3
v 35 8 2
v 36 13 2
v 37 8 1
v 38 14 3
v 39 12 1
e 0 37 0
e 0 17 0
e 0 38 0
e 1 38 0
e 2 17 0
e 2 30 0
e 3 16 0
e 4 5 0
e 4 15 0
e 5 24 0
e 6 26 0
e 7 13 0
e 7 8 0
e 7 28 0
e 8 31 0
e 9 10 0
e 9 33 0
e 10 29 0
e 11 14 0
e 11 23 0
e 12 15 0
e 12 34 0
e 14 23 0
e 14 16 0
e 14 27 0
e 16 32 0
e 16 23 0
e 16 27 0
e 18 34 0
e 19 22 0
e 19 26 0
e 20 36 0
e 20 35 0
e 21 34 0
e 22 28 0
e 22 26 0
e 23 27 0
e 24 30 0
e 24 26 0
e 25 29 0
e 25 35 0
e 31 36 0
e 32 33 0
e 38 39 0
