t 40 53
v 0 3 3
v 1 2 2
v 2 3 4
v 3 4 2
v 4 0 4
v 5 12 4
v 6 11 2
v 7 1 2
v 8 11 4
v 9 14 2
v 10 4 3
v 11 1 2
v 12 9 2
v 13 11 3
v 14 14 2
v 15 3 2
v 16 13 3
v 17 2 1
v 18 8 2
v 19 6 5
v 20 9 3
v 21 11 2
v 22 13 2
v 23 9 3
v 24 10 3
v 25 8 2
v 26 13 2
v 27 14 3
v 28 0 3
v 29 11 2
v 30 6 2
v 31 10 4
v 32 13 4
v 33 8 3
v 34 12 3
v 35 5 4
v 36 2 1
v 37 5 2
v 38 7 2
v 39 11 2
e 0 1 0
e 0 31 0
e 0 38 0
e 1 3 0
e 2 6 0
e 2 5 0
e 2 28 0
e 2 34 0
e 3 34 0
e 4 30 0
e 4 36 0
e 4 35 0
e 4 26 0
e 5 6 0
e 5 28 0
e 5 34 0
e 7 8 0
e 7 32 0
e 8 18 0
e 8 32 0
e 8 33 0
e 9 10 0
e 9 33 0
e 10 23 0
e 10 15 0
e 11 16 0
e 11 37 0
e 12 23 0
e 12 29 0
e 13 24 0
e 13 19 0
e 13 27 0
e 14 28 0
e 14 32 0
e 15 23 0
e 16 26 0
e 16 33 0
e 17 35 0
e 18 32 0
e 19 20 0
e 19 21 0
e 19 27 0
e 19 24 0
e 20 21 0
e 20 37 0
e 22 29 0
e 22 35 0
e 24 27 0
e 25 31 0
e 25 39 0
e 30 35 0
e 31 38 0
e 31 39 0
