t 40 63
v 0 0 1
v 1 13 2
v 2 2 1
v 3 1 5
v 4 3 2
v 5 5 5
v 6 14 2
v 7 1 1
v 8 11 3
v 9 6 2
v 10 12 1
v 11 13 3
v 12 7 2
v 13 7 3
v 14 10 3
v 15 9 3
v 16 4 2
v 17 2 2
v 18 7 2
v 19 11 2
v 20 0 5
v 21 7 1
v 22 6 5
v 23 14 5
v 24 8 2
v 25 10 8
v 26 0 8
v 27 4 4
v 28 13 6
v 29 7 2
v 30 1 2
v 31 9 1
v 32 1 8
v 33 8 6
v 34 6 3
v 35 6 7
v 36 13 1
v 37 12 2
v 38 11 2
v 39 10 1
e 0 3 0
e 1 3 0
e 1 19 0
e 2 3 0
e 3 37 0
e 3 7 0
e 4 19 0
e 4 6 0
e 5 32 0
e 5 26 0
e 5 20 0
e 5 35 0
e 5 30 0
e 6 24 0
e 8 34 0
e 8 9 0
e 8 11 0
e 9 11 0
e 10 34 0
e 11 17 0
e 12 13 0
e 12 17 0
e 13 21 0
e 13 15 0
e 14 15 0
e 14 31 0
e 14 29 0
e 15 16 0
e 16 18 0
e 18 36 0
e 20 26 0
e 20 28 0
e 20 32 0
e 20 33 0
e 22 25 0
e 22 35 0
e 22 23 0
e 22 26 0
e 22 32 0
e 23 25 0
e 23 26 0
e 23 28 0
e 23 35 0
e 24 34 0
e 25 35 0
e 25 26 0
e 25 27 0
e 25 28 0
e 25 32 0
e 25 33 0
e 26 28 0
e 26 35 0
e 26 32 0
e 27 35 0
e 27 32 0
e 27 33 0
e 28 35 0
e 28 33 0
e 29 33 0
e 30 32 0
e 32 33 0
e 37 38 0
e 38 39 0
