t 40 50
v 0 3 3
v 1 14 1
v 2 3 2
v 3 13 2
v 4 1 2
v 5 2 2
v 6 6 2
v 7 12 3
v 8 5 4
v 9 3 1
v 10 10 3
v 11 5 3
v 12 2 4
v 13 12 2
v 14 11 3
v 15 13 5
v 16 0 3
v 17 3 3
v 18 5 2
v 19 2 2
v 20 5 3
v 21 7 1
v 22 2 2
v 23 3 3
v 24 3 3
v 25 10 3
v 26 2 1
v 27 4 4
v 28 5 1
v 29 0 2
v 30 8 1
v 31 4 7
v 32 11 2
v 33 7 2
v 34 0 2
v 35 11 3
v 36 8 3
v 37 12 1
v 38 2 2
v 39 6 2
e 0 15 0
e 0 17 0
e 0 31 0
e 1 31 0
e 2 3 0
e 2 31 0
e 3 4 0
e 4 16 0
e 5 20 0
e 5 10 0
e 6 22 0
e 6 10 0
e 7 13 0
e 7 20 0
e 7 19 0
e 8 11 0
e 8 23 0
e 8 14 0
e 8 18 0
e 9 38 0
e 10 21 0
e 11 12 0
e 11 14 0
e 12 23 0
e 12 14 0
e 12 19 0
e 13 20 0
e 15 34 0
e 15 17 0
e 15 31 0
e 15 32 0
e 16 36 0
e 16 39 0
e 17 31 0
e 18 24 0
e 22 28 0
e 23 30 0
e 24 25 0
e 24 27 0
e 25 26 0
e 25 27 0
e 27 35 0
e 27 33 0
e 29 35 0
e 29 36 0
e 31 34 0
e 31 32 0
e 33 35 0
e 36 37 0
e 38 39 0
