t 32 54
v 0 11 4
v 1 5 3
v 2 12 7
v 3 1 1
v 4 12 2
v 5 4 2
v 6 11 2
v 7 3 2
v 8 7 1
v 9 1 3
v 10 14 1
v 11 0 1
v 12 5 3
v 13 0 3
v 14 4 4
v 15 0 4
v 16 14 3
v 17 7 4
v 18 10 3
v 19 11 9
v 20 13 2
v 21 14 3
v 22 5 7
v 23 7 2
v 24 0 3
v 25 9 4
v 26 1 5
v 27 9 4
v 28 13 5
v 29 14 4
v 30 3 4
v 31 2 3
e 0 19 0
e 0 11 0
e 0 3 0
e 0 14 0
e 1 9 0
e 1 4 0
e 1 14 0
e 2 8 0
e 2 12 0
e 2 7 0
e 2 18 0
e 2 15 0
e 2 16 0
e 2 13 0
e 4 9 0
e 5 13 0
e 5 6 0
e 6 14 0
e 7 15 0
e 9 14 0
e 10 16 0
e 12 18 0
e 12 15 0
e 13 16 0
e 15 18 0
e 17 19 0
e 17 27 0
e 17 29 0
e 17 30 0
e 19 29 0
e 19 31 0
e 19 22 0
e 19 20 0
e 19 28 0
e 19 25 0
e 19 27 0
e 20 28 0
e 21 22 0
e 21 28 0
e 21 30 0
e 22 28 0
e 22 25 0
e 22 24 0
e 22 23 0
e 22 26 0
e 23 26 0
e 24 25 0
e 24 26 0
e 25 26 0
e 26 29 0
e 27 29 0
e 27 30 0
e 28 31 0
e 30 31 0
