t 24 33
v 0 10 2
v 1 14 2
v 2 13 2
v 3 12 2
v 4 8 2
v 5 14 6
v 6 2 3
v 7 10 2
v 8 6 2
v 9 5 3
v 10 2 3
v 11 7 3
v 12 0 2
v 13 0 2
v 14 14 4
v 15 1 4
v 16 13 1
v 17 12 4
v 18 9 1
v 19 3 3
v 20 13 3
v 21 2 4
v 22 9 4
v 23 2 2
e 0 13 0
e 0 5 0
e 1 11 0
e 1 15 0
e 2 5 0
e 2 6 0
e 3 7 0
e 3 8 0
e 4 21 0
e 4 20 0
e 5 20 0
e 5 12 0
e 5 10 0
e 5 6 0
e 6 16 0
e 7 10 0
e 8 17 0
e 9 11 0
e 9 15 0
e 9 17 0
e 10 12 0
e 11 15 0
e 13 20 0
e 14 19 0
e 14 23 0
e 14 21 0
e 14 22 0
e 15 17 0
e 17 18 0
e 19 21 0
e 19 22 0
e 21 22 0
e 22 23 0
