t 24 43
v 0 2 4
v 1 11 6
v 2 13 4
v 3 13 2
v 4 11 4
v 5 10 2
v 6 9 3
v 7 0 4
v 8 10 3
v 9 8 4
v 10 14 2
v 11 12 2
v 12 7 3
v 13 5 4
v 14 13 4
v 15 4 2
v 16 13 3
v 17 9 4
v 18 3 3
v 19 2 5
v 20 3 4
v 21 1 5
v 22 7 5
v 23 3 4
e 0 15 0
e 0 1 0
e 0 9 0
e 0 17 0
e 1 17 0
e 1 9 0
e 1 3 0
e 1 6 0
e 1 18 0
e 2 5 0
e 2 4 0
e 2 14 0
e 2 13 0
e 3 6 0
e 4 14 0
e 4 6 0
e 4 13 0
e 5 13 0
e 7 21 0
e 7 22 0
e 7 19 0
e 7 18 0
e 8 11 0
e 8 12 0
e 8 16 0
e 9 15 0
e 9 17 0
e 10 14 0
e 10 16 0
e 11 12 0
e 12 16 0
e 13 14 0
e 17 18 0
e 19 20 0
e 19 21 0
e 19 22 0
e 19 23 0
e 20 21 0
e 20 22 0
e 20 23 0
e 21 22 0
e 21 23 0
e 22 23 0
