t 40 56
v 0 8 7
v 1 1 2
v 2 6 4
v 3 12 4
v 4 11 4
v 5 1 6
v 6 4 1
v 7 3 5
v 8 10 6
v 9 0 2
v 10 4 6
v 11 11 2
v 12 11 2
v 13 12 4
v 14 6 2
v 15 7 3
v 16 8 4
v 17 9 2
v 18 8 3
v 19 7 2
v 20 10 4
v 21 3 2
v 22 5 2
v 23 5 1
v 24 5 2
v 25 7 2
v 26 13 3
v 27 5 1
v 28 13 4
v 29 1 3
v 30 11 2
v 31 14 3
v 32 3 2
v 33 0 1
v 34 14 1
v 35 11 2
v 36 8 1
v 37 9 1
v 38 12 2
v 39 0 2
e 0 29 0
e 0 37 0
e 0 36 0
e 0 39 0
e 0 38 0
e 0 3 0
e 0 5 0
e 1 4 0
e 1 2 0
e 2 29 0
e 2 3 0
e 2 4 0
e 3 4 0
e 3 5 0
e 4 29 0
e 5 8 0
e 5 28 0
e 5 7 0
e 5 13 0
e 6 18 0
e 7 13 0
e 7 8 0
e 7 10 0
e 7 28 0
e 8 9 0
e 8 28 0
e 8 13 0
e 8 10 0
e 9 10 0
e 10 28 0
e 10 11 0
e 10 13 0
e 11 30 0
e 12 16 0
e 12 20 0
e 14 15 0
e 14 30 0
e 15 33 0
e 15 26 0
e 16 27 0
e 16 21 0
e 16 24 0
e 17 18 0
e 17 32 0
e 18 22 0
e 19 20 0
e 19 31 0
e 20 31 0
e 20 25 0
e 21 23 0
e 22 24 0
e 25 31 0
e 26 35 0
e 26 34 0
e 32 35 0
e 38 39 0
