t 40 65
v 0 12 2
v 1 11 5
v 2 9 4
v 3 5 1
v 4 8 4
v 5 10 3
v 6 3 2
v 7 5 1
v 8 8 4
v 9 9 3
v 10 2 6
v 11 3 3
v 12 11 3
v 13 5 4
v 14 3 3
v 15 7 1
v 16 3 2
v 17 14 6
v 18 3 4
v 19 8 5
v 20 1 2
v 21 2 2
v 22 0 1
v 23 10 2
v 24 14 4
v 25 13 3
v 26 8 3
v 27 0 3
v 28 7 4
v 29 12 2
v 30 9 3
v 31 7 2
v 32 3 2
v 33 1 2
v 34 7 4
v 35 14 5
v 36 11 1
v 37 1 5
v 38 13 7
v 39 13 7
e 0 17 0
e 0 38 0
e 1 19 0
e 1 35 0
e 1 37 0
e 1 38 0
e 1 39 0
e 2 34 0
e 2 8 0
e 2 18 0
e 2 10 0
e 3 27 0
e 4 23 0
e 4 12 0
e 4 24 0
e 4 26 0
e 5 15 0
e 5 21 0
e 5 25 0
e 6 12 0
e 6 20 0
e 7 25 0
e 8 10 0
e 8 18 0
e 8 34 0
e 9 17 0
e 9 13 0
e 9 11 0
e 10 18 0
e 10 34 0
e 10 28 0
e 10 30 0
e 11 13 0
e 11 17 0
e 12 24 0
e 13 16 0
e 13 17 0
e 14 27 0
e 14 24 0
e 14 31 0
e 16 17 0
e 17 38 0
e 18 34 0
e 19 35 0
e 19 37 0
e 19 38 0
e 19 39 0
e 20 21 0
e 22 27 0
e 23 26 0
e 24 26 0
e 25 28 0
e 28 32 0
e 28 30 0
e 29 31 0
e 29 33 0
e 30 32 0
e 33 39 0
e 35 37 0
e 35 38 0
e 35 39 0
e 36 39 0
e 37 38 0
e 37 39 0
e 38 39 0
