t 40 53
v 0 12 2
v 1 8 3
v 2 7 2
v 3 4 2
v 4 6 2
v 5 14 2
v 6 14 2
v 7 9 3
v 8 1 2
v 9 10 6
v 10 8 2
v 11 12 2
v 12 5 2
v 13 11 1
v 14 12 3
v 15 2 3
v 16 3 4
v 17 9 1
v 18 7 2
v 19 14 2
v 20 10 5
v 21 4 3
v 22 4 5
v 23 9 3
v 24 2 2
v 25 2 3
v 26 14 5
v 27 1 2
v 28 12 3
v 29 3 2
v 30 13 4
v 31 5 4
v 32 6 1
v 33 0 2
v 34 5 4
v 35 9 1
v 36 10 3
v 37 6 2
v 38 3 3
v 39 13 1
e 0 7 0
e 0 9 0
e 1 21 0
e 1 20 0
e 1 25 0
e 2 7 0
e 2 28 0
e 3 4 0
e 3 28 0
e 4 6 0
e 5 19 0
e 5 30 0
e 6 8 0
e 7 9 0
e 8 11 0
e 9 29 0
e 9 37 0
e 9 34 0
e 9 38 0
e 10 18 0
e 10 33 0
e 11 12 0
e 12 23 0
e 13 14 0
e 14 15 0
e 14 16 0
e 15 23 0
e 15 16 0
e 16 23 0
e 16 24 0
e 17 20 0
e 18 24 0
e 19 20 0
e 20 25 0
e 20 21 0
e 21 25 0
e 22 36 0
e 22 26 0
e 22 27 0
e 22 30 0
e 22 31 0
e 26 32 0
e 26 31 0
e 26 36 0
e 26 30 0
e 27 33 0
e 28 35 0
e 29 34 0
e 30 31 0
e 31 36 0
e 34 37 0
e 34 38 0
e 38 39 0
