t 40 49
v 0 11 3
v 1 8 2
v 2 6 3
v 3 0 2
v 4 0 2
v 5 12 3
v 6 0 2
v 7 11 2
v 8 7 2
v 9 5 1
v 10 5 4
v 11 10 2
v 12 3 2
v 13 1 4
v 14 13 2
v 15 12 2
v 16 12 2
v 17 5 3
v 18 8 2
v 19 8 2
v 20 11 2
v 21 0 2
v 22 14 3
v 23 13 2
v 24 5 2
v 25 11 2
v 26 0 3
v 27 4 3
v 28 8 6
v 29 11 3
v 30 0 1
v 31 5 5
v 32 10 3
v 33 7 3
v 34 5 2
v 35 6 2
v 36 0 2
v 37 2 2
v 38 6 2
v 39 10 1
e 0 7 0
e 0 2 0
e 0 4 0
e 1 11 0
e 1 37 0
e 2 4 0
e 2 5 0
e 3 18 0
e 3 17 0
e 5 8 0
e 5 10 0
e 6 37 0
e 6 38 0
e 7 11 0
e 8 10 0
e 9 10 0
e 10 12 0
e 12 14 0
e 13 32 0
e 13 33 0
e 13 25 0
e 13 28 0
e 14 22 0
e 15 31 0
e 15 28 0
e 16 17 0
e 16 22 0
e 17 22 0
e 18 21 0
e 19 34 0
e 19 35 0
e 20 24 0
e 20 36 0
e 21 23 0
e 23 36 0
e 24 35 0
e 25 28 0
e 26 29 0
e 26 27 0
e 26 31 0
e 27 29 0
e 27 31 0
e 28 32 0
e 28 31 0
e 28 33 0
e 29 31 0
e 30 32 0
e 33 34 0
e 38 39 0
