t 40 60
v 0 13 1
v 1 12 3
v 2 8 3
v 3 5 3
v 4 13 10
v 5 6 3
v 6 2 4
v 7 7 1
v 8 4 1
v 9 11 1
v 10 1 2
v 11 11 3
v 12 1 2
v 13 10 3
v 14 5 2
v 15 0 1
v 16 8 6
v 17 14 2
v 18 13 3
v 19 13 2
v 20 5 2
v 21 12 3
v 22 4 2
v 23 7 1
v 24 9 2
v 25 1 10
v 26 13 6
v 27 13 4
v 28 5 4
v 29 13 3
v 30 0 2
v 31 14 2
v 32 14 1
v 33 0 3
v 34 11 3
v 35 10 5
v 36 13 3
v 37 12 4
v 38 4 2
v 39 11 2
e 0 1 0
e 1 10 0
e 1 29 0
e 2 11 0
e 2 6 0
e 2 27 0
e 3 5 0
e 3 6 0
e 3 33 0
e 4 34 0
e 4 25 0
e 4 30 0
e 4 16 0
e 4 35 0
e 4 24 0
e 4 37 0
e 4 26 0
e 4 31 0
e 4 28 0
e 5 6 0
e 5 33 0
e 6 27 0
e 7 27 0
e 8 27 0
e 9 11 0
e 10 14 0
e 11 21 0
e 12 18 0
e 12 20 0
e 13 33 0
e 13 19 0
e 13 29 0
e 14 18 0
e 15 17 0
e 16 36 0
e 16 35 0
e 16 37 0
e 16 25 0
e 16 26 0
e 17 22 0
e 18 20 0
e 19 29 0
e 21 38 0
e 21 25 0
e 22 28 0
e 23 34 0
e 24 25 0
e 25 38 0
e 25 30 0
e 25 35 0
e 25 39 0
e 25 26 0
e 25 28 0
e 26 34 0
e 26 36 0
e 26 37 0
e 28 39 0
e 31 35 0
e 32 36 0
e 35 37 0
