t 32 34
v 0 7 3
v 1 0 2
v 2 7 2
v 3 14 2
v 4 10 2
v 5 12 2
v 6 14 3
v 7 7 4
v 8 10 4
v 9 5 2
v 10 12 4
v 11 1 2
v 12 5 3
v 13 14 3
v 14 3 2
v 15 14 1
v 16 11 2
v 17 3 2
v 18 2 2
v 19 5 1
v 20 0 1
v 21 9 1
v 22 13 1
v 23 5 2
v 24 7 1
v 25 5 2
v 26 2 2
v 27 13 2
v 28 9 1
v 29 8 5
v 30 3 1
v 31 8 1
e 0 6 0
e 0 11 0
e 0 10 0
e 1 3 0
e 1 6 0
e 2 27 0
e 2 29 0
e 3 7 0
e 4 18 0
e 4 26 0
e 5 18 0
e 5 27 0
e 6 9 0
e 7 20 0
e 7 8 0
e 7 17 0
e 8 14 0
e 8 12 0
e 8 13 0
e 9 11 0
e 10 22 0
e 10 23 0
e 10 21 0
e 12 13 0
e 12 14 0
e 13 15 0
e 16 31 0
e 16 25 0
e 17 19 0
e 23 26 0
e 24 29 0
e 25 29 0
e 28 29 0
e 29 30 0
