t 32 42
v 0 2 2
v 1 6 3
v 2 12 1
v 3 7 6
v 4 7 4
v 5 11 1
v 6 13 5
v 7 10 2
v 8 2 2
v 9 1 3
v 10 13 2
v 11 6 3
v 12 8 4
v 13 2 3
v 14 9 3
v 15 10 3
v 16 1 3
v 17 10 2
v 18 12 3
v 19 14 5
v 20 6 2
v 21 0 2
v 22 12 4
v 23 3 1
v 24 4 1
v 25 2 1
v 26 10 2
v 27 7 3
v 28 12 2
v 29 5 2
v 30 11 3
v 31 3 1
e 0 3 0
e 0 19 0
e 1 11 0
e 1 3 0
e 1 19 0
e 2 3 0
e 3 19 0
e 3 11 0
e 3 16 0
e 4 21 0
e 4 25 0
e 4 30 0
e 4 13 0
e 5 7 0
e 6 14 0
e 6 9 0
e 6 12 0
e 6 15 0
e 6 18 0
e 7 16 0
e 8 9 0
e 8 16 0
e 9 18 0
e 10 19 0
e 10 20 0
e 11 19 0
e 12 14 0
e 12 17 0
e 12 15 0
e 13 21 0
e 13 30 0
e 14 17 0
e 15 18 0
e 20 22 0
e 22 27 0
e 22 23 0
e 22 31 0
e 24 26 0
e 26 27 0
e 27 28 0
e 28 29 0
e 29 30 0
