t 40 51
v 0 12 3
v 1 10 2
v 2 11 2
v 3 2 2
v 4 10 3
v 5 5 1
v 6 11 3
v 7 5 1
v 8 1 1
v 9 11 1
v 10 13 3
v 11 0 5
v 12 9 4
v 13 8 1
v 14 5 2
v 15 7 5
v 16 14 1
v 17 11 2
v 18 13 2
v 19 0 6
v 20 2 4
v 21 2 2
v 22 4 1
v 23 8 5
v 24 5 2
v 25 3 2
v 26 7 2
v 27 2 2
v 28 14 3
v 29 4 1
v 30 1 5
v 31 13 2
v 32 3 2
v 33 2 6
v 34 11 3
v 35 6 2
v 36 2 3
v 37 1 2
v 38 13 2
v 39 0 1
e 0 30 0
e 0 19 0
e 0 33 0
e 1 8 0
e 1 24 0
e 2 15 0
e 2 20 0
e 3 4 0
e 3 19 0
e 4 30 0
e 4 19 0
e 5 23 0
e 6 34 0
e 6 10 0
e 6 31 0
e 7 17 0
e 9 23 0
e 10 31 0
e 10 25 0
e 11 19 0
e 11 17 0
e 11 13 0
e 11 30 0
e 11 33 0
e 12 35 0
e 12 34 0
e 12 16 0
e 12 14 0
e 14 23 0
e 15 21 0
e 15 20 0
e 15 32 0
e 15 28 0
e 18 20 0
e 18 29 0
e 19 30 0
e 19 33 0
e 20 21 0
e 22 37 0
e 23 24 0
e 23 30 0
e 25 26 0
e 26 27 0
e 27 28 0
e 28 32 0
e 33 37 0
e 33 38 0
e 33 36 0
e 34 35 0
e 36 39 0
e 36 38 0
