t 40 72
v 0 8 1
v 1 8 5
v 2 12 6
v 3 6 4
v 4 8 4
v 5 10 3
v 6 4 2
v 7 0 7
v 8 7 6
v 9 5 2
v 10 0 2
v 11 6 1
v 12 0 3
v 13 3 3
v 14 4 6
v 15 3 4
v 16 7 1
v 17 2 2
v 18 7 5
v 19 5 2
v 20 1 4
v 21 10 3
v 22 11 2
v 23 0 2
v 24 9 5
v 25 2 5
v 26 12 3
v 27 12 3
v 28 12 4
v 29 1 1
v 30 3 3
v 31 9 7
v 32 2 4
v 33 6 4
v 34 2 3
v 35 4 2
v 36 0 8
v 37 5 6
v 38 13 2
v 39 8 4
e 0 31 0
e 1 7 0
e 1 14 0
e 1 24 0
e 1 31 0
e 1 36 0
e 2 8 0
e 2 15 0
e 2 18 0
e 2 20 0
e 2 25 0
e 2 37 0
e 3 5 0
e 3 7 0
e 3 36 0
e 3 39 0
e 4 38 0
e 4 6 0
e 4 23 0
e 4 13 0
e 5 39 0
e 5 36 0
e 6 38 0
e 7 39 0
e 7 36 0
e 7 24 0
e 7 14 0
e 7 31 0
e 8 37 0
e 8 15 0
e 8 21 0
e 8 27 0
e 8 18 0
e 9 30 0
e 9 33 0
e 10 18 0
e 10 17 0
e 11 12 0
e 12 22 0
e 12 16 0
e 13 23 0
e 13 17 0
e 14 31 0
e 14 36 0
e 14 24 0
e 14 32 0
e 15 18 0
e 15 37 0
e 18 37 0
e 19 28 0
e 19 32 0
e 20 25 0
e 20 26 0
e 20 34 0
e 21 27 0
e 21 37 0
e 22 31 0
e 24 31 0
e 24 36 0
e 25 34 0
e 25 28 0
e 25 26 0
e 26 34 0
e 27 37 0
e 28 29 0
e 28 32 0
e 30 33 0
e 30 35 0
e 31 36 0
e 32 33 0
e 33 35 0
e 36 39 0
