t 24 31
v 0 10 4
v 1 9 2
v 2 14 2
v 3 4 2
v 4 14 1
v 5 4 2
v 6 7 3
v 7 3 3
v 8 14 2
v 9 3 3
v 10 1 1
v 11 2 3
v 12 3 3
v 13 6 5
v 14 8 2
v 15 11 4
v 16 3 2
v 17 14 1
v 18 12 5
v 19 2 3
v 20 0 2
v 21 6 2
v 22 12 3
v 23 0 2
e 0 18 0
e 0 14 0
e 0 3 0
e 0 5 0
e 1 9 0
e 1 13 0
e 2 16 0
e 2 3 0
e 4 7 0
e 5 18 0
e 6 11 0
e 6 12 0
e 6 15 0
e 7 16 0
e 7 9 0
e 8 22 0
e 8 23 0
e 9 13 0
e 10 13 0
e 11 12 0
e 11 15 0
e 12 15 0
e 13 15 0
e 13 17 0
e 14 18 0
e 18 19 0
e 18 22 0
e 19 20 0
e 19 21 0
e 20 21 0
e 22 23 0
