t 40 64
v 0 2 1
v 1 9 2
v 2 7 2
v 3 5 1
v 4 4 2
v 5 14 1
v 6 7 1
v 7 9 11
v 8 9 1
v 9 10 8
v 10 11 7
v 11 11 3
v 12 10 7
v 13 14 4
v 14 4 3
v 15 13 2
v 16 8 2
v 17 14 2
v 18 9 7
v 19 3 2
v 20 2 3
v 21 10 6
v 22 12 3
v 23 12 6
v 24 10 3
v 25 4 2
v 26 0 2
v 27 13 3
v 28 11 1
v 29 9 3
v 30 0 1
v 31 14 1
v 32 0 3
v 33 7 3
v 34 8 6
v 35 0 6
v 36 6 3
v 37 0 2
v 38 2 1
v 39 5 1
e 0 21 0
e 1 14 0
e 1 20 0
e 2 7 0
e 2 21 0
e 3 7 0
e 4 25 0
e 4 15 0
e 5 7 0
e 6 7 0
e 7 13 0
e 7 35 0
e 7 10 0
e 7 34 0
e 7 9 0
e 7 12 0
e 7 21 0
e 8 12 0
e 9 13 0
e 9 35 0
e 9 10 0
e 9 12 0
e 9 18 0
e 9 23 0
e 9 34 0
e 10 12 0
e 10 13 0
e 10 18 0
e 10 23 0
e 10 35 0
e 11 25 0
e 11 21 0
e 11 34 0
e 12 35 0
e 12 23 0
e 12 34 0
e 13 18 0
e 14 22 0
e 14 27 0
e 15 16 0
e 16 17 0
e 17 19 0
e 18 35 0
e 18 39 0
e 18 23 0
e 18 34 0
e 19 37 0
e 20 29 0
e 20 32 0
e 21 34 0
e 21 23 0
e 22 26 0
e 22 27 0
e 23 35 0
e 24 31 0
e 24 28 0
e 24 33 0
e 26 27 0
e 29 30 0
e 29 32 0
e 32 33 0
e 33 36 0
e 36 38 0
e 36 37 0
