t 40 40
v 0 1 2
v 1 5 2
v 2 0 3
v 3 7 2
v 4 11 1
v 5 0 1
v 6 0 2
v 7 3 2
v 8 1 2
v 9 14 3
v 10 14 1
v 11 1 3
v 12 9 3
v 13 10 3
v 14 3 1
v 15 5 3
v 16 0 2
v 17 3 1
v 18 3 2
v 19 9 3
v 20 8 2
v 21 11 1
v 22 2 2
v 23 7 3
v 24 8 2
v 25 0 1
v 26 5 2
v 27 4 1
v 28 0 3
v 29 4 3
v 30 6 2
v 31 12 2
v 32 4 1
v 33 9 2
v 34 2 1
v 35 7 2
v 36 6 3
v 37 11 2
v 38 3 2
v 39 4 1
e 0 2 0
e 0 1 0
e 1 15 0
e 2 3 0
e 2 39 0
e 3 33 0
e 4 28 0
e 5 12 0
e 6 12 0
e 6 29 0
e 7 29 0
e 7 38 0
e 8 13 0
e 8 20 0
e 9 24 0
e 9 13 0
e 9 22 0
e 10 19 0
e 11 23 0
e 11 32 0
e 11 35 0
e 12 27 0
e 13 24 0
e 14 19 0
e 15 19 0
e 15 34 0
e 16 33 0
e 16 37 0
e 17 26 0
e 18 20 0
e 18 28 0
e 21 29 0
e 22 38 0
e 23 30 0
e 23 25 0
e 26 36 0
e 28 30 0
e 31 37 0
e 31 36 0
e 35 36 0
