t 32 46
v 0 12 2
v 1 13 4
v 2 3 2
v 3 9 4
v 4 12 5
v 5 4 2
v 6 3 2
v 7 5 2
v 8 9 2
v 9 1 2
v 10 11 4
v 11 11 2
v 12 14 5
v 13 13 2
v 14 2 6
v 15 6 1
v 16 10 4
v 17 5 2
v 18 1 3
v 19 10 2
v 20 14 2
v 21 5 3
v 22 8 5
v 23 11 1
v 24 14 3
v 25 4 3
v 26 4 2
v 27 3 4
v 28 2 2
v 29 10 4
v 30 2 2
v 31 3 3
e 0 3 0
e 0 12 0
e 1 26 0
e 1 28 0
e 1 2 0
e 1 20 0
e 2 28 0
e 3 13 0
e 3 12 0
e 3 21 0
e 4 10 0
e 4 14 0
e 4 16 0
e 4 20 0
e 4 29 0
e 5 11 0
e 5 21 0
e 6 14 0
e 6 27 0
e 7 12 0
e 7 25 0
e 8 11 0
e 8 24 0
e 9 19 0
e 9 22 0
e 10 14 0
e 10 16 0
e 10 29 0
e 12 15 0
e 12 25 0
e 13 21 0
e 14 16 0
e 14 27 0
e 14 29 0
e 16 29 0
e 17 18 0
e 17 22 0
e 18 24 0
e 18 22 0
e 19 22 0
e 22 24 0
e 23 31 0
e 25 26 0
e 27 31 0
e 27 30 0
e 30 31 0
