t 40 45
v 0 1 4
v 1 9 3
v 2 6 1
v 3 10 2
v 4 3 2
v 5 10 2
v 6 9 3
v 7 5 2
v 8 12 2
v 9 12 3
v 10 6 1
v 11 11 1
v 12 10 2
v 13 14 4
v 14 6 2
v 15 14 5
v 16 12 2
v 17 5 1
v 18 7 1
v 19 3 1
v 20 7 2
v 21 3 2
v 22 2 4
v 23 9 2
v 24 4 2
v 25 9 2
v 26 3 6
v 27 2 2
v 28 11 2
v 29 8 2
v 30 1 1
v 31 8 4
v 32 5 1
v 33 5 1
v 34 8 2
v 35 2 2
v 36 13 2
v 37 4 3
v 38 10 2
v 39 3 2
e 0 14 0
e 0 1 0
e 0 3 0
e 0 21 0
e 1 31 0
e 1 21 0
e 2 31 0
e 3 39 0
e 4 5 0
e 4 31 0
e 5 36 0
e 6 15 0
e 6 8 0
e 6 36 0
e 7 38 0
e 7 22 0
e 8 15 0
e 9 12 0
e 9 15 0
e 9 22 0
e 10 13 0
e 11 14 0
e 12 15 0
e 13 28 0
e 13 37 0
e 13 35 0
e 15 16 0
e 16 22 0
e 17 31 0
e 18 20 0
e 19 39 0
e 20 22 0
e 23 24 0
e 23 26 0
e 24 26 0
e 25 26 0
e 25 29 0
e 26 27 0
e 26 29 0
e 26 33 0
e 27 34 0
e 28 34 0
e 30 37 0
e 32 37 0
e 35 38 0
