t 32 37
v 0 11 2
v 1 8 2
v 2 10 3
v 3 5 2
v 4 5 2
v 5 11 2
v 6 9 2
v 7 0 2
v 8 1 2
v 9 3 2
v 10 7 3
v 11 4 2
v 12 10 2
v 13 8 1
v 14 7 2
v 15 10 2
v 16 2 1
v 17 1 1
v 18 7 4
v 19 13 3
v 20 8 6
v 21 6 3
v 22 1 3
v 23 4 2
v 24 7 4
v 25 1 3
v 26 8 2
v 27 3 2
v 28 4 2
v 29 7 2
v 30 8 2
v 31 1 1
e 0 3 0
e 0 23 0
e 1 25 0
e 1 24 0
e 2 18 0
e 2 28 0
e 2 31 0
e 3 8 0
e 4 20 0
e 4 21 0
e 5 10 0
e 5 8 0
e 6 19 0
e 6 20 0
e 7 11 0
e 7 12 0
e 9 10 0
e 9 19 0
e 10 19 0
e 11 23 0
e 12 24 0
e 13 20 0
e 14 15 0
e 14 27 0
e 15 21 0
e 16 20 0
e 17 20 0
e 18 30 0
e 18 28 0
e 18 22 0
e 20 21 0
e 22 30 0
e 22 29 0
e 24 25 0
e 24 26 0
e 25 26 0
e 27 29 0
