t 32 41
v 0 7 2
v 1 4 7
v 2 9 3
v 3 4 2
v 4 5 2
v 5 1 2
v 6 14 2
v 7 7 2
v 8 11 2
v 9 8 4
v 10 6 2
v 11 13 2
v 12 9 1
v 13 12 2
v 14 9 1
v 15 3 3
v 16 0 2
v 17 5 3
v 18 1 2
v 19 8 6
v 20 11 2
v 21 14 1
v 22 5 3
v 23 8 1
v 24 3 2
v 25 7 5
v 26 1 4
v 27 11 2
v 28 6 3
v 29 4 4
v 30 13 2
v 31 8 1
e 0 2 0
e 0 21 0
e 1 29 0
e 1 18 0
e 1 14 0
e 1 31 0
e 1 5 0
e 1 30 0
e 1 24 0
e 2 4 0
e 2 6 0
e 3 6 0
e 3 7 0
e 4 25 0
e 5 29 0
e 7 8 0
e 8 10 0
e 9 17 0
e 9 13 0
e 9 15 0
e 9 19 0
e 10 11 0
e 11 19 0
e 12 16 0
e 13 19 0
e 15 17 0
e 15 19 0
e 16 20 0
e 17 19 0
e 18 24 0
e 19 20 0
e 22 25 0
e 22 26 0
e 22 28 0
e 23 25 0
e 25 27 0
e 25 26 0
e 26 28 0
e 26 29 0
e 27 28 0
e 29 30 0
