t 24 48
v 0 8 5
v 1 6 4
v 2 13 2
v 3 7 3
v 4 13 2
v 5 8 3
v 6 8 2
v 7 0 6
v 8 5 4
v 9 6 6
v 10 0 3
v 11 3 4
v 12 12 9
v 13 9 5
v 14 6 1
v 15 5 3
v 16 14 3
v 17 6 6
v 18 10 2
v 19 4 2
v 20 11 5
v 21 0 4
v 22 1 2
v 23 4 10
e 0 16 0
e 0 7 0
e 0 9 0
e 0 11 0
e 0 23 0
e 1 3 0
e 1 5 0
e 1 7 0
e 1 10 0
e 2 4 0
e 2 12 0
e 3 5 0
e 3 10 0
e 4 12 0
e 5 6 0
e 6 7 0
e 7 10 0
e 7 9 0
e 7 23 0
e 8 23 0
e 8 20 0
e 8 12 0
e 8 18 0
e 9 11 0
e 9 12 0
e 9 17 0
e 9 23 0
e 11 16 0
e 11 23 0
e 12 17 0
e 12 13 0
e 12 21 0
e 12 14 0
e 12 20 0
e 13 21 0
e 13 17 0
e 13 20 0
e 13 23 0
e 15 22 0
e 15 19 0
e 15 18 0
e 16 23 0
e 17 21 0
e 17 20 0
e 17 23 0
e 19 22 0
e 20 23 0
e 21 23 0
