t 40 53
v 0 2 2
v 1 4 3
v 2 11 1
v 3 9 1
v 4 8 3
v 5 1 1
v 6 5 3
v 7 3 1
v 8 11 7
v 9 14 3
v 10 8 2
v 11 9 5
v 12 12 5
v 13 5 1
v 14 2 1
v 15 7 1
v 16 4 3
v 17 9 4
v 18 2 7
v 19 8 2
v 20 4 3
v 21 6 4
v 22 8 1
v 23 0 1
v 24 14 4
v 25 12 3
v 26 8 3
v 27 14 1
v 28 11 2
v 29 8 3
v 30 10 2
v 31 10 1
v 32 4 2
v 33 9 3
v 34 4 4
v 35 3 2
v 36 6 3
v 37 11 2
v 38 3 2
v 39 3 4
e 0 33 0
e 0 1 0
e 1 10 0
e 1 31 0
e 2 4 0
e 3 39 0
e 4 37 0
e 4 39 0
e 5 9 0
e 6 8 0
e 6 21 0
e 6 34 0
e 7 33 0
e 8 21 0
e 8 19 0
e 8 11 0
e 8 24 0
e 8 36 0
e 8 26 0
e 9 18 0
e 9 12 0
e 10 37 0
e 11 24 0
e 11 36 0
e 11 26 0
e 11 17 0
e 12 16 0
e 12 18 0
e 12 19 0
e 12 25 0
e 13 17 0
e 14 20 0
e 15 20 0
e 16 18 0
e 16 28 0
e 17 34 0
e 17 23 0
e 18 27 0
e 18 28 0
e 18 22 0
e 18 25 0
e 20 33 0
e 21 24 0
e 21 34 0
e 24 34 0
e 25 30 0
e 26 36 0
e 29 38 0
e 29 35 0
e 29 39 0
e 30 32 0
e 32 35 0
e 38 39 0
