t 40 59
v 0 12 2
v 1 13 2
v 2 0 2
v 3 3 4
v 4 0 4
v 5 6 4
v 6 1 1
v 7 0 6
v 8 4 2
v 9 0 5
v 10 9 5
v 11 3 7
v 12 1 4
v 13 8 1
v 14 10 2
v 15 10 2
v 16 5 2
v 17 10 3
v 18 11 5
v 19 12 2
v 20 14 2
v 21 5 2
v 22 7 4
v 23 14 9
v 24 12 4
v 25 5 2
v 26 14 2
v 27 13 3
v 28 9 2
v 29 11 3
v 30 11 3
v 31 8 1
v 32 1 1
v 33 8 2
v 34 3 2
v 35 0 2
v 36 14 2
v 37 4 2
v 38 11 3
v 39 5 2
e 0 19 0
e 0 3 0
e 1 4 0
e 1 38 0
e 2 14 0
e 2 6 0
e 3 19 0
e 3 29 0
e 3 39 0
e 4 27 0
e 4 28 0
e 4 38 0
e 5 10 0
e 5 11 0
e 5 7 0
e 5 23 0
e 7 16 0
e 7 11 0
e 7 9 0
e 7 10 0
e 7 23 0
e 8 36 0
e 8 37 0
e 9 12 0
e 9 11 0
e 9 18 0
e 9 23 0
e 10 11 0
e 10 23 0
e 10 24 0
e 11 20 0
e 11 12 0
e 11 23 0
e 12 13 0
e 12 20 0
e 14 17 0
e 15 21 0
e 15 25 0
e 16 23 0
e 17 34 0
e 17 30 0
e 18 24 0
e 18 26 0
e 18 22 0
e 18 23 0
e 21 22 0
e 22 31 0
e 22 23 0
e 23 24 0
e 24 26 0
e 25 27 0
e 27 38 0
e 28 30 0
e 29 37 0
e 29 39 0
e 30 33 0
e 32 33 0
e 34 35 0
e 35 36 0
