t 32 34
v 0 1 3
v 1 10 1
v 2 13 3
v 3 12 2
v 4 13 4
v 5 11 1
v 6 7 2
v 7 5 2
v 8 6 1
v 9 4 4
v 10 5 1
v 11 5 1
v 12 2 1
v 13 6 2
v 14 11 3
v 15 5 4
v 16 1 2
v 17 7 1
v 18 13 2
v 19 5 2
v 20 5 3
v 21 12 2
v 22 4 3
v 23 11 1
v 24 13 2
v 25 10 1
v 26 11 5
v 27 7 1
v 28 8 1
v 29 11 4
v 30 5 2
v 31 5 1
e 0 10 0
e 0 1 0
e 0 9 0
e 2 6 0
e 2 16 0
e 2 19 0
e 3 8 0
e 3 20 0
e 4 12 0
e 4 5 0
e 4 9 0
e 4 15 0
e 6 14 0
e 7 29 0
e 7 18 0
e 9 13 0
e 9 15 0
e 11 15 0
e 13 21 0
e 14 19 0
e 14 17 0
e 15 16 0
e 18 26 0
e 20 30 0
e 20 29 0
e 21 22 0
e 22 24 0
e 22 26 0
e 23 26 0
e 24 26 0
e 25 26 0
e 27 29 0
e 28 29 0
e 30 31 0
