t 40 45
v 0 4 1
v 1 14 2
v 2 2 3
v 3 13 2
v 4 14 3
v 5 4 2
v 6 11 2
v 7 7 4
v 8 2 2
v 9 2 4
v 10 8 3
v 11 1 1
v 12 4 4
v 13 14 2
v 14 13 2
v 15 9 1
v 16 10 2
v 17 6 3
v 18 3 1
v 19 4 4
v 20 5 4
v 21 4 2
v 22 13 1
v 23 11 2
v 24 1 1
v 25 3 3
v 26 4 2
v 27 1 1
v 28 1 2
v 29 6 1
v 30 0 2
v 31 14 1
v 32 6 3
v 33 9 2
v 34 11 4
v 35 11 3
v 36 7 2
v 37 2 2
v 38 2 2
v 39 10 2
e 0 1 0
e 1 21 0
e 2 37 0
e 2 28 0
e 2 29 0
e 3 23 0
e 3 30 0
e 4 39 0
e 4 18 0
e 4 33 0
e 5 25 0
e 5 13 0
e 6 7 0
e 6 25 0
e 7 31 0
e 7 8 0
e 7 25 0
e 8 9 0
e 9 19 0
e 9 12 0
e 9 34 0
e 10 20 0
e 10 35 0
e 10 36 0
e 11 39 0
e 12 33 0
e 12 19 0
e 12 14 0
e 13 16 0
e 14 34 0
e 15 17 0
e 16 21 0
e 17 38 0
e 17 34 0
e 19 27 0
e 19 34 0
e 20 22 0
e 20 26 0
e 20 36 0
e 23 28 0
e 24 32 0
e 26 32 0
e 30 38 0
e 32 35 0
e 35 37 0
