t 24 41
v 0 4 3
v 1 5 1
v 2 6 1
v 3 4 6
v 4 0 7
v 5 13 5
v 6 13 5
v 7 8 3
v 8 0 4
v 9 1 7
v 10 4 3
v 11 6 4
v 12 8 2
v 13 2 2
v 14 2 6
v 15 8 7
v 16 4 2
v 17 9 2
v 18 2 1
v 19 1 3
v 20 5 2
v 21 0 3
v 22 12 2
v 23 0 1
e 0 2 0
e 0 3 0
e 0 7 0
e 1 3 0
e 3 9 0
e 3 5 0
e 3 6 0
e 3 4 0
e 4 11 0
e 4 8 0
e 4 5 0
e 4 9 0
e 4 14 0
e 4 15 0
e 5 6 0
e 5 9 0
e 5 14 0
e 6 8 0
e 6 14 0
e 6 15 0
e 7 19 0
e 7 16 0
e 8 9 0
e 8 11 0
e 9 14 0
e 9 11 0
e 9 15 0
e 10 15 0
e 10 13 0
e 10 12 0
e 11 14 0
e 12 15 0
e 13 15 0
e 14 15 0
e 16 18 0
e 17 22 0
e 17 21 0
e 19 21 0
e 19 20 0
e 20 21 0
e 22 23 0
