t 40 47
v 0 3 2
v 1 9 1
v 2 11 2
v 3 10 1
v 4 4 3
v 5 10 2
v 6 12 8
v 7 5 2
v 8 10 2
v 9 9 4
v 10 4 2
v 11 7 2
v 12 11 2
v 13 3 2
v 14 10 2
v 15 8 1
v 16 2 3
v 17 9 3
v 18 11 3
v 19 10 2
v 20 12 2
v 21 9 2
v 22 5 2
v 23 8 2
v 24 9 1
v 25 3 1
v 26 4 2
v 27 0 1
v 28 8 4
v 29 5 5
v 30 2 1
v 31 11 6
v 32 1 1
v 33 0 2
v 34 8 2
v 35 13 2
v 36 12 3
v 37 6 1
v 38 6 3
v 39 3 2
e 0 34 0
e 0 18 0
e 1 13 0
e 2 18 0
e 2 9 0
e 3 9 0
e 4 29 0
e 4 6 0
e 4 17 0
e 5 14 0
e 5 9 0
e 6 33 0
e 6 31 0
e 6 29 0
e 6 36 0
e 6 17 0
e 6 23 0
e 6 11 0
e 7 8 0
e 7 19 0
e 8 10 0
e 9 15 0
e 10 26 0
e 11 26 0
e 12 25 0
e 12 18 0
e 13 16 0
e 14 19 0
e 16 23 0
e 16 36 0
e 17 31 0
e 20 30 0
e 20 21 0
e 21 28 0
e 22 31 0
e 22 32 0
e 24 39 0
e 27 28 0
e 28 31 0
e 28 29 0
e 29 35 0
e 29 31 0
e 31 35 0
e 33 36 0
e 34 38 0
e 37 38 0
e 38 39 0
