t 40 128
v 0 5 6
v 1 3 7
v 2 7 6
v 3 14 7
v 4 10 6
v 5 13 5
v 6 3 2
v 7 11 4
v 8 10 3
v 9 12 2
v 10 7 10
v 11 0 8
v 12 14 3
v 13 1 7
v 14 5 7
v 15 12 5
v 16 14 6
v 17 7 2
v 18 10 5
v 19 12 12
v 20 14 9
v 21 10 5
v 22 4 4
v 23 4 14
v 24 10 4
v 25 6 3
v 26 0 11
v 27 9 5
v 28 12 5
v 29 13 4
v 30 8 8
v 31 1 12
v 32 13 9
v 33 5 15
v 34 2 9
v 35 2 9
v 36 10 9
v 37 0 5
v 38 5 2
v 39 6 1
e 0 3 0
e 0 1 0
e 0 2 0
e 0 4 0
e 0 15 0
e 0 37 0
e 1 37 0
e 1 15 0
e 1 3 0
e 1 2 0
e 1 4 0
e 1 5 0
e 2 37 0
e 2 3 0
e 2 4 0
e 2 5 0
e 3 4 0
e 3 5 0
e 3 15 0
e 3 37 0
e 4 37 0
e 4 15 0
e 5 15 0
e 5 12 0
e 6 16 0
e 6 12 0
e 7 25 0
e 7 17 0
e 7 16 0
e 7 29 0
e 8 16 0
e 8 18 0
e 8 29 0
e 9 28 0
e 9 31 0
e 10 20 0
e 10 23 0
e 10 26 0
e 10 30 0
e 10 31 0
e 10 32 0
e 10 33 0
e 10 34 0
e 10 35 0
e 10 36 0
e 11 26 0
e 11 23 0
e 11 13 0
e 11 14 0
e 11 18 0
e 11 19 0
e 11 31 0
e 11 33 0
e 12 38 0
e 13 14 0
e 13 19 0
e 13 23 0
e 13 26 0
e 13 31 0
e 13 33 0
e 14 19 0
e 14 23 0
e 14 26 0
e 14 31 0
e 14 33 0
e 16 29 0
e 16 25 0
e 16 18 0
e 17 25 0
e 18 29 0
e 18 33 0
e 19 31 0
e 19 33 0
e 19 26 0
e 19 23 0
e 19 32 0
e 19 34 0
e 19 20 0
e 19 36 0
e 19 30 0
e 20 36 0
e 20 30 0
e 20 35 0
e 20 23 0
e 20 32 0
e 20 33 0
e 20 34 0
e 21 22 0
e 21 24 0
e 21 27 0
e 21 28 0
e 21 31 0
e 22 24 0
e 22 27 0
e 22 28 0
e 23 32 0
e 23 34 0
e 23 36 0
e 23 30 0
e 23 35 0
e 23 26 0
e 23 31 0
e 23 33 0
e 24 27 0
e 24 28 0
e 26 32 0
e 26 30 0
e 26 35 0
e 26 31 0
e 26 33 0
e 27 28 0
e 27 31 0
e 30 35 0
e 30 33 0
e 30 36 0
e 31 33 0
e 31 34 0
e 32 34 0
e 32 36 0
e 32 35 0
e 32 33 0
e 33 34 0
e 33 36 0
e 33 35 0
e 34 36 0
e 34 35 0
e 35 36 0
e 38 39 0
