t 24 33
v 0 7 4
v 1 12 3
v 2 11 2
v 3 4 1
v 4 14 4
v 5 12 2
v 6 11 2
v 7 11 3
v 8 11 4
v 9 9 2
v 10 13 3
v 11 4 4
v 12 4 5
v 13 13 2
v 14 12 3
v 15 4 3
v 16 8 4
v 17 3 2
v 18 2 3
v 19 11 1
v 20 0 3
v 21 0 3
v 22 7 2
v 23 4 1
e 0 1 0
e 0 3 0
e 0 13 0
e 0 18 0
e 1 13 0
e 1 11 0
e 2 16 0
e 2 17 0
e 4 7 0
e 4 8 0
e 4 10 0
e 4 12 0
e 5 16 0
e 5 15 0
e 6 20 0
e 6 21 0
e 7 10 0
e 7 12 0
e 8 10 0
e 8 12 0
e 8 14 0
e 9 16 0
e 9 15 0
e 11 12 0
e 11 14 0
e 11 17 0
e 12 14 0
e 15 16 0
e 18 19 0
e 18 20 0
e 20 21 0
e 21 22 0
e 22 23 0
