t 40 46
v 0 8 2
v 1 0 1
v 2 14 3
v 3 10 2
v 4 8 1
v 5 12 1
v 6 1 2
v 7 13 2
v 8 2 2
v 9 1 2
v 10 5 1
v 11 14 2
v 12 14 3
v 13 4 2
v 14 8 1
v 15 10 3
v 16 6 2
v 17 13 4
v 18 9 1
v 19 14 2
v 20 0 2
v 21 0 3
v 22 0 7
v 23 8 2
v 24 9 2
v 25 0 2
v 26 7 1
v 27 5 4
v 28 5 1
v 29 5 4
v 30 10 3
v 31 6 4
v 32 0 3
v 33 14 1
v 34 12 2
v 35 3 1
v 36 14 3
v 37 13 4
v 38 8 1
v 39 7 3
e 0 23 0
e 0 27 0
e 1 16 0
e 2 20 0
e 2 3 0
e 2 29 0
e 3 18 0
e 4 7 0
e 5 12 0
e 6 12 0
e 6 32 0
e 7 9 0
e 8 37 0
e 8 22 0
e 9 32 0
e 10 24 0
e 11 15 0
e 11 32 0
e 12 20 0
e 13 14 0
e 13 22 0
e 15 35 0
e 15 31 0
e 16 21 0
e 17 25 0
e 17 21 0
e 17 24 0
e 17 31 0
e 19 22 0
e 19 31 0
e 21 25 0
e 22 36 0
e 22 30 0
e 22 37 0
e 22 33 0
e 23 29 0
e 26 31 0
e 27 38 0
e 27 29 0
e 27 39 0
e 28 34 0
e 29 39 0
e 30 37 0
e 30 36 0
e 34 39 0
e 36 37 0
