t 24 33
v 0 3 2
v 1 5 3
v 2 9 1
v 3 7 3
v 4 8 2
v 5 4 3
v 6 3 1
v 7 8 2
v 8 5 3
v 9 1 3
v 10 6 2
v 11 3 1
v 12 2 5
v 13 5 4
v 14 13 3
v 15 13 3
v 16 5 7
v 17 13 3
v 18 5 2
v 19 7 3
v 20 11 3
v 21 8 3
v 22 8 2
v 23 2 2
e 0 1 0
e 0 20 0
e 1 18 0
e 1 20 0
e 2 3 0
e 3 4 0
e 3 18 0
e 4 21 0
e 5 15 0
e 5 12 0
e 5 13 0
e 6 21 0
e 7 21 0
e 7 16 0
e 8 16 0
e 8 19 0
e 8 22 0
e 9 10 0
e 9 12 0
e 9 20 0
e 10 12 0
e 11 13 0
e 12 15 0
e 12 13 0
e 13 15 0
e 14 17 0
e 14 19 0
e 14 16 0
e 16 22 0
e 16 19 0
e 16 17 0
e 16 23 0
e 17 23 0
