t 40 49
v 0 2 1
v 1 1 1
v 2 1 3
v 3 12 4
v 4 8 2
v 5 8 3
v 6 10 2
v 7 12 2
v 8 7 4
v 9 4 2
v 10 9 2
v 11 8 2
v 12 8 1
v 13 2 2
v 14 11 1
v 15 4 4
v 16 0 2
v 17 7 2
v 18 8 3
v 19 7 2
v 20 11 1
v 21 7 3
v 22 8 2
v 23 2 1
v 24 8 3
v 25 12 2
v 26 5 4
v 27 2 6
v 28 5 1
v 29 13 1
v 30 14 3
v 31 1 4
v 32 5 3
v 33 9 3
v 34 10 3
v 35 2 4
v 36 7 2
v 37 6 3
v 38 4 2
v 39 9 2
e 0 37 0
e 1 5 0
e 2 38 0
e 2 37 0
e 2 34 0
e 3 10 0
e 3 7 0
e 3 8 0
e 3 6 0
e 4 34 0
e 4 5 0
e 5 6 0
e 7 8 0
e 8 9 0
e 8 10 0
e 9 11 0
e 11 35 0
e 12 15 0
e 13 21 0
e 13 18 0
e 14 15 0
e 15 17 0
e 15 31 0
e 16 27 0
e 16 18 0
e 17 31 0
e 18 24 0
e 19 36 0
e 19 33 0
e 20 35 0
e 21 22 0
e 21 24 0
e 22 24 0
e 23 35 0
e 25 26 0
e 25 27 0
e 26 27 0
e 26 30 0
e 26 32 0
e 27 32 0
e 27 28 0
e 27 33 0
e 29 39 0
e 30 32 0
e 30 33 0
e 31 36 0
e 31 35 0
e 34 37 0
e 38 39 0
