t 40 47
v 0 9 3
v 1 14 1
v 2 0 3
v 3 4 4
v 4 9 3
v 5 12 1
v 6 14 2
v 7 10 2
v 8 9 2
v 9 9 3
v 10 8 1
v 11 8 1
v 12 6 2
v 13 13 2
v 14 4 1
v 15 3 2
v 16 2 2
v 17 13 2
v 18 11 1
v 19 14 3
v 20 13 3
v 21 2 2
v 22 1 3
v 23 14 2
v 24 8 2
v 25 1 6
v 26 12 2
v 27 14 1
v 28 5 5
v 29 9 2
v 30 4 2
v 31 3 4
v 32 14 2
v 33 0 1
v 34 13 3
v 35 9 2
v 36 4 4
v 37 11 2
v 38 11 4
v 39 5 1
e 0 38 0
e 0 1 0
e 0 3 0
e 2 36 0
e 2 22 0
e 2 29 0
e 3 6 0
e 3 33 0
e 3 9 0
e 4 17 0
e 4 16 0
e 4 25 0
e 5 38 0
e 6 23 0
e 7 26 0
e 7 37 0
e 8 36 0
e 8 30 0
e 9 23 0
e 9 31 0
e 10 31 0
e 11 31 0
e 12 13 0
e 12 31 0
e 13 16 0
e 14 28 0
e 15 32 0
e 15 28 0
e 17 25 0
e 18 28 0
e 19 20 0
e 19 25 0
e 19 34 0
e 20 25 0
e 20 34 0
e 21 24 0
e 21 25 0
e 22 36 0
e 22 28 0
e 24 37 0
e 25 34 0
e 26 35 0
e 27 38 0
e 28 32 0
e 29 35 0
e 30 36 0
e 38 39 0
