t 32 36
v 0 0 2
v 1 7 2
v 2 1 2
v 3 6 2
v 4 8 2
v 5 7 4
v 6 2 2
v 7 9 2
v 8 14 2
v 9 14 2
v 10 4 2
v 11 6 2
v 12 9 2
v 13 1 2
v 14 7 3
v 15 1 1
v 16 2 2
v 17 3 3
v 18 3 1
v 19 8 2
v 20 5 3
v 21 12 2
v 22 13 2
v 23 10 3
v 24 1 2
v 25 0 3
v 26 6 4
v 27 11 1
v 28 14 3
v 29 4 2
v 30 4 3
v 31 4 2
e 0 9 0
e 0 22 0
e 1 24 0
e 1 5 0
e 2 8 0
e 2 30 0
e 3 10 0
e 3 4 0
e 4 7 0
e 5 23 0
e 5 25 0
e 5 26 0
e 6 13 0
e 6 10 0
e 7 11 0
e 8 29 0
e 9 13 0
e 11 14 0
e 12 31 0
e 12 30 0
e 14 15 0
e 14 19 0
e 16 17 0
e 16 20 0
e 17 18 0
e 17 20 0
e 19 20 0
e 21 27 0
e 21 28 0
e 22 23 0
e 23 26 0
e 24 25 0
e 25 26 0
e 26 28 0
e 28 29 0
e 30 31 0
