t 24 40
v 0 7 3
v 1 9 3
v 2 6 5
v 3 7 2
v 4 11 4
v 5 9 4
v 6 5 4
v 7 3 2
v 8 5 7
v 9 6 3
v 10 12 4
v 11 10 3
v 12 10 2
v 13 2 1
v 14 7 3
v 15 8 8
v 16 4 2
v 17 13 4
v 18 8 2
v 19 6 2
v 20 5 4
v 21 13 2
v 22 13 3
v 23 2 3
e 0 19 0
e 0 1 0
e 0 7 0
e 1 7 0
e 1 2 0
e 2 4 0
e 2 10 0
e 2 5 0
e 2 8 0
e 3 21 0
e 3 20 0
e 4 5 0
e 4 10 0
e 4 8 0
e 5 8 0
e 5 10 0
e 6 11 0
e 6 9 0
e 6 15 0
e 6 17 0
e 8 17 0
e 8 10 0
e 8 9 0
e 8 15 0
e 9 15 0
e 11 12 0
e 11 15 0
e 12 15 0
e 13 23 0
e 14 16 0
e 14 15 0
e 14 17 0
e 15 17 0
e 15 16 0
e 18 19 0
e 18 20 0
e 20 22 0
e 20 23 0
e 21 22 0
e 22 23 0
