t 40 42
v 0 7 3
v 1 9 1
v 2 14 2
v 3 1 2
v 4 5 4
v 5 3 2
v 6 2 1
v 7 1 1
v 8 8 2
v 9 14 2
v 10 11 3
v 11 14 2
v 12 11 1
v 13 2 2
v 14 5 3
v 15 8 3
v 16 1 2
v 17 4 2
v 18 0 5
v 19 8 1
v 20 11 2
v 21 7 2
v 22 9 1
v 23 2 4
v 24 3 2
v 25 9 1
v 26 6 3
v 27 13 2
v 28 14 2
v 29 10 2
v 30 0 2
v 31 13 3
v 32 11 2
v 33 14 2
v 34 11 2
v 35 10 2
v 36 13 2
v 37 2 2
v 38 1 1
v 39 5 1
e 0 5 0
e 0 14 0
e 0 3 0
e 1 3 0
e 2 11 0
e 2 15 0
e 4 27 0
e 4 26 0
e 4 30 0
e 4 31 0
e 5 10 0
e 6 10 0
e 7 24 0
e 8 15 0
e 8 16 0
e 9 14 0
e 9 23 0
e 10 29 0
e 11 29 0
e 12 15 0
e 13 24 0
e 13 26 0
e 14 23 0
e 16 17 0
e 17 18 0
e 18 20 0
e 18 32 0
e 18 22 0
e 18 25 0
e 19 20 0
e 21 28 0
e 21 31 0
e 23 39 0
e 23 38 0
e 26 27 0
e 28 34 0
e 30 31 0
e 32 36 0
e 33 35 0
e 33 34 0
e 35 37 0
e 36 37 0
