t 40 58
v 0 4 2
v 1 9 4
v 2 13 4
v 3 9 2
v 4 11 5
v 5 12 2
v 6 4 3
v 7 2 2
v 8 14 3
v 9 13 8
v 10 6 3
v 11 6 3
v 12 10 3
v 13 6 2
v 14 9 3
v 15 6 3
v 16 0 2
v 17 4 1
v 18 10 2
v 19 6 3
v 20 4 3
v 21 6 3
v 22 1 1
v 23 12 2
v 24 11 2
v 25 8 4
v 26 4 2
v 27 7 3
v 28 0 1
v 29 1 3
v 30 12 4
v 31 2 1
v 32 11 8
v 33 13 2
v 34 13 1
v 35 8 5
v 36 7 3
v 37 5 4
v 38 1 2
v 39 10 2
e 0 23 0
e 0 32 0
e 1 14 0
e 1 25 0
e 1 2 0
e 1 32 0
e 2 25 0
e 2 32 0
e 2 39 0
e 3 26 0
e 3 32 0
e 4 30 0
e 4 36 0
e 4 12 0
e 4 28 0
e 4 39 0
e 5 11 0
e 5 13 0
e 6 33 0
e 6 7 0
e 6 35 0
e 7 11 0
e 8 30 0
e 8 35 0
e 8 37 0
e 9 20 0
e 9 13 0
e 9 21 0
e 9 18 0
e 9 11 0
e 9 15 0
e 9 29 0
e 9 27 0
e 10 24 0
e 10 16 0
e 10 29 0
e 12 30 0
e 12 36 0
e 14 25 0
e 14 32 0
e 15 20 0
e 15 21 0
e 16 24 0
e 17 18 0
e 19 35 0
e 19 37 0
e 19 38 0
e 20 21 0
e 22 35 0
e 23 32 0
e 25 32 0
e 26 32 0
e 27 31 0
e 27 29 0
e 30 36 0
e 33 34 0
e 35 37 0
e 37 38 0
