t 40 62
v 0 12 3
v 1 11 2
v 2 1 3
v 3 9 2
v 4 12 2
v 5 13 2
v 6 6 2
v 7 9 3
v 8 12 8
v 9 7 4
v 10 11 6
v 11 2 2
v 12 3 1
v 13 12 1
v 14 2 4
v 15 3 2
v 16 4 3
v 17 3 3
v 18 7 2
v 19 9 3
v 20 12 4
v 21 7 2
v 22 6 1
v 23 5 13
v 24 0 2
v 25 3 3
v 26 4 3
v 27 12 5
v 28 4 2
v 29 10 3
v 30 9 2
v 31 1 3
v 32 1 2
v 33 2 4
v 34 2 4
v 35 13 2
v 36 4 2
v 37 0 2
v 38 13 4
v 39 14 3
e 0 39 0
e 0 2 0
e 0 11 0
e 1 16 0
e 1 39 0
e 2 26 0
e 2 11 0
e 3 7 0
e 3 26 0
e 4 7 0
e 4 15 0
e 5 19 0
e 5 25 0
e 6 28 0
e 6 8 0
e 7 26 0
e 8 20 0
e 8 10 0
e 8 9 0
e 8 35 0
e 8 14 0
e 8 17 0
e 8 23 0
e 9 10 0
e 9 20 0
e 9 23 0
e 10 14 0
e 10 17 0
e 10 20 0
e 10 23 0
e 12 23 0
e 13 16 0
e 14 17 0
e 14 23 0
e 15 30 0
e 16 39 0
e 18 37 0
e 18 30 0
e 19 24 0
e 19 27 0
e 20 23 0
e 21 29 0
e 21 27 0
e 22 25 0
e 23 33 0
e 23 32 0
e 23 35 0
e 23 38 0
e 23 34 0
e 23 31 0
e 23 27 0
e 24 25 0
e 27 31 0
e 27 29 0
e 28 37 0
e 29 31 0
e 32 33 0
e 33 38 0
e 33 34 0
e 34 36 0
e 34 38 0
e 36 38 0
