t 32 34
v 0 3 4
v 1 8 2
v 2 10 2
v 3 0 1
v 4 14 2
v 5 2 2
v 6 1 2
v 7 13 3
v 8 12 1
v 9 6 1
v 10 5 2
v 11 4 1
v 12 5 4
v 13 5 1
v 14 8 2
v 15 8 3
v 16 1 5
v 17 4 3
v 18 5 3
v 19 3 1
v 20 10 1
v 21 10 2
v 22 11 1
v 23 0 1
v 24 8 1
v 25 5 4
v 26 3 2
v 27 3 2
v 28 9 3
v 29 3 2
v 30 4 1
v 31 0 3
e 0 10 0
e 0 16 0
e 0 20 0
e 0 31 0
e 1 2 0
e 1 10 0
e 2 6 0
e 3 15 0
e 4 9 0
e 4 12 0
e 5 17 0
e 5 18 0
e 6 15 0
e 7 22 0
e 7 8 0
e 7 16 0
e 11 21 0
e 12 19 0
e 12 21 0
e 12 18 0
e 13 25 0
e 14 28 0
e 14 31 0
e 15 17 0
e 16 24 0
e 16 23 0
e 16 31 0
e 17 18 0
e 25 26 0
e 25 27 0
e 25 28 0
e 26 27 0
e 28 29 0
e 29 30 0
