t 40 53
v 0 12 2
v 1 8 2
v 2 13 2
v 3 14 1
v 4 1 2
v 5 0 2
v 6 14 3
v 7 2 3
v 8 4 1
v 9 5 2
v 10 12 2
v 11 2 3
v 12 4 3
v 13 9 2
v 14 10 7
v 15 6 4
v 16 1 4
v 17 8 5
v 18 13 2
v 19 12 2
v 20 9 1
v 21 4 3
v 22 0 2
v 23 5 3
v 24 5 3
v 25 8 3
v 26 10 3
v 27 5 2
v 28 10 6
v 29 1 3
v 30 6 2
v 31 5 2
v 32 6 2
v 33 9 2
v 34 3 4
v 35 10 2
v 36 10 3
v 37 9 2
v 38 7 3
v 39 5 1
e 0 1 0
e 0 34 0
e 1 18 0
e 2 19 0
e 2 18 0
e 3 26 0
e 4 31 0
e 4 28 0
e 5 6 0
e 5 28 0
e 6 7 0
e 6 28 0
e 7 12 0
e 7 28 0
e 8 23 0
e 9 12 0
e 9 21 0
e 10 16 0
e 10 17 0
e 11 24 0
e 11 13 0
e 11 23 0
e 12 21 0
e 13 36 0
e 14 36 0
e 14 15 0
e 14 25 0
e 14 16 0
e 14 17 0
e 14 22 0
e 14 26 0
e 15 25 0
e 15 16 0
e 15 17 0
e 16 17 0
e 17 25 0
e 19 28 0
e 20 35 0
e 21 24 0
e 22 36 0
e 23 24 0
e 26 33 0
e 27 30 0
e 27 32 0
e 28 31 0
e 29 37 0
e 29 34 0
e 29 38 0
e 30 35 0
e 32 33 0
e 34 37 0
e 34 38 0
e 38 39 0
