t 32 34
v 0 2 2
v 1 12 1
v 2 9 2
v 3 4 2
v 4 4 3
v 5 13 2
v 6 7 1
v 7 4 3
v 8 0 1
v 9 2 1
v 10 12 3
v 11 4 3
v 12 2 2
v 13 5 4
v 14 7 2
v 15 1 3
v 16 12 1
v 17 5 3
v 18 4 2
v 19 9 2
v 20 6 3
v 21 7 2
v 22 1 2
v 23 2 2
v 24 0 2
v 25 5 2
v 26 10 2
v 27 13 2
v 28 0 2
v 29 0 2
v 30 1 2
v 31 3 2
e 0 3 0
e 0 5 0
e 1 19 0
e 2 12 0
e 2 13 0
e 3 21 0
e 4 15 0
e 4 19 0
e 4 13 0
e 5 12 0
e 6 20 0
e 7 15 0
e 7 13 0
e 7 20 0
e 8 31 0
e 9 11 0
e 10 26 0
e 10 16 0
e 10 24 0
e 11 17 0
e 11 14 0
e 13 15 0
e 14 17 0
e 17 20 0
e 18 25 0
e 18 24 0
e 21 22 0
e 22 23 0
e 23 25 0
e 26 27 0
e 27 28 0
e 28 29 0
e 29 30 0
e 30 31 0
