t 32 41
v 0 11 5
v 1 8 2
v 2 2 5
v 3 7 2
v 4 0 1
v 5 11 1
v 6 2 2
v 7 10 2
v 8 5 2
v 9 4 3
v 10 2 6
v 11 11 4
v 12 14 3
v 13 14 3
v 14 11 3
v 15 8 2
v 16 3 3
v 17 13 3
v 18 2 2
v 19 11 2
v 20 14 3
v 21 13 1
v 22 13 2
v 23 4 2
v 24 1 5
v 25 14 2
v 26 12 2
v 27 4 2
v 28 7 2
v 29 10 2
v 30 14 1
v 31 12 2
e 0 21 0
e 0 1 0
e 0 23 0
e 0 12 0
e 0 24 0
e 1 2 0
e 2 17 0
e 2 24 0
e 2 20 0
e 2 3 0
e 3 24 0
e 4 15 0
e 5 9 0
e 6 9 0
e 6 10 0
e 7 8 0
e 7 10 0
e 8 10 0
e 9 19 0
e 10 11 0
e 10 16 0
e 10 14 0
e 11 16 0
e 11 14 0
e 11 15 0
e 12 23 0
e 12 24 0
e 13 22 0
e 13 29 0
e 13 19 0
e 14 16 0
e 17 25 0
e 17 20 0
e 18 22 0
e 18 28 0
e 20 24 0
e 25 26 0
e 26 28 0
e 27 31 0
e 27 29 0
e 30 31 0
