t 40 116
v 0 11 2
v 1 5 2
v 2 5 2
v 3 2 12
v 4 0 5
v 5 10 9
v 6 7 2
v 7 2 4
v 8 0 2
v 9 4 13
v 10 11 10
v 11 12 1
v 12 2 12
v 13 13 10
v 14 7 11
v 15 4 2
v 16 3 15
v 17 10 1
v 18 3 10
v 19 7 2
v 20 6 2
v 21 2 4
v 22 9 5
v 23 13 3
v 24 4 11
v 25 12 2
v 26 3 2
v 27 12 3
v 28 5 2
v 29 2 3
v 30 4 4
v 31 1 14
v 32 9 4
v 33 9 12
v 34 8 3
v 35 2 11
v 36 1 14
v 37 14 2
v 38 3 2
v 39 9 2
e 0 6 0
e 0 20 0
e 1 6 0
e 1 30 0
e 2 22 0
e 2 30 0
e 3 10 0
e 3 13 0
e 3 9 0
e 3 12 0
e 3 14 0
e 3 16 0
e 3 18 0
e 3 24 0
e 3 31 0
e 3 33 0
e 3 35 0
e 3 36 0
e 4 31 0
e 4 33 0
e 4 5 0
e 4 16 0
e 4 34 0
e 5 36 0
e 5 31 0
e 5 9 0
e 5 14 0
e 5 32 0
e 5 7 0
e 5 16 0
e 5 22 0
e 7 16 0
e 7 32 0
e 7 36 0
e 8 22 0
e 8 30 0
e 9 14 0
e 9 24 0
e 9 12 0
e 9 10 0
e 9 18 0
e 9 13 0
e 9 16 0
e 9 31 0
e 9 33 0
e 9 35 0
e 9 36 0
e 10 11 0
e 10 12 0
e 10 14 0
e 10 16 0
e 10 18 0
e 10 31 0
e 10 35 0
e 10 36 0
e 12 13 0
e 12 14 0
e 12 16 0
e 12 18 0
e 12 24 0
e 12 31 0
e 12 33 0
e 12 35 0
e 12 36 0
e 13 14 0
e 13 16 0
e 13 18 0
e 13 24 0
e 13 31 0
e 13 33 0
e 13 36 0
e 14 24 0
e 14 31 0
e 14 33 0
e 14 35 0
e 14 36 0
e 15 28 0
e 15 37 0
e 16 36 0
e 16 31 0
e 16 33 0
e 16 32 0
e 16 24 0
e 16 18 0
e 16 34 0
e 17 39 0
e 18 24 0
e 18 31 0
e 18 33 0
e 18 35 0
e 19 25 0
e 19 26 0
e 20 28 0
e 21 23 0
e 21 25 0
e 21 27 0
e 21 29 0
e 22 30 0
e 22 34 0
e 23 27 0
e 23 29 0
e 24 31 0
e 24 33 0
e 24 35 0
e 24 36 0
e 26 35 0
e 27 29 0
e 31 33 0
e 31 35 0
e 31 36 0
e 32 36 0
e 33 35 0
e 33 36 0
e 35 36 0
e 37 38 0
e 38 39 0
