t 32 62
v 0 10 2
v 1 6 6
v 2 8 1
v 3 7 4
v 4 4 2
v 5 1 2
v 6 7 6
v 7 9 2
v 8 0 4
v 9 0 2
v 10 1 2
v 11 14 6
v 12 4 9
v 13 11 3
v 14 14 5
v 15 3 5
v 16 1 5
v 17 11 1
v 18 9 3
v 19 10 1
v 20 4 3
v 21 5 3
v 22 14 2
v 23 4 6
v 24 13 9
v 25 8 6
v 26 6 6
v 27 6 6
v 28 12 3
v 29 12 3
v 30 6 4
v 31 10 2
e 0 14 0
e 0 3 0
e 1 21 0
e 1 15 0
e 1 22 0
e 1 14 0
e 1 23 0
e 1 24 0
e 2 9 0
e 3 14 0
e 3 9 0
e 3 4 0
e 4 5 0
e 5 7 0
e 6 26 0
e 6 11 0
e 6 12 0
e 6 24 0
e 6 25 0
e 6 27 0
e 7 8 0
e 8 20 0
e 8 18 0
e 8 16 0
e 10 13 0
e 10 16 0
e 11 27 0
e 11 26 0
e 11 12 0
e 11 24 0
e 11 25 0
e 12 28 0
e 12 29 0
e 12 27 0
e 12 25 0
e 12 26 0
e 12 24 0
e 12 30 0
e 13 19 0
e 13 16 0
e 14 23 0
e 14 15 0
e 15 21 0
e 15 23 0
e 15 24 0
e 16 20 0
e 16 18 0
e 17 31 0
e 18 20 0
e 21 23 0
e 22 23 0
e 23 24 0
e 24 27 0
e 24 26 0
e 24 25 0
e 25 27 0
e 25 26 0
e 26 27 0
e 28 29 0
e 28 30 0
e 29 30 0
e 30 31 0
