t 40 49
v 0 5 2
v 1 14 2
v 2 8 4
v 3 3 2
v 4 1 2
v 5 7 2
v 6 9 2
v 7 8 5
v 8 14 2
v 9 5 6
v 10 0 2
v 11 4 2
v 12 13 2
v 13 14 2
v 14 6 2
v 15 1 1
v 16 2 2
v 17 11 2
v 18 3 3
v 19 6 1
v 20 3 2
v 21 4 5
v 22 7 2
v 23 11 2
v 24 9 4
v 25 7 2
v 26 10 2
v 27 4 5
v 28 5 5
v 29 6 2
v 30 2 1
v 31 0 1
v 32 5 2
v 33 13 2
v 34 0 1
v 35 5 2
v 36 7 2
v 37 10 4
v 38 1 2
v 39 1 2
e 0 12 0
e 0 38 0
e 1 24 0
e 1 39 0
e 2 27 0
e 2 7 0
e 2 9 0
e 2 28 0
e 3 14 0
e 3 4 0
e 4 38 0
e 5 8 0
e 5 11 0
e 6 23 0
e 6 29 0
e 7 27 0
e 7 9 0
e 7 21 0
e 7 28 0
e 8 26 0
e 9 11 0
e 9 21 0
e 9 28 0
e 9 27 0
e 10 16 0
e 10 17 0
e 12 23 0
e 13 18 0
e 13 26 0
e 14 17 0
e 15 18 0
e 16 19 0
e 18 25 0
e 20 31 0
e 20 21 0
e 21 28 0
e 21 27 0
e 22 24 0
e 22 33 0
e 24 36 0
e 24 39 0
e 25 37 0
e 27 28 0
e 29 35 0
e 30 37 0
e 32 33 0
e 32 35 0
e 34 37 0
e 36 37 0
