t 32 33
v 0 11 2
v 1 12 2
v 2 2 2
v 3 4 2
v 4 7 3
v 5 7 1
v 6 14 2
v 7 1 3
v 8 2 1
v 9 11 1
v 10 1 2
v 11 14 1
v 12 11 3
v 13 12 3
v 14 5 1
v 15 9 1
v 16 2 4
v 17 6 2
v 18 11 3
v 19 6 1
v 20 11 2
v 21 1 3
v 22 9 2
v 23 14 2
v 24 1 2
v 25 10 3
v 26 9 1
v 27 9 6
v 28 4 2
v 29 6 1
v 30 13 1
v 31 5 1
e 0 1 0
e 0 6 0
e 1 3 0
e 2 27 0
e 2 22 0
e 3 4 0
e 4 16 0
e 4 7 0
e 5 7 0
e 6 21 0
e 7 16 0
e 8 16 0
e 9 21 0
e 10 12 0
e 10 16 0
e 11 12 0
e 12 20 0
e 13 18 0
e 13 20 0
e 13 17 0
e 14 18 0
e 15 27 0
e 17 18 0
e 19 23 0
e 21 22 0
e 23 24 0
e 24 27 0
e 25 31 0
e 25 26 0
e 25 27 0
e 27 29 0
e 27 28 0
e 28 30 0
