t 40 52
v 0 14 3
v 1 12 3
v 2 4 2
v 3 8 2
v 4 8 2
v 5 14 3
v 6 9 2
v 7 4 2
v 8 0 3
v 9 13 1
v 10 12 2
v 11 9 4
v 12 3 2
v 13 11 4
v 14 5 2
v 15 4 3
v 16 0 3
v 17 3 1
v 18 5 2
v 19 5 1
v 20 2 2
v 21 1 6
v 22 3 5
v 23 0 2
v 24 1 2
v 25 0 2
v 26 2 3
v 27 4 2
v 28 0 1
v 29 6 5
v 30 9 2
v 31 12 1
v 32 2 4
v 33 10 2
v 34 10 1
v 35 1 5
v 36 3 3
v 37 6 3
v 38 7 1
v 39 14 5
e 0 18 0
e 0 37 0
e 0 1 0
e 1 2 0
e 1 3 0
e 2 9 0
e 3 5 0
e 4 16 0
e 4 36 0
e 5 20 0
e 5 39 0
e 6 7 0
e 6 39 0
e 7 39 0
e 8 10 0
e 8 13 0
e 8 27 0
e 10 13 0
e 11 16 0
e 11 17 0
e 11 15 0
e 11 19 0
e 12 14 0
e 12 33 0
e 13 28 0
e 13 15 0
e 14 24 0
e 15 34 0
e 16 36 0
e 18 37 0
e 20 39 0
e 21 32 0
e 21 30 0
e 21 29 0
e 21 35 0
e 21 26 0
e 21 22 0
e 22 23 0
e 22 25 0
e 22 26 0
e 22 35 0
e 23 25 0
e 24 32 0
e 26 35 0
e 27 39 0
e 29 30 0
e 29 32 0
e 29 31 0
e 29 35 0
e 32 35 0
e 33 36 0
e 37 38 0
