t 40 62
v 0 3 1
v 1 8 1
v 2 8 5
v 3 6 4
v 4 2 1
v 5 10 2
v 6 8 2
v 7 4 3
v 8 9 3
v 9 5 4
v 10 1 2
v 11 10 2
v 12 13 2
v 13 6 3
v 14 9 2
v 15 2 4
v 16 3 2
v 17 6 2
v 18 9 5
v 19 6 5
v 20 11 2
v 21 12 4
v 22 4 5
v 23 4 3
v 24 11 4
v 25 0 5
v 26 14 7
v 27 12 1
v 28 3 10
v 29 7 2
v 30 3 3
v 31 0 2
v 32 7 5
v 33 10 4
v 34 3 3
v 35 11 1
v 36 5 2
v 37 14 1
v 38 6 4
v 39 14 1
e 0 30 0
e 1 30 0
e 2 9 0
e 2 8 0
e 2 4 0
e 2 7 0
e 2 20 0
e 3 37 0
e 3 27 0
e 3 14 0
e 3 32 0
e 5 15 0
e 5 6 0
e 6 17 0
e 7 8 0
e 7 9 0
e 8 9 0
e 9 12 0
e 10 15 0
e 10 20 0
e 11 38 0
e 11 17 0
e 12 14 0
e 13 22 0
e 13 25 0
e 13 28 0
e 15 35 0
e 15 30 0
e 16 18 0
e 16 28 0
e 18 23 0
e 18 24 0
e 18 22 0
e 18 28 0
e 19 21 0
e 19 26 0
e 19 28 0
e 19 33 0
e 19 34 0
e 21 26 0
e 21 28 0
e 21 32 0
e 22 23 0
e 22 24 0
e 22 25 0
e 23 25 0
e 24 25 0
e 24 28 0
e 25 28 0
e 26 28 0
e 26 31 0
e 26 32 0
e 26 33 0
e 26 34 0
e 28 34 0
e 28 32 0
e 29 36 0
e 29 38 0
e 31 33 0
e 32 33 0
e 36 38 0
e 38 39 0
