t 32 38
v 0 2 2
v 1 11 3
v 2 4 2
v 3 12 3
v 4 10 2
v 5 4 2
v 6 6 1
v 7 8 3
v 8 11 3
v 9 5 3
v 10 1 4
v 11 10 2
v 12 6 3
v 13 3 3
v 14 13 1
v 15 6 1
v 16 13 2
v 17 1 2
v 18 12 1
v 19 14 2
v 20 4 1
v 21 12 2
v 22 12 3
v 23 9 2
v 24 1 2
v 25 12 2
v 26 2 4
v 27 3 2
v 28 3 2
v 29 2 5
v 30 6 2
v 31 2 4
e 0 2 0
e 0 25 0
e 1 13 0
e 1 10 0
e 1 26 0
e 2 27 0
e 3 4 0
e 3 28 0
e 3 6 0
e 4 7 0
e 5 7 0
e 5 8 0
e 7 8 0
e 8 30 0
e 9 25 0
e 9 21 0
e 9 24 0
e 10 14 0
e 10 13 0
e 10 26 0
e 11 23 0
e 11 21 0
e 12 22 0
e 12 29 0
e 12 31 0
e 13 26 0
e 15 29 0
e 16 17 0
e 16 23 0
e 17 29 0
e 18 24 0
e 19 20 0
e 19 31 0
e 22 29 0
e 22 31 0
e 26 30 0
e 27 28 0
e 29 31 0
