t 32 60
v 0 9 1
v 1 10 3
v 2 13 8
v 3 14 1
v 4 11 7
v 5 12 3
v 6 3 6
v 7 14 6
v 8 9 6
v 9 4 1
v 10 10 2
v 11 9 5
v 12 8 6
v 13 5 2
v 14 10 1
v 15 10 8
v 16 11 3
v 17 10 3
v 18 1 7
v 19 6 1
v 20 3 8
v 21 9 2
v 22 13 7
v 23 8 2
v 24 9 3
v 25 3 2
v 26 4 1
v 27 3 5
v 28 2 2
v 29 14 4
v 30 9 3
v 31 11 1
e 0 1 0
e 1 2 0
e 1 21 0
e 2 4 0
e 2 12 0
e 2 15 0
e 2 6 0
e 2 8 0
e 2 11 0
e 2 20 0
e 3 15 0
e 4 12 0
e 4 15 0
e 4 6 0
e 4 8 0
e 4 11 0
e 4 20 0
e 5 27 0
e 5 18 0
e 5 22 0
e 6 12 0
e 6 15 0
e 6 20 0
e 6 8 0
e 7 22 0
e 7 29 0
e 7 27 0
e 7 28 0
e 7 30 0
e 7 18 0
e 8 10 0
e 8 11 0
e 8 20 0
e 9 18 0
e 10 15 0
e 11 12 0
e 11 15 0
e 12 15 0
e 12 20 0
e 13 31 0
e 13 22 0
e 14 16 0
e 15 20 0
e 16 17 0
e 16 20 0
e 17 19 0
e 17 20 0
e 18 22 0
e 18 27 0
e 18 29 0
e 18 30 0
e 21 23 0
e 22 29 0
e 22 27 0
e 22 30 0
e 23 24 0
e 24 25 0
e 24 28 0
e 25 26 0
e 27 29 0
