t 32 48
v 0 0 4
v 1 9 4
v 2 10 5
v 3 12 1
v 4 0 2
v 5 6 7
v 6 11 4
v 7 9 3
v 8 5 5
v 9 5 2
v 10 10 2
v 11 6 2
v 12 2 2
v 13 8 3
v 14 4 4
v 15 3 2
v 16 1 3
v 17 4 1
v 18 14 2
v 19 8 3
v 20 5 3
v 21 4 3
v 22 7 7
v 23 9 2
v 24 1 1
v 25 14 2
v 26 0 6
v 27 4 4
v 28 8 3
v 29 14 1
v 30 4 2
v 31 5 1
e 0 2 0
e 0 1 0
e 0 19 0
e 0 26 0
e 1 2 0
e 1 11 0
e 1 26 0
e 2 19 0
e 2 25 0
e 2 26 0
e 3 27 0
e 4 5 0
e 4 21 0
e 5 8 0
e 5 14 0
e 5 7 0
e 5 21 0
e 5 6 0
e 5 22 0
e 6 8 0
e 6 14 0
e 6 22 0
e 7 8 0
e 7 22 0
e 8 14 0
e 8 22 0
e 9 30 0
e 9 13 0
e 10 20 0
e 10 23 0
e 11 21 0
e 12 13 0
e 12 27 0
e 13 15 0
e 14 22 0
e 15 29 0
e 16 20 0
e 16 18 0
e 16 22 0
e 17 28 0
e 18 22 0
e 19 26 0
e 20 23 0
e 24 28 0
e 25 26 0
e 26 27 0
e 27 28 0
e 30 31 0
