t 40 52
v 0 13 3
v 1 12 4
v 2 2 4
v 3 13 4
v 4 10 2
v 5 2 1
v 6 6 2
v 7 2 1
v 8 7 5
v 9 8 2
v 10 13 2
v 11 2 3
v 12 10 2
v 13 5 4
v 14 12 3
v 15 0 1
v 16 1 5
v 17 3 3
v 18 12 2
v 19 13 4
v 20 8 3
v 21 13 4
v 22 12 4
v 23 6 1
v 24 11 4
v 25 5 2
v 26 3 3
v 27 12 2
v 28 4 2
v 29 13 1
v 30 2 1
v 31 9 3
v 32 4 3
v 33 2 3
v 34 3 2
v 35 5 3
v 36 2 1
v 37 8 2
v 38 1 1
v 39 9 2
e 0 13 0
e 0 17 0
e 0 19 0
e 1 38 0
e 1 28 0
e 1 29 0
e 1 39 0
e 2 22 0
e 2 3 0
e 2 8 0
e 2 16 0
e 3 22 0
e 3 16 0
e 3 8 0
e 4 12 0
e 4 33 0
e 5 11 0
e 6 12 0
e 6 20 0
e 7 33 0
e 8 16 0
e 8 22 0
e 8 11 0
e 9 13 0
e 9 15 0
e 10 24 0
e 10 27 0
e 11 33 0
e 13 19 0
e 13 17 0
e 14 30 0
e 14 27 0
e 14 32 0
e 16 23 0
e 16 22 0
e 17 19 0
e 18 20 0
e 18 21 0
e 19 39 0
e 20 21 0
e 21 26 0
e 21 24 0
e 24 25 0
e 24 26 0
e 25 26 0
e 28 35 0
e 31 37 0
e 31 32 0
e 31 34 0
e 32 37 0
e 34 35 0
e 35 36 0
