t 24 39
v 0 7 4
v 1 2 6
v 2 3 6
v 3 7 2
v 4 8 3
v 5 13 1
v 6 13 4
v 7 2 1
v 8 11 1
v 9 11 3
v 10 6 7
v 11 6 3
v 12 1 3
v 13 13 5
v 14 13 1
v 15 7 2
v 16 1 3
v 17 14 3
v 18 5 4
v 19 5 3
v 20 11 1
v 21 8 4
v 22 13 6
v 23 9 2
e 0 2 0
e 0 6 0
e 0 16 0
e 0 21 0
e 1 2 0
e 1 6 0
e 1 16 0
e 1 21 0
e 1 10 0
e 1 9 0
e 2 6 0
e 2 16 0
e 2 21 0
e 2 10 0
e 3 14 0
e 3 13 0
e 4 17 0
e 4 22 0
e 4 10 0
e 5 18 0
e 6 10 0
e 7 13 0
e 8 13 0
e 9 15 0
e 9 18 0
e 10 21 0
e 10 17 0
e 10 22 0
e 11 19 0
e 11 12 0
e 11 22 0
e 12 19 0
e 12 22 0
e 13 20 0
e 13 23 0
e 15 18 0
e 17 22 0
e 18 23 0
e 19 22 0
