t 32 49
v 0 8 2
v 1 4 4
v 2 14 2
v 3 1 2
v 4 10 2
v 5 7 2
v 6 5 3
v 7 0 1
v 8 4 2
v 9 7 1
v 10 12 5
v 11 12 4
v 12 12 3
v 13 14 2
v 14 11 1
v 15 4 4
v 16 8 5
v 17 13 4
v 18 12 3
v 19 6 8
v 20 5 3
v 21 1 2
v 22 0 4
v 23 11 3
v 24 11 5
v 25 7 4
v 26 11 2
v 27 7 4
v 28 8 4
v 29 10 2
v 30 9 3
v 31 9 2
e 0 22 0
e 0 24 0
e 1 16 0
e 1 25 0
e 1 27 0
e 1 28 0
e 2 3 0
e 2 11 0
e 3 4 0
e 4 5 0
e 5 13 0
e 6 8 0
e 6 13 0
e 6 19 0
e 7 30 0
e 8 19 0
e 9 19 0
e 10 18 0
e 10 17 0
e 10 15 0
e 10 12 0
e 10 19 0
e 11 22 0
e 11 23 0
e 11 24 0
e 12 17 0
e 12 19 0
e 14 21 0
e 15 17 0
e 15 18 0
e 15 19 0
e 16 25 0
e 16 27 0
e 16 26 0
e 16 20 0
e 17 19 0
e 18 19 0
e 20 26 0
e 20 24 0
e 21 31 0
e 22 23 0
e 22 24 0
e 23 24 0
e 25 27 0
e 25 28 0
e 27 28 0
e 28 29 0
e 29 30 0
e 30 31 0
