t 32 37
v 0 0 2
v 1 1 1
v 2 7 1
v 3 6 2
v 4 9 2
v 5 8 3
v 6 5 2
v 7 12 4
v 8 7 3
v 9 3 2
v 10 0 1
v 11 2 3
v 12 0 2
v 13 0 2
v 14 1 3
v 15 14 4
v 16 3 2
v 17 8 3
v 18 12 5
v 19 14 2
v 20 6 3
v 21 5 2
v 22 5 1
v 23 12 1
v 24 13 2
v 25 9 3
v 26 12 2
v 27 14 2
v 28 6 2
v 29 13 4
v 30 0 1
v 31 9 2
e 0 5 0
e 0 24 0
e 1 5 0
e 2 3 0
e 3 11 0
e 4 16 0
e 4 18 0
e 5 11 0
e 6 13 0
e 6 18 0
e 7 15 0
e 7 26 0
e 7 27 0
e 7 9 0
e 8 21 0
e 8 13 0
e 8 18 0
e 9 27 0
e 10 14 0
e 11 16 0
e 12 25 0
e 12 29 0
e 14 22 0
e 14 18 0
e 15 20 0
e 15 28 0
e 15 23 0
e 17 25 0
e 17 29 0
e 17 31 0
e 18 21 0
e 19 26 0
e 19 24 0
e 20 28 0
e 20 31 0
e 25 29 0
e 29 30 0
