t 40 47
v 0 12 1
v 1 11 2
v 2 14 3
v 3 10 3
v 4 3 4
v 5 7 2
v 6 2 3
v 7 5 2
v 8 10 1
v 9 3 3
v 10 8 2
v 11 6 4
v 12 7 1
v 13 8 3
v 14 3 2
v 15 2 3
v 16 13 1
v 17 4 2
v 18 3 2
v 19 10 2
v 20 12 1
v 21 6 1
v 22 6 2
v 23 8 4
v 24 10 2
v 25 9 3
v 26 8 1
v 27 6 4
v 28 14 1
v 29 0 2
v 30 7 3
v 31 5 4
v 32 7 2
v 33 4 3
v 34 12 4
v 35 14 3
v 36 10 2
v 37 12 4
v 38 13 1
v 39 4 1
e 0 15 0
e 1 5 0
e 1 15 0
e 2 23 0
e 2 25 0
e 2 30 0
e 3 6 0
e 3 27 0
e 3 31 0
e 4 20 0
e 4 19 0
e 4 11 0
e 4 22 0
e 5 31 0
e 6 27 0
e 6 31 0
e 7 33 0
e 7 34 0
e 8 13 0
e 9 17 0
e 9 35 0
e 9 24 0
e 10 13 0
e 10 11 0
e 11 28 0
e 11 16 0
e 12 19 0
e 13 27 0
e 14 22 0
e 14 36 0
e 15 37 0
e 17 23 0
e 18 36 0
e 18 34 0
e 21 34 0
e 23 25 0
e 23 30 0
e 24 35 0
e 25 30 0
e 26 37 0
e 27 31 0
e 29 35 0
e 29 32 0
e 32 33 0
e 33 34 0
e 37 39 0
e 37 38 0
