t 40 56
v 0 12 1
v 1 3 4
v 2 5 3
v 3 5 1
v 4 14 2
v 5 3 2
v 6 6 3
v 7 8 2
v 8 9 1
v 9 12 3
v 10 8 2
v 11 14 4
v 12 14 2
v 13 14 1
v 14 3 2
v 15 3 4
v 16 3 1
v 17 13 2
v 18 6 5
v 19 8 1
v 20 11 8
v 21 2 3
v 22 14 2
v 23 5 8
v 24 5 5
v 25 3 2
v 26 8 2
v 27 13 1
v 28 8 1
v 29 5 9
v 30 3 3
v 31 6 2
v 32 2 1
v 33 6 2
v 34 14 3
v 35 3 2
v 36 11 3
v 37 5 4
v 38 9 3
v 39 6 2
e 0 2 0
e 1 20 0
e 1 21 0
e 1 23 0
e 1 18 0
e 2 25 0
e 2 31 0
e 3 6 0
e 4 13 0
e 4 23 0
e 5 28 0
e 5 39 0
e 6 17 0
e 6 33 0
e 7 27 0
e 7 11 0
e 8 11 0
e 9 10 0
e 9 24 0
e 9 34 0
e 10 19 0
e 11 33 0
e 11 18 0
e 12 25 0
e 12 17 0
e 14 38 0
e 14 30 0
e 15 29 0
e 15 24 0
e 15 18 0
e 15 23 0
e 16 34 0
e 18 23 0
e 18 29 0
e 20 32 0
e 20 37 0
e 20 36 0
e 20 23 0
e 20 26 0
e 20 21 0
e 20 24 0
e 21 29 0
e 22 29 0
e 22 37 0
e 23 37 0
e 23 29 0
e 23 35 0
e 24 34 0
e 24 29 0
e 26 29 0
e 29 36 0
e 29 35 0
e 30 38 0
e 30 31 0
e 36 37 0
e 38 39 0
