t 24 37
v 0 5 4
v 1 3 3
v 2 3 4
v 3 13 5
v 4 9 2
v 5 8 2
v 6 1 2
v 7 13 3
v 8 10 7
v 9 11 1
v 10 9 5
v 11 12 3
v 12 1 4
v 13 10 2
v 14 4 4
v 15 9 5
v 16 9 2
v 17 9 1
v 18 11 3
v 19 14 2
v 20 3 3
v 21 0 3
v 22 8 3
v 23 9 1
e 0 1 0
e 0 11 0
e 0 22 0
e 0 2 0
e 1 2 0
e 1 22 0
e 2 22 0
e 2 4 0
e 3 14 0
e 3 8 0
e 3 10 0
e 3 12 0
e 3 15 0
e 4 5 0
e 5 19 0
e 6 19 0
e 6 7 0
e 7 23 0
e 7 18 0
e 8 12 0
e 8 15 0
e 8 10 0
e 8 14 0
e 8 11 0
e 8 13 0
e 9 18 0
e 10 14 0
e 10 12 0
e 10 15 0
e 11 13 0
e 12 15 0
e 14 15 0
e 16 20 0
e 16 21 0
e 17 21 0
e 18 20 0
e 20 21 0
