t 32 42
v 0 2 2
v 1 13 2
v 2 7 1
v 3 12 3
v 4 10 4
v 5 8 3
v 6 7 3
v 7 13 4
v 8 0 2
v 9 2 3
v 10 7 2
v 11 4 2
v 12 0 5
v 13 6 3
v 14 11 2
v 15 4 3
v 16 1 3
v 17 6 3
v 18 12 4
v 19 2 2
v 20 8 2
v 21 11 3
v 22 6 1
v 23 11 2
v 24 2 4
v 25 12 2
v 26 4 2
v 27 0 2
v 28 2 2
v 29 13 3
v 30 14 4
v 31 4 1
e 0 15 0
e 0 4 0
e 1 19 0
e 1 28 0
e 2 4 0
e 3 6 0
e 3 7 0
e 3 12 0
e 4 15 0
e 4 5 0
e 5 12 0
e 5 7 0
e 6 7 0
e 6 12 0
e 7 12 0
e 8 12 0
e 8 14 0
e 9 13 0
e 9 16 0
e 9 18 0
e 10 14 0
e 10 18 0
e 11 19 0
e 11 24 0
e 13 16 0
e 13 18 0
e 15 20 0
e 16 18 0
e 17 24 0
e 17 29 0
e 17 30 0
e 20 21 0
e 21 23 0
e 21 22 0
e 23 25 0
e 24 29 0
e 24 30 0
e 25 26 0
e 26 27 0
e 27 28 0
e 29 30 0
e 30 31 0
