t 24 33
v 0 0 4
v 1 1 3
v 2 10 2
v 3 5 3
v 4 14 6
v 5 14 2
v 6 8 2
v 7 9 3
v 8 7 1
v 9 3 5
v 10 0 3
v 11 4 1
v 12 12 4
v 13 1 4
v 14 13 3
v 15 0 2
v 16 11 3
v 17 4 1
v 18 4 2
v 19 6 3
v 20 1 1
v 21 12 2
v 22 8 3
v 23 8 3
e 0 12 0
e 0 2 0
e 0 19 0
e 0 4 0
e 1 13 0
e 1 14 0
e 1 16 0
e 2 4 0
e 3 17 0
e 3 10 0
e 3 13 0
e 4 19 0
e 4 18 0
e 4 12 0
e 4 5 0
e 5 7 0
e 6 7 0
e 6 9 0
e 7 9 0
e 8 9 0
e 9 10 0
e 9 21 0
e 10 11 0
e 12 18 0
e 12 19 0
e 13 14 0
e 13 16 0
e 14 16 0
e 15 22 0
e 15 23 0
e 20 23 0
e 21 22 0
e 22 23 0
