t 40 77
v 0 7 3
v 1 7 3
v 2 12 5
v 3 2 5
v 4 4 3
v 5 9 7
v 6 8 5
v 7 1 6
v 8 3 6
v 9 0 3
v 10 8 6
v 11 0 6
v 12 4 2
v 13 4 3
v 14 5 2
v 15 3 5
v 16 11 3
v 17 8 1
v 18 6 4
v 19 13 5
v 20 6 2
v 21 11 2
v 22 2 2
v 23 4 6
v 24 13 9
v 25 9 2
v 26 8 3
v 27 11 2
v 28 11 6
v 29 2 3
v 30 2 3
v 31 14 4
v 32 14 5
v 33 4 7
v 34 1 2
v 35 12 3
v 36 2 3
v 37 0 2
v 38 9 3
v 39 8 2
e 0 18 0
e 0 24 0
e 0 10 0
e 1 18 0
e 1 10 0
e 1 24 0
e 2 31 0
e 2 38 0
e 2 6 0
e 2 3 0
e 2 24 0
e 3 31 0
e 3 6 0
e 3 24 0
e 3 39 0
e 4 23 0
e 4 8 0
e 4 11 0
e 5 21 0
e 5 23 0
e 5 27 0
e 5 7 0
e 5 11 0
e 5 15 0
e 5 8 0
e 6 24 0
e 6 31 0
e 6 38 0
e 7 23 0
e 7 11 0
e 7 15 0
e 7 8 0
e 7 25 0
e 8 23 0
e 8 11 0
e 8 15 0
e 9 16 0
e 9 19 0
e 9 26 0
e 10 12 0
e 10 18 0
e 10 24 0
e 10 13 0
e 11 23 0
e 11 15 0
e 12 13 0
e 13 17 0
e 14 37 0
e 14 25 0
e 15 23 0
e 16 19 0
e 16 28 0
e 18 24 0
e 19 26 0
e 19 20 0
e 19 28 0
e 20 37 0
e 21 27 0
e 22 28 0
e 22 33 0
e 24 31 0
e 24 38 0
e 26 28 0
e 28 32 0
e 28 29 0
e 29 32 0
e 29 33 0
e 30 32 0
e 30 33 0
e 30 35 0
e 32 33 0
e 32 35 0
e 33 34 0
e 33 35 0
e 33 36 0
e 34 36 0
e 36 39 0
