t 32 39
v 0 1 2
v 1 9 2
v 2 10 4
v 3 14 2
v 4 9 1
v 5 6 3
v 6 0 3
v 7 9 2
v 8 0 2
v 9 11 3
v 10 0 2
v 11 1 3
v 12 10 3
v 13 11 6
v 14 13 2
v 15 13 2
v 16 5 1
v 17 4 1
v 18 14 3
v 19 5 3
v 20 0 2
v 21 0 3
v 22 9 1
v 23 4 2
v 24 2 4
v 25 0 2
v 26 4 2
v 27 10 3
v 28 7 2
v 29 3 3
v 30 0 3
v 31 13 1
e 0 10 0
e 0 11 0
e 1 11 0
e 1 2 0
e 2 4 0
e 2 11 0
e 2 3 0
e 3 12 0
e 5 6 0
e 5 13 0
e 5 18 0
e 6 18 0
e 6 13 0
e 7 20 0
e 7 14 0
e 8 13 0
e 8 19 0
e 9 15 0
e 9 28 0
e 9 29 0
e 10 14 0
e 12 13 0
e 12 19 0
e 13 19 0
e 13 18 0
e 15 29 0
e 16 24 0
e 17 30 0
e 20 23 0
e 21 25 0
e 21 26 0
e 21 27 0
e 22 24 0
e 23 25 0
e 24 30 0
e 24 29 0
e 26 27 0
e 27 28 0
e 30 31 0
