t 32 54
v 0 2 4
v 1 12 2
v 2 2 3
v 3 7 2
v 4 3 3
v 5 2 3
v 6 6 2
v 7 5 4
v 8 11 2
v 9 13 4
v 10 14 2
v 11 14 4
v 12 13 5
v 13 12 3
v 14 12 5
v 15 4 2
v 16 6 3
v 17 13 5
v 18 10 5
v 19 6 2
v 20 11 3
v 21 4 6
v 22 3 5
v 23 8 2
v 24 12 3
v 25 1 5
v 26 6 4
v 27 6 3
v 28 7 3
v 29 14 6
v 30 3 2
v 31 10 1
e 0 20 0
e 0 10 0
e 0 11 0
e 0 7 0
e 1 7 0
e 1 11 0
e 2 23 0
e 2 9 0
e 2 24 0
e 3 11 0
e 3 6 0
e 4 15 0
e 4 25 0
e 4 28 0
e 5 19 0
e 5 8 0
e 5 13 0
e 6 19 0
e 7 20 0
e 7 9 0
e 8 13 0
e 9 23 0
e 9 11 0
e 10 20 0
e 12 14 0
e 12 17 0
e 12 18 0
e 12 21 0
e 12 22 0
e 13 21 0
e 14 17 0
e 14 18 0
e 14 22 0
e 14 21 0
e 15 28 0
e 16 31 0
e 16 30 0
e 16 29 0
e 17 18 0
e 17 22 0
e 17 21 0
e 18 22 0
e 18 21 0
e 21 22 0
e 24 26 0
e 24 29 0
e 25 28 0
e 25 26 0
e 25 27 0
e 25 29 0
e 26 27 0
e 26 29 0
e 27 29 0
e 29 30 0
