t 32 39
v 0 6 2
v 1 11 2
v 2 8 7
v 3 8 1
v 4 8 2
v 5 12 2
v 6 7 3
v 7 5 3
v 8 11 2
v 9 5 1
v 10 11 2
v 11 5 3
v 12 8 2
v 13 14 2
v 14 0 2
v 15 0 2
v 16 6 2
v 17 14 2
v 18 7 2
v 19 4 2
v 20 6 4
v 21 3 2
v 22 5 2
v 23 7 2
v 24 5 2
v 25 3 3
v 26 7 2
v 27 3 2
v 28 11 2
v 29 6 2
v 30 11 5
v 31 5 4
e 0 2 0
e 0 10 0
e 1 17 0
e 1 21 0
e 2 14 0
e 2 31 0
e 2 8 0
e 2 25 0
e 2 19 0
e 2 30 0
e 3 28 0
e 4 20 0
e 4 13 0
e 5 7 0
e 5 11 0
e 6 22 0
e 6 30 0
e 6 26 0
e 7 11 0
e 7 20 0
e 8 19 0
e 9 18 0
e 10 13 0
e 11 20 0
e 12 16 0
e 12 20 0
e 14 31 0
e 15 24 0
e 15 21 0
e 16 27 0
e 17 22 0
e 18 23 0
e 23 24 0
e 25 30 0
e 25 31 0
e 26 30 0
e 27 29 0
e 28 29 0
e 30 31 0
