t 40 99
v 0 9 2
v 1 14 4
v 2 3 3
v 3 0 2
v 4 8 10
v 5 14 3
v 6 7 5
v 7 5 3
v 8 13 2
v 9 11 10
v 10 3 2
v 11 3 3
v 12 3 5
v 13 6 1
v 14 3 1
v 15 2 2
v 16 8 4
v 17 5 2
v 18 14 3
v 19 12 3
v 20 2 3
v 21 4 13
v 22 8 16
v 23 3 10
v 24 3 3
v 25 0 3
v 26 2 2
v 27 14 4
v 28 1 2
v 29 3 10
v 30 5 5
v 31 0 10
v 32 0 10
v 33 14 9
v 34 2 2
v 35 2 10
v 36 10 10
v 37 4 3
v 38 14 1
v 39 2 2
e 0 8 0
e 0 2 0
e 1 19 0
e 1 20 0
e 1 26 0
e 1 21 0
e 2 5 0
e 2 3 0
e 3 7 0
e 4 23 0
e 4 31 0
e 4 29 0
e 4 32 0
e 4 9 0
e 4 36 0
e 4 33 0
e 4 21 0
e 4 22 0
e 4 35 0
e 5 28 0
e 5 15 0
e 6 24 0
e 6 12 0
e 6 22 0
e 6 27 0
e 6 30 0
e 7 10 0
e 7 11 0
e 8 37 0
e 9 23 0
e 9 31 0
e 9 29 0
e 9 32 0
e 9 36 0
e 9 33 0
e 9 21 0
e 9 22 0
e 9 35 0
e 10 11 0
e 11 16 0
e 12 27 0
e 12 22 0
e 12 25 0
e 12 30 0
e 13 39 0
e 14 16 0
e 15 28 0
e 16 18 0
e 16 17 0
e 17 18 0
e 18 26 0
e 19 20 0
e 19 21 0
e 20 21 0
e 21 23 0
e 21 31 0
e 21 29 0
e 21 32 0
e 21 35 0
e 21 36 0
e 21 33 0
e 21 22 0
e 22 23 0
e 22 27 0
e 22 31 0
e 22 29 0
e 22 34 0
e 22 25 0
e 22 32 0
e 22 35 0
e 22 30 0
e 22 36 0
e 22 24 0
e 23 31 0
e 23 29 0
e 23 32 0
e 23 36 0
e 23 33 0
e 23 35 0
e 24 34 0
e 25 30 0
e 27 30 0
e 29 32 0
e 29 36 0
e 29 31 0
e 29 33 0
e 29 35 0
e 31 32 0
e 31 36 0
e 31 33 0
e 31 35 0
e 32 36 0
e 32 33 0
e 32 35 0
e 33 36 0
e 33 35 0
e 35 36 0
e 37 39 0
e 37 38 0
