t 32 36
v 0 13 4
v 1 0 2
v 2 10 3
v 3 12 2
v 4 4 3
v 5 4 2
v 6 11 2
v 7 11 3
v 8 2 2
v 9 11 2
v 10 3 1
v 11 3 3
v 12 5 1
v 13 7 2
v 14 5 3
v 15 11 2
v 16 6 3
v 17 2 2
v 18 0 2
v 19 12 2
v 20 2 2
v 21 0 3
v 22 13 1
v 23 7 3
v 24 13 2
v 25 13 2
v 26 8 2
v 27 2 3
v 28 0 2
v 29 14 3
v 30 6 2
v 31 2 1
e 0 20 0
e 0 16 0
e 0 4 0
e 0 21 0
e 1 8 0
e 1 11 0
e 2 13 0
e 2 15 0
e 2 14 0
e 3 5 0
e 3 19 0
e 4 6 0
e 4 7 0
e 5 25 0
e 6 12 0
e 7 17 0
e 7 11 0
e 8 18 0
e 9 10 0
e 9 14 0
e 11 17 0
e 13 18 0
e 14 15 0
e 16 23 0
e 16 21 0
e 19 29 0
e 20 21 0
e 22 29 0
e 23 27 0
e 23 26 0
e 24 27 0
e 24 28 0
e 25 28 0
e 26 27 0
e 29 30 0
e 30 31 0
