t 40 48
v 0 11 2
v 1 1 4
v 2 6 2
v 3 6 1
v 4 1 2
v 5 8 2
v 6 4 2
v 7 9 2
v 8 2 2
v 9 4 2
v 10 0 2
v 11 1 3
v 12 11 2
v 13 1 1
v 14 6 2
v 15 14 6
v 16 12 4
v 17 13 3
v 18 13 2
v 19 4 3
v 20 6 2
v 21 7 2
v 22 10 1
v 23 1 5
v 24 11 2
v 25 14 1
v 26 2 2
v 27 10 5
v 28 7 4
v 29 4 2
v 30 6 1
v 31 10 2
v 32 5 2
v 33 13 2
v 34 7 2
v 35 2 2
v 36 3 3
v 37 7 2
v 38 0 4
v 39 4 1
e 0 2 0
e 0 15 0
e 1 18 0
e 1 11 0
e 1 23 0
e 1 27 0
e 2 15 0
e 3 16 0
e 4 6 0
e 4 21 0
e 5 9 0
e 5 17 0
e 6 31 0
e 7 8 0
e 7 31 0
e 8 33 0
e 9 33 0
e 10 20 0
e 10 35 0
e 11 23 0
e 11 28 0
e 12 26 0
e 12 27 0
e 13 14 0
e 14 35 0
e 15 16 0
e 15 30 0
e 15 36 0
e 15 38 0
e 16 22 0
e 16 21 0
e 17 26 0
e 17 27 0
e 18 23 0
e 19 25 0
e 19 29 0
e 19 24 0
e 20 24 0
e 23 27 0
e 23 28 0
e 27 28 0
e 28 32 0
e 29 34 0
e 32 34 0
e 36 37 0
e 36 38 0
e 37 38 0
e 38 39 0
