t 40 51
v 0 1 4
v 1 8 5
v 2 1 3
v 3 5 2
v 4 8 1
v 5 0 1
v 6 6 4
v 7 7 2
v 8 4 3
v 9 4 2
v 10 5 1
v 11 1 2
v 12 4 6
v 13 0 3
v 14 14 2
v 15 13 1
v 16 13 2
v 17 0 2
v 18 5 3
v 19 8 4
v 20 9 1
v 21 8 2
v 22 13 5
v 23 14 2
v 24 8 2
v 25 11 3
v 26 3 1
v 27 5 2
v 28 6 2
v 29 12 4
v 30 8 3
v 31 11 2
v 32 0 2
v 33 3 2
v 34 11 2
v 35 9 3
v 36 11 2
v 37 4 3
v 38 6 3
v 39 3 3
e 0 38 0
e 0 15 0
e 0 26 0
e 0 39 0
e 1 22 0
e 1 30 0
e 1 29 0
e 1 31 0
e 1 21 0
e 2 4 0
e 2 18 0
e 2 14 0
e 3 35 0
e 3 17 0
e 5 8 0
e 6 8 0
e 6 9 0
e 6 13 0
e 6 19 0
e 7 11 0
e 7 12 0
e 8 19 0
e 9 12 0
e 10 12 0
e 11 12 0
e 12 19 0
e 12 16 0
e 13 19 0
e 13 14 0
e 16 24 0
e 17 24 0
e 18 38 0
e 18 39 0
e 20 35 0
e 21 22 0
e 22 33 0
e 22 27 0
e 22 29 0
e 23 28 0
e 23 30 0
e 25 34 0
e 25 37 0
e 25 35 0
e 27 29 0
e 28 36 0
e 29 31 0
e 30 32 0
e 32 33 0
e 34 37 0
e 36 37 0
e 38 39 0
