t 24 61
v 0 4 1
v 1 10 1
v 2 0 1
v 3 10 2
v 4 12 9
v 5 0 11
v 6 4 10
v 7 10 7
v 8 12 2
v 9 1 10
v 10 4 5
v 11 7 6
v 12 0 1
v 13 11 3
v 14 0 8
v 15 3 9
v 16 0 3
v 17 5 8
v 18 11 3
v 19 12 2
v 20 6 2
v 21 0 3
v 22 3 8
v 23 13 7
e 0 10 0
e 1 13 0
e 2 23 0
e 3 20 0
e 3 21 0
e 4 7 0
e 4 9 0
e 4 17 0
e 4 11 0
e 4 6 0
e 4 14 0
e 4 15 0
e 4 22 0
e 4 23 0
e 5 23 0
e 5 22 0
e 5 8 0
e 5 13 0
e 5 14 0
e 5 15 0
e 5 6 0
e 5 7 0
e 5 9 0
e 5 17 0
e 5 11 0
e 6 22 0
e 6 15 0
e 6 14 0
e 6 7 0
e 6 10 0
e 6 9 0
e 6 17 0
e 6 11 0
e 7 9 0
e 7 17 0
e 7 14 0
e 7 22 0
e 8 13 0
e 9 17 0
e 9 11 0
e 9 14 0
e 9 15 0
e 9 22 0
e 9 23 0
e 10 18 0
e 10 16 0
e 10 23 0
e 11 14 0
e 11 15 0
e 12 16 0
e 14 17 0
e 14 15 0
e 15 17 0
e 15 22 0
e 15 23 0
e 16 18 0
e 17 22 0
e 18 19 0
e 19 21 0
e 20 21 0
e 22 23 0
