t 24 32
v 0 1 3
v 1 3 1
v 2 1 2
v 3 9 3
v 4 14 4
v 5 11 8
v 6 5 3
v 7 1 2
v 8 5 3
v 9 8 5
v 10 2 1
v 11 1 2
v 12 6 5
v 13 3 2
v 14 11 2
v 15 11 2
v 16 0 4
v 17 12 2
v 18 14 1
v 19 11 2
v 20 4 1
v 21 12 2
v 22 0 2
v 23 14 2
e 0 1 0
e 0 8 0
e 0 18 0
e 2 12 0
e 2 14 0
e 3 19 0
e 3 21 0
e 3 22 0
e 4 5 0
e 4 6 0
e 4 12 0
e 4 16 0
e 5 9 0
e 5 11 0
e 5 7 0
e 5 16 0
e 5 17 0
e 5 6 0
e 5 12 0
e 6 12 0
e 7 11 0
e 8 14 0
e 8 19 0
e 9 15 0
e 9 13 0
e 9 16 0
e 9 12 0
e 10 23 0
e 13 15 0
e 16 17 0
e 20 21 0
e 22 23 0
