t 40 46
v 0 11 6
v 1 13 2
v 2 7 2
v 3 4 1
v 4 14 2
v 5 6 2
v 6 10 3
v 7 13 2
v 8 10 2
v 9 1 2
v 10 5 1
v 11 3 2
v 12 3 4
v 13 3 2
v 14 7 3
v 15 4 2
v 16 6 2
v 17 1 2
v 18 13 2
v 19 8 3
v 20 12 2
v 21 1 2
v 22 0 2
v 23 0 2
v 24 2 2
v 25 5 2
v 26 8 2
v 27 8 4
v 28 5 2
v 29 4 2
v 30 10 2
v 31 5 2
v 32 13 2
v 33 3 4
v 34 13 2
v 35 10 2
v 36 12 2
v 37 2 2
v 38 11 2
v 39 13 3
e 0 28 0
e 0 3 0
e 0 39 0
e 0 12 0
e 0 14 0
e 0 38 0
e 1 28 0
e 1 6 0
e 2 25 0
e 2 8 0
e 4 5 0
e 4 6 0
e 5 23 0
e 6 10 0
e 7 23 0
e 7 35 0
e 8 27 0
e 9 35 0
e 9 11 0
e 11 13 0
e 12 38 0
e 12 14 0
e 12 39 0
e 13 15 0
e 14 39 0
e 15 30 0
e 16 17 0
e 16 30 0
e 17 18 0
e 18 31 0
e 19 27 0
e 19 29 0
e 19 33 0
e 20 26 0
e 20 37 0
e 21 22 0
e 21 36 0
e 22 37 0
e 24 27 0
e 24 33 0
e 25 27 0
e 26 31 0
e 29 33 0
e 32 33 0
e 32 34 0
e 34 36 0
