t 40 134
v 0 11 13
v 1 11 3
v 2 14 1
v 3 6 1
v 4 14 3
v 5 12 3
v 6 5 3
v 7 1 3
v 8 10 5
v 9 8 15
v 10 1 13
v 11 0 5
v 12 5 3
v 13 2 2
v 14 3 2
v 15 12 2
v 16 4 10
v 17 11 4
v 18 10 2
v 19 6 13
v 20 10 14
v 21 8 1
v 22 14 5
v 23 14 5
v 24 5 13
v 25 14 8
v 26 8 13
v 27 0 3
v 28 9 3
v 29 11 2
v 30 10 12
v 31 0 6
v 32 5 2
v 33 10 13
v 34 14 3
v 35 6 13
v 36 11 15
v 37 7 4
v 38 8 14
v 39 14 13
e 0 35 0
e 0 16 0
e 0 10 0
e 0 39 0
e 0 19 0
e 0 9 0
e 0 20 0
e 0 24 0
e 0 26 0
e 0 30 0
e 0 33 0
e 0 36 0
e 0 38 0
e 1 34 0
e 1 25 0
e 1 31 0
e 2 8 0
e 3 4 0
e 4 12 0
e 4 23 0
e 5 28 0
e 5 31 0
e 5 37 0
e 6 13 0
e 6 7 0
e 6 23 0
e 7 23 0
e 7 14 0
e 8 18 0
e 8 27 0
e 8 17 0
e 8 11 0
e 9 24 0
e 9 33 0
e 9 30 0
e 9 26 0
e 9 35 0
e 9 16 0
e 9 10 0
e 9 39 0
e 9 19 0
e 9 22 0
e 9 20 0
e 9 36 0
e 9 38 0
e 9 25 0
e 10 39 0
e 10 19 0
e 10 16 0
e 10 20 0
e 10 24 0
e 10 26 0
e 10 30 0
e 10 33 0
e 10 35 0
e 10 36 0
e 10 38 0
e 11 32 0
e 11 29 0
e 11 27 0
e 11 17 0
e 12 23 0
e 12 21 0
e 13 23 0
e 14 27 0
e 15 32 0
e 15 37 0
e 16 39 0
e 16 19 0
e 16 24 0
e 16 26 0
e 16 33 0
e 16 35 0
e 16 36 0
e 17 29 0
e 17 18 0
e 19 20 0
e 19 24 0
e 19 26 0
e 19 30 0
e 19 33 0
e 19 35 0
e 19 36 0
e 19 38 0
e 19 39 0
e 20 24 0
e 20 33 0
e 20 30 0
e 20 26 0
e 20 35 0
e 20 39 0
e 20 36 0
e 20 38 0
e 20 22 0
e 20 25 0
e 22 36 0
e 22 38 0
e 22 25 0
e 24 33 0
e 24 30 0
e 24 26 0
e 24 35 0
e 24 39 0
e 24 36 0
e 24 38 0
e 25 31 0
e 25 34 0
e 25 36 0
e 25 38 0
e 26 35 0
e 26 39 0
e 26 30 0
e 26 33 0
e 26 36 0
e 26 38 0
e 28 31 0
e 28 37 0
e 30 35 0
e 30 39 0
e 30 33 0
e 30 36 0
e 30 38 0
e 31 34 0
e 31 37 0
e 33 35 0
e 33 39 0
e 33 36 0
e 33 38 0
e 35 39 0
e 35 36 0
e 35 38 0
e 36 39 0
e 36 38 0
e 38 39 0
