t 40 45
v 0 2 2
v 1 7 2
v 2 5 1
v 3 3 3
v 4 5 1
v 5 12 3
v 6 12 2
v 7 8 2
v 8 5 2
v 9 4 2
v 10 11 3
v 11 5 2
v 12 4 4
v 13 11 2
v 14 6 2
v 15 10 3
v 16 5 2
v 17 8 2
v 18 6 2
v 19 11 2
v 20 14 2
v 21 4 1
v 22 5 4
v 23 14 2
v 24 10 4
v 25 12 2
v 26 4 2
v 27 1 2
v 28 0 2
v 29 14 2
v 30 3 3
v 31 11 4
v 32 6 2
v 33 11 2
v 34 0 3
v 35 13 1
v 36 5 3
v 37 4 1
v 38 8 1
v 39 13 3
e 0 11 0
e 0 1 0
e 1 27 0
e 2 5 0
e 3 11 0
e 3 14 0
e 3 16 0
e 4 15 0
e 5 17 0
e 5 32 0
e 6 10 0
e 6 24 0
e 7 30 0
e 7 10 0
e 8 19 0
e 8 27 0
e 9 22 0
e 9 23 0
e 10 22 0
e 12 26 0
e 12 29 0
e 12 28 0
e 12 20 0
e 13 30 0
e 13 22 0
e 14 16 0
e 15 35 0
e 15 24 0
e 17 19 0
e 18 25 0
e 18 32 0
e 20 23 0
e 21 24 0
e 22 30 0
e 24 38 0
e 25 39 0
e 26 31 0
e 28 29 0
e 31 34 0
e 31 36 0
e 31 39 0
e 33 34 0
e 33 37 0
e 34 36 0
e 36 39 0
