t 40 83
v 0 6 2
v 1 12 2
v 2 0 6
v 3 14 3
v 4 9 7
v 5 4 6
v 6 6 4
v 7 5 9
v 8 9 11
v 9 7 4
v 10 0 7
v 11 10 2
v 12 2 2
v 13 2 6
v 14 1 5
v 15 2 3
v 16 6 1
v 17 14 4
v 18 8 2
v 19 12 8
v 20 4 2
v 21 6 2
v 22 1 3
v 23 5 4
v 24 2 5
v 25 7 5
v 26 3 1
v 27 14 4
v 28 11 5
v 29 5 3
v 30 2 12
v 31 10 5
v 32 12 5
v 33 12 1
v 34 11 2
v 35 7 3
v 36 8 2
v 37 13 3
v 38 7 2
v 39 7 3
e 0 12 0
e 0 1 0
e 1 37 0
e 2 31 0
e 2 7 0
e 2 10 0
e 2 17 0
e 2 25 0
e 2 30 0
e 3 23 0
e 3 29 0
e 3 39 0
e 4 14 0
e 4 30 0
e 4 32 0
e 4 24 0
e 4 5 0
e 4 8 0
e 4 19 0
e 5 19 0
e 5 8 0
e 5 30 0
e 5 34 0
e 5 6 0
e 6 11 0
e 6 35 0
e 6 22 0
e 7 10 0
e 7 25 0
e 7 31 0
e 7 30 0
e 7 8 0
e 7 13 0
e 7 19 0
e 7 28 0
e 8 26 0
e 8 13 0
e 8 17 0
e 8 19 0
e 8 10 0
e 8 28 0
e 8 30 0
e 8 15 0
e 9 27 0
e 9 14 0
e 9 24 0
e 9 32 0
e 10 17 0
e 10 25 0
e 10 31 0
e 10 30 0
e 11 35 0
e 12 20 0
e 13 19 0
e 13 28 0
e 13 30 0
e 13 15 0
e 14 27 0
e 14 24 0
e 14 32 0
e 15 19 0
e 16 18 0
e 17 30 0
e 18 20 0
e 19 28 0
e 19 30 0
e 21 34 0
e 21 38 0
e 22 36 0
e 22 35 0
e 23 29 0
e 23 37 0
e 23 39 0
e 24 27 0
e 24 32 0
e 25 31 0
e 25 30 0
e 27 32 0
e 28 30 0
e 29 39 0
e 30 31 0
e 33 38 0
e 36 37 0
