t 40 45
v 0 2 3
v 1 9 2
v 2 10 2
v 3 6 2
v 4 2 2
v 5 14 2
v 6 3 2
v 7 10 4
v 8 12 2
v 9 3 2
v 10 14 2
v 11 9 1
v 12 9 4
v 13 3 4
v 14 10 2
v 15 1 1
v 16 3 1
v 17 1 2
v 18 6 2
v 19 8 1
v 20 13 2
v 21 5 3
v 22 1 1
v 23 12 2
v 24 11 1
v 25 6 2
v 26 9 4
v 27 10 2
v 28 4 2
v 29 9 2
v 30 13 2
v 31 3 3
v 32 14 3
v 33 13 3
v 34 10 3
v 35 1 1
v 36 3 2
v 37 9 4
v 38 6 2
v 39 9 3
e 0 20 0
e 0 33 0
e 0 37 0
e 1 25 0
e 1 34 0
e 2 39 0
e 2 6 0
e 3 28 0
e 3 6 0
e 4 5 0
e 4 28 0
e 5 7 0
e 7 12 0
e 7 13 0
e 7 8 0
e 8 13 0
e 9 19 0
e 9 34 0
e 10 22 0
e 10 12 0
e 11 26 0
e 12 13 0
e 12 14 0
e 13 15 0
e 14 26 0
e 16 26 0
e 17 26 0
e 17 36 0
e 18 21 0
e 18 34 0
e 20 33 0
e 21 27 0
e 21 29 0
e 23 25 0
e 23 30 0
e 24 31 0
e 27 29 0
e 30 32 0
e 31 36 0
e 31 32 0
e 32 35 0
e 33 37 0
e 37 39 0
e 37 38 0
e 38 39 0
