t 40 50
v 0 4 1
v 1 6 2
v 2 3 1
v 3 5 6
v 4 0 1
v 5 12 2
v 6 11 3
v 7 12 2
v 8 6 2
v 9 2 2
v 10 3 4
v 11 4 4
v 12 12 4
v 13 0 2
v 14 4 1
v 15 12 2
v 16 10 5
v 17 0 4
v 18 2 3
v 19 13 5
v 20 13 3
v 21 2 2
v 22 3 1
v 23 10 4
v 24 4 1
v 25 6 2
v 26 14 2
v 27 7 1
v 28 11 2
v 29 12 4
v 30 8 2
v 31 13 1
v 32 2 2
v 33 1 2
v 34 14 3
v 35 10 2
v 36 7 3
v 37 2 3
v 38 6 2
v 39 7 2
e 0 18 0
e 1 38 0
e 1 3 0
e 2 10 0
e 3 39 0
e 3 36 0
e 3 30 0
e 3 21 0
e 3 31 0
e 4 5 0
e 5 10 0
e 6 20 0
e 6 11 0
e 6 17 0
e 7 19 0
e 7 29 0
e 8 9 0
e 8 10 0
e 9 26 0
e 10 18 0
e 11 20 0
e 11 34 0
e 11 12 0
e 12 32 0
e 12 16 0
e 12 17 0
e 13 14 0
e 13 16 0
e 15 16 0
e 15 37 0
e 16 37 0
e 16 32 0
e 17 34 0
e 17 26 0
e 18 27 0
e 19 22 0
e 19 25 0
e 19 23 0
e 19 29 0
e 20 34 0
e 21 33 0
e 23 24 0
e 23 29 0
e 23 25 0
e 28 33 0
e 28 35 0
e 29 30 0
e 35 37 0
e 36 38 0
e 36 39 0
