t 24 35
v 0 13 6
v 1 6 1
v 2 6 2
v 3 13 5
v 4 0 3
v 5 9 3
v 6 14 4
v 7 12 1
v 8 6 2
v 9 0 2
v 10 8 3
v 11 1 3
v 12 11 3
v 13 0 4
v 14 12 2
v 15 5 1
v 16 1 3
v 17 9 4
v 18 5 4
v 19 14 2
v 20 14 3
v 21 9 3
v 22 12 3
v 23 6 3
e 0 3 0
e 0 8 0
e 0 21 0
e 0 20 0
e 0 4 0
e 0 6 0
e 1 4 0
e 2 6 0
e 2 10 0
e 3 5 0
e 3 21 0
e 3 20 0
e 3 18 0
e 4 14 0
e 5 20 0
e 5 21 0
e 6 8 0
e 6 14 0
e 7 9 0
e 9 12 0
e 10 11 0
e 10 17 0
e 11 13 0
e 11 17 0
e 12 13 0
e 12 19 0
e 13 19 0
e 13 17 0
e 15 17 0
e 16 23 0
e 16 18 0
e 16 22 0
e 18 22 0
e 18 23 0
e 22 23 0
