t 40 46
v 0 11 2
v 1 8 3
v 2 10 3
v 3 10 2
v 4 3 2
v 5 6 2
v 6 7 2
v 7 5 2
v 8 14 2
v 9 7 2
v 10 12 3
v 11 4 2
v 12 14 4
v 13 0 2
v 14 1 2
v 15 0 2
v 16 11 2
v 17 13 3
v 18 6 3
v 19 3 2
v 20 7 4
v 21 0 3
v 22 12 3
v 23 2 2
v 24 8 1
v 25 13 2
v 26 4 1
v 27 8 2
v 28 10 2
v 29 11 3
v 30 14 3
v 31 13 2
v 32 8 2
v 33 12 2
v 34 4 2
v 35 9 4
v 36 11 2
v 37 2 2
v 38 13 2
v 39 5 1
e 0 32 0
e 0 37 0
e 1 2 0
e 1 4 0
e 1 23 0
e 2 4 0
e 2 15 0
e 3 19 0
e 3 35 0
e 5 13 0
e 5 35 0
e 6 19 0
e 6 28 0
e 7 23 0
e 7 33 0
e 8 17 0
e 8 29 0
e 9 38 0
e 9 39 0
e 10 22 0
e 10 17 0
e 10 11 0
e 11 22 0
e 12 20 0
e 12 21 0
e 12 27 0
e 12 30 0
e 13 34 0
e 14 25 0
e 14 35 0
e 15 18 0
e 16 31 0
e 16 33 0
e 17 29 0
e 18 28 0
e 18 26 0
e 20 30 0
e 20 36 0
e 20 21 0
e 21 30 0
e 22 24 0
e 25 35 0
e 27 29 0
e 31 36 0
e 32 34 0
e 37 38 0
