t 40 53
v 0 0 4
v 1 14 3
v 2 12 2
v 3 4 2
v 4 0 1
v 5 8 5
v 6 10 1
v 7 13 5
v 8 4 2
v 9 3 2
v 10 12 3
v 11 11 3
v 12 11 2
v 13 13 2
v 14 10 2
v 15 1 2
v 16 8 2
v 17 1 2
v 18 1 5
v 19 6 2
v 20 8 4
v 21 3 4
v 22 8 3
v 23 11 3
v 24 6 4
v 25 5 3
v 26 2 4
v 27 13 1
v 28 3 2
v 29 12 3
v 30 4 2
v 31 14 4
v 32 2 2
v 33 0 1
v 34 1 2
v 35 6 1
v 36 6 5
v 37 12 2
v 38 4 2
v 39 7 2
e 0 7 0
e 0 10 0
e 0 2 0
e 0 38 0
e 1 23 0
e 1 20 0
e 1 22 0
e 2 7 0
e 3 30 0
e 3 32 0
e 4 7 0
e 5 24 0
e 5 31 0
e 5 26 0
e 5 17 0
e 5 36 0
e 6 16 0
e 7 25 0
e 7 11 0
e 8 37 0
e 8 30 0
e 9 35 0
e 9 25 0
e 10 39 0
e 10 38 0
e 11 37 0
e 11 25 0
e 12 13 0
e 12 32 0
e 13 15 0
e 14 18 0
e 14 34 0
e 15 28 0
e 16 19 0
e 17 28 0
e 18 34 0
e 18 21 0
e 18 29 0
e 18 36 0
e 19 39 0
e 20 22 0
e 20 23 0
e 20 21 0
e 21 29 0
e 21 36 0
e 22 23 0
e 24 26 0
e 24 31 0
e 24 36 0
e 26 33 0
e 26 31 0
e 27 31 0
e 29 36 0
