t 32 55
v 0 5 2
v 1 14 2
v 2 8 2
v 3 1 6
v 4 5 1
v 5 5 3
v 6 5 2
v 7 14 8
v 8 11 11
v 9 0 6
v 10 7 5
v 11 4 6
v 12 14 2
v 13 9 4
v 14 7 2
v 15 3 6
v 16 5 3
v 17 5 3
v 18 9 2
v 19 4 3
v 20 8 2
v 21 7 8
v 22 7 2
v 23 10 3
v 24 9 2
v 25 4 3
v 26 10 2
v 27 7 2
v 28 7 2
v 29 9 2
v 30 3 2
v 31 2 1
e 0 23 0
e 0 1 0
e 1 2 0
e 2 12 0
e 3 9 0
e 3 7 0
e 3 8 0
e 3 11 0
e 3 15 0
e 3 21 0
e 4 10 0
e 5 12 0
e 5 7 0
e 5 8 0
e 6 30 0
e 6 10 0
e 7 11 0
e 7 15 0
e 7 9 0
e 7 8 0
e 7 19 0
e 7 21 0
e 8 11 0
e 8 15 0
e 8 9 0
e 8 17 0
e 8 21 0
e 8 16 0
e 8 14 0
e 8 19 0
e 9 11 0
e 9 15 0
e 9 21 0
e 10 29 0
e 10 31 0
e 10 30 0
e 11 15 0
e 11 21 0
e 13 26 0
e 13 25 0
e 13 23 0
e 13 20 0
e 14 19 0
e 15 21 0
e 16 17 0
e 16 21 0
e 17 21 0
e 18 24 0
e 18 22 0
e 20 25 0
e 22 28 0
e 23 25 0
e 24 29 0
e 26 27 0
e 27 28 0
