t 40 73
v 0 5 3
v 1 4 4
v 2 11 2
v 3 0 2
v 4 3 6
v 5 1 2
v 6 5 5
v 7 11 5
v 8 2 7
v 9 10 3
v 10 11 3
v 11 6 1
v 12 14 2
v 13 6 2
v 14 8 2
v 15 2 6
v 16 7 3
v 17 5 5
v 18 0 3
v 19 3 3
v 20 11 6
v 21 0 5
v 22 13 5
v 23 13 5
v 24 2 5
v 25 10 11
v 26 4 5
v 27 5 2
v 28 14 2
v 29 3 2
v 30 3 3
v 31 9 3
v 32 9 2
v 33 7 5
v 34 11 2
v 35 3 3
v 36 9 3
v 37 13 4
v 38 1 2
v 39 3 2
e 0 2 0
e 0 14 0
e 0 37 0
e 1 16 0
e 1 31 0
e 1 29 0
e 1 33 0
e 2 27 0
e 3 4 0
e 3 27 0
e 4 7 0
e 4 17 0
e 4 8 0
e 4 6 0
e 4 25 0
e 5 15 0
e 5 25 0
e 6 7 0
e 6 17 0
e 6 8 0
e 6 25 0
e 7 17 0
e 7 8 0
e 7 25 0
e 8 17 0
e 8 9 0
e 8 10 0
e 8 25 0
e 9 10 0
e 9 25 0
e 10 25 0
e 11 12 0
e 12 19 0
e 13 15 0
e 13 35 0
e 14 37 0
e 15 19 0
e 15 35 0
e 15 18 0
e 15 25 0
e 16 31 0
e 16 33 0
e 17 25 0
e 18 25 0
e 18 36 0
e 19 35 0
e 20 23 0
e 20 28 0
e 20 22 0
e 20 26 0
e 20 21 0
e 20 24 0
e 21 23 0
e 21 24 0
e 21 22 0
e 21 26 0
e 22 23 0
e 22 26 0
e 22 24 0
e 23 24 0
e 23 26 0
e 24 26 0
e 25 36 0
e 28 29 0
e 30 32 0
e 30 33 0
e 30 34 0
e 31 33 0
e 32 33 0
e 34 36 0
e 37 39 0
e 37 38 0
e 38 39 0
