t 32 45
v 0 9 2
v 1 13 5
v 2 6 2
v 3 6 4
v 4 9 5
v 5 12 1
v 6 7 1
v 7 7 3
v 8 13 3
v 9 8 3
v 10 8 5
v 11 8 3
v 12 13 7
v 13 10 3
v 14 1 1
v 15 2 2
v 16 10 4
v 17 12 1
v 18 8 2
v 19 14 6
v 20 3 1
v 21 6 2
v 22 11 3
v 23 11 3
v 24 8 3
v 25 11 2
v 26 4 2
v 27 0 1
v 28 1 3
v 29 14 2
v 30 12 2
v 31 7 3
e 0 7 0
e 0 21 0
e 1 3 0
e 1 4 0
e 1 12 0
e 1 16 0
e 1 19 0
e 2 28 0
e 2 30 0
e 3 4 0
e 3 12 0
e 3 19 0
e 4 12 0
e 4 16 0
e 4 19 0
e 5 24 0
e 6 8 0
e 7 19 0
e 7 12 0
e 8 10 0
e 8 12 0
e 9 13 0
e 9 11 0
e 9 10 0
e 10 15 0
e 10 11 0
e 10 20 0
e 11 13 0
e 12 16 0
e 12 19 0
e 13 15 0
e 14 31 0
e 16 19 0
e 17 22 0
e 18 31 0
e 18 23 0
e 21 22 0
e 22 24 0
e 23 30 0
e 23 29 0
e 24 25 0
e 25 26 0
e 26 28 0
e 27 28 0
e 29 31 0
