t 32 32
v 0 14 2
v 1 9 1
v 2 1 2
v 3 6 2
v 4 10 2
v 5 9 3
v 6 6 2
v 7 1 3
v 8 1 2
v 9 4 1
v 10 3 1
v 11 9 2
v 12 8 3
v 13 8 3
v 14 7 3
v 15 0 2
v 16 6 1
v 17 11 2
v 18 2 2
v 19 4 1
v 20 2 2
v 21 9 2
v 22 14 1
v 23 11 4
v 24 4 1
v 25 2 2
v 26 8 1
v 27 14 3
v 28 10 2
v 29 4 2
v 30 2 1
v 31 0 3
e 0 3 0
e 0 5 0
e 1 5 0
e 2 29 0
e 2 4 0
e 3 25 0
e 4 21 0
e 5 8 0
e 6 7 0
e 6 11 0
e 7 18 0
e 7 23 0
e 8 20 0
e 9 31 0
e 10 17 0
e 11 19 0
e 12 30 0
e 12 31 0
e 12 21 0
e 13 28 0
e 13 17 0
e 13 31 0
e 14 15 0
e 14 22 0
e 14 23 0
e 15 23 0
e 16 28 0
e 18 20 0
e 23 24 0
e 25 27 0
e 26 27 0
e 27 29 0
