t 32 54
v 0 4 1
v 1 13 6
v 2 5 3
v 3 5 3
v 4 10 4
v 5 10 6
v 6 10 3
v 7 11 6
v 8 0 2
v 9 9 10
v 10 5 6
v 11 3 1
v 12 14 3
v 13 9 2
v 14 4 6
v 15 9 2
v 16 4 3
v 17 1 6
v 18 9 2
v 19 0 3
v 20 1 6
v 21 6 3
v 22 11 2
v 23 11 3
v 24 1 3
v 25 10 2
v 26 12 2
v 27 8 2
v 28 6 2
v 29 10 2
v 30 12 2
v 31 0 1
e 0 6 0
e 1 17 0
e 1 9 0
e 1 14 0
e 1 10 0
e 1 20 0
e 1 7 0
e 2 3 0
e 2 5 0
e 2 9 0
e 3 5 0
e 3 9 0
e 4 5 0
e 4 19 0
e 4 16 0
e 4 6 0
e 5 19 0
e 5 16 0
e 5 9 0
e 6 21 0
e 7 9 0
e 7 10 0
e 7 14 0
e 7 17 0
e 7 20 0
e 8 13 0
e 8 28 0
e 9 11 0
e 9 14 0
e 9 10 0
e 9 20 0
e 9 17 0
e 10 20 0
e 10 14 0
e 10 17 0
e 12 22 0
e 12 21 0
e 12 18 0
e 13 29 0
e 14 20 0
e 14 17 0
e 15 27 0
e 15 23 0
e 16 19 0
e 17 20 0
e 18 21 0
e 22 23 0
e 23 24 0
e 24 25 0
e 24 26 0
e 25 26 0
e 27 28 0
e 29 30 0
e 30 31 0
