t 40 53
v 0 3 2
v 1 2 2
v 2 2 2
v 3 1 3
v 4 6 3
v 5 6 2
v 6 0 4
v 7 12 1
v 8 11 2
v 9 7 2
v 10 2 7
v 11 2 5
v 12 11 4
v 13 6 1
v 14 10 1
v 15 8 3
v 16 10 2
v 17 13 4
v 18 11 4
v 19 11 2
v 20 3 1
v 21 2 4
v 22 9 2
v 23 4 3
v 24 0 2
v 25 4 4
v 26 3 2
v 27 3 2
v 28 0 2
v 29 0 2
v 30 12 1
v 31 9 3
v 32 14 6
v 33 8 5
v 34 7 2
v 35 5 3
v 36 0 1
v 37 5 3
v 38 7 1
v 39 13 1
e 0 1 0
e 0 26 0
e 1 2 0
e 2 3 0
e 3 5 0
e 3 13 0
e 4 18 0
e 4 12 0
e 4 33 0
e 5 6 0
e 6 11 0
e 6 7 0
e 6 10 0
e 8 28 0
e 8 31 0
e 9 22 0
e 9 16 0
e 10 25 0
e 10 20 0
e 10 29 0
e 10 32 0
e 10 33 0
e 10 11 0
e 11 27 0
e 11 21 0
e 11 32 0
e 12 35 0
e 12 18 0
e 12 33 0
e 14 35 0
e 15 30 0
e 15 21 0
e 15 32 0
e 16 17 0
e 17 24 0
e 17 19 0
e 17 23 0
e 18 33 0
e 18 35 0
e 19 23 0
e 21 25 0
e 21 27 0
e 22 25 0
e 23 24 0
e 25 32 0
e 26 28 0
e 29 32 0
e 31 34 0
e 31 37 0
e 32 33 0
e 34 36 0
e 37 38 0
e 37 39 0
