t 32 60
v 0 5 7
v 1 0 2
v 2 12 6
v 3 10 2
v 4 0 2
v 5 2 4
v 6 0 3
v 7 7 3
v 8 12 5
v 9 12 4
v 10 5 13
v 11 5 3
v 12 13 3
v 13 8 3
v 14 11 5
v 15 1 8
v 16 10 1
v 17 0 2
v 18 13 7
v 19 3 3
v 20 12 4
v 21 9 4
v 22 12 3
v 23 0 1
v 24 2 4
v 25 7 3
v 26 12 2
v 27 12 5
v 28 3 3
v 29 2 1
v 30 7 2
v 31 11 2
e 0 20 0
e 0 5 0
e 0 10 0
e 0 15 0
e 0 2 0
e 0 21 0
e 0 24 0
e 1 26 0
e 1 4 0
e 2 18 0
e 2 8 0
e 2 17 0
e 2 10 0
e 2 15 0
e 3 6 0
e 3 10 0
e 4 24 0
e 5 20 0
e 5 21 0
e 5 24 0
e 6 9 0
e 6 10 0
e 7 28 0
e 7 25 0
e 7 27 0
e 8 9 0
e 8 10 0
e 8 15 0
e 8 18 0
e 9 10 0
e 9 18 0
e 10 19 0
e 10 12 0
e 10 15 0
e 10 16 0
e 10 18 0
e 10 11 0
e 10 13 0
e 11 19 0
e 11 18 0
e 12 15 0
e 12 13 0
e 13 15 0
e 14 27 0
e 14 29 0
e 14 31 0
e 14 30 0
e 14 22 0
e 15 18 0
e 15 17 0
e 18 19 0
e 20 21 0
e 20 24 0
e 21 23 0
e 22 27 0
e 22 26 0
e 25 27 0
e 25 28 0
e 27 28 0
e 30 31 0
