t 32 53
v 0 5 5
v 1 10 1
v 2 14 5
v 3 6 2
v 4 3 2
v 5 10 4
v 6 6 4
v 7 13 1
v 8 2 4
v 9 4 1
v 10 1 4
v 11 4 4
v 12 11 6
v 13 11 2
v 14 13 3
v 15 4 8
v 16 12 3
v 17 10 3
v 18 13 1
v 19 5 5
v 20 9 3
v 21 7 6
v 22 8 2
v 23 3 3
v 24 14 4
v 25 13 4
v 26 1 4
v 27 13 3
v 28 6 2
v 29 12 2
v 30 3 3
v 31 14 2
e 0 2 0
e 0 5 0
e 0 11 0
e 0 4 0
e 0 15 0
e 1 17 0
e 2 7 0
e 2 5 0
e 2 11 0
e 2 15 0
e 3 20 0
e 3 9 0
e 4 16 0
e 5 11 0
e 5 15 0
e 6 8 0
e 6 21 0
e 6 10 0
e 6 15 0
e 8 21 0
e 8 10 0
e 8 15 0
e 10 15 0
e 10 21 0
e 11 15 0
e 12 19 0
e 12 28 0
e 12 26 0
e 12 24 0
e 12 25 0
e 12 27 0
e 13 14 0
e 13 21 0
e 14 17 0
e 14 21 0
e 15 21 0
e 16 22 0
e 16 23 0
e 17 18 0
e 19 26 0
e 19 24 0
e 19 25 0
e 19 23 0
e 20 31 0
e 20 30 0
e 22 23 0
e 24 25 0
e 24 26 0
e 25 26 0
e 27 28 0
e 27 29 0
e 29 30 0
e 30 31 0
