t 32 40
v 0 10 2
v 1 8 2
v 2 13 5
v 3 7 4
v 4 10 4
v 5 3 2
v 6 6 1
v 7 12 4
v 8 13 3
v 9 12 5
v 10 14 2
v 11 6 2
v 12 11 2
v 13 1 2
v 14 10 4
v 15 9 4
v 16 12 4
v 17 10 2
v 18 5 2
v 19 13 1
v 20 2 2
v 21 8 2
v 22 12 3
v 23 14 1
v 24 13 2
v 25 12 2
v 26 11 3
v 27 13 1
v 28 13 2
v 29 2 2
v 30 10 2
v 31 1 1
e 0 2 0
e 0 15 0
e 1 9 0
e 1 21 0
e 2 8 0
e 2 4 0
e 2 9 0
e 2 16 0
e 3 7 0
e 3 13 0
e 3 16 0
e 3 15 0
e 4 8 0
e 4 9 0
e 4 14 0
e 5 28 0
e 5 29 0
e 6 14 0
e 7 11 0
e 7 17 0
e 7 22 0
e 8 14 0
e 9 14 0
e 9 21 0
e 10 13 0
e 10 15 0
e 11 23 0
e 12 30 0
e 12 31 0
e 15 16 0
e 16 19 0
e 17 22 0
e 18 25 0
e 18 22 0
e 20 30 0
e 20 29 0
e 24 26 0
e 24 25 0
e 26 28 0
e 26 27 0
