t 40 41
v 0 11 3
v 1 8 1
v 2 5 4
v 3 4 2
v 4 14 3
v 5 0 2
v 6 4 2
v 7 10 1
v 8 3 2
v 9 13 2
v 10 6 2
v 11 4 2
v 12 4 2
v 13 13 3
v 14 5 2
v 15 5 4
v 16 3 1
v 17 4 2
v 18 6 2
v 19 8 2
v 20 0 2
v 21 0 2
v 22 6 1
v 23 5 2
v 24 7 1
v 25 9 2
v 26 9 2
v 27 9 2
v 28 12 2
v 29 12 1
v 30 5 2
v 31 10 4
v 32 6 2
v 33 0 2
v 34 13 2
v 35 6 2
v 36 7 2
v 37 8 2
v 38 5 2
v 39 0 1
e 0 7 0
e 0 13 0
e 0 2 0
e 1 13 0
e 2 16 0
e 2 24 0
e 2 15 0
e 3 17 0
e 3 6 0
e 4 18 0
e 4 22 0
e 4 34 0
e 5 39 0
e 5 15 0
e 6 8 0
e 8 9 0
e 9 20 0
e 10 21 0
e 10 25 0
e 11 20 0
e 11 12 0
e 12 14 0
e 13 28 0
e 14 35 0
e 15 36 0
e 15 38 0
e 17 26 0
e 18 33 0
e 19 32 0
e 19 35 0
e 21 31 0
e 23 37 0
e 23 34 0
e 25 33 0
e 26 28 0
e 27 30 0
e 27 31 0
e 29 31 0
e 30 31 0
e 32 37 0
e 36 38 0
