t 24 32
v 0 3 2
v 1 0 2
v 2 8 2
v 3 8 2
v 4 5 3
v 5 3 2
v 6 14 2
v 7 9 4
v 8 5 2
v 9 4 3
v 10 3 4
v 11 8 2
v 12 4 5
v 13 1 2
v 14 13 2
v 15 13 4
v 16 12 2
v 17 8 3
v 18 14 3
v 19 0 6
v 20 6 2
v 21 10 2
v 22 7 1
v 23 2 2
e 0 6 0
e 0 11 0
e 1 2 0
e 1 16 0
e 2 6 0
e 3 16 0
e 3 8 0
e 4 15 0
e 4 10 0
e 4 12 0
e 5 18 0
e 5 11 0
e 7 23 0
e 7 9 0
e 7 18 0
e 7 19 0
e 8 13 0
e 9 20 0
e 9 19 0
e 10 17 0
e 10 15 0
e 10 12 0
e 12 17 0
e 12 15 0
e 12 14 0
e 13 17 0
e 14 15 0
e 18 19 0
e 19 21 0
e 19 20 0
e 19 23 0
e 21 22 0
