t 40 47
v 0 8 1
v 1 5 2
v 2 7 1
v 3 5 1
v 4 7 5
v 5 11 6
v 6 11 2
v 7 3 2
v 8 11 1
v 9 10 2
v 10 14 2
v 11 2 2
v 12 12 6
v 13 14 2
v 14 12 2
v 15 13 1
v 16 14 3
v 17 4 3
v 18 4 2
v 19 2 2
v 20 8 2
v 21 10 1
v 22 7 3
v 23 0 4
v 24 4 3
v 25 2 2
v 26 7 2
v 27 8 4
v 28 11 1
v 29 0 3
v 30 13 2
v 31 1 4
v 32 8 2
v 33 2 4
v 34 0 2
v 35 6 1
v 36 13 2
v 37 4 1
v 38 10 2
v 39 10 1
e 0 4 0
e 1 10 0
e 1 20 0
e 2 4 0
e 3 20 0
e 4 17 0
e 4 10 0
e 4 16 0
e 5 30 0
e 5 29 0
e 5 24 0
e 5 28 0
e 5 15 0
e 5 12 0
e 6 11 0
e 6 25 0
e 7 11 0
e 7 14 0
e 8 29 0
e 9 36 0
e 9 12 0
e 12 31 0
e 12 33 0
e 12 27 0
e 12 23 0
e 13 16 0
e 13 25 0
e 14 34 0
e 16 17 0
e 17 39 0
e 18 19 0
e 18 26 0
e 19 23 0
e 21 23 0
e 22 31 0
e 22 33 0
e 22 27 0
e 23 32 0
e 24 29 0
e 24 30 0
e 26 38 0
e 27 31 0
e 27 33 0
e 31 33 0
e 32 35 0
e 34 38 0
e 36 37 0
