t 24 32
v 0 14 2
v 1 8 1
v 2 1 4
v 3 9 5
v 4 9 4
v 5 2 1
v 6 5 1
v 7 7 3
v 8 11 2
v 9 14 2
v 10 14 4
v 11 13 4
v 12 11 4
v 13 13 3
v 14 12 2
v 15 4 6
v 16 5 4
v 17 0 3
v 18 5 1
v 19 1 2
v 20 10 2
v 21 12 1
v 22 8 2
v 23 4 1
e 0 3 0
e 0 9 0
e 1 2 0
e 2 16 0
e 2 4 0
e 2 15 0
e 3 10 0
e 3 7 0
e 3 6 0
e 3 13 0
e 4 17 0
e 4 16 0
e 4 15 0
e 5 15 0
e 7 10 0
e 7 13 0
e 8 19 0
e 8 22 0
e 9 12 0
e 10 13 0
e 10 14 0
e 11 19 0
e 11 12 0
e 11 20 0
e 11 21 0
e 12 20 0
e 12 18 0
e 14 15 0
e 15 17 0
e 15 16 0
e 16 17 0
e 22 23 0
