t 16 46
v 0 6 6
v 1 0 4
v 2 2 5
v 3 4 6
v 4 12 4
v 5 13 2
v 6 10 9
v 7 9 4
v 8 11 7
v 9 9 6
v 10 14 5
v 11 5 5
v 12 2 11
v 13 9 6
v 14 2 2
v 15 2 10
e 0 13 0
e 0 2 0
e 0 3 0
e 0 6 0
e 0 12 0
e 0 15 0
e 1 7 0
e 1 2 0
e 1 4 0
e 1 6 0
e 2 7 0
e 2 4 0
e 2 6 0
e 3 13 0
e 3 6 0
e 3 8 0
e 3 12 0
e 3 15 0
e 4 7 0
e 4 6 0
e 5 12 0
e 5 15 0
e 6 13 0
e 6 7 0
e 6 12 0
e 6 15 0
e 8 13 0
e 8 11 0
e 8 9 0
e 8 10 0
e 8 12 0
e 8 15 0
e 9 14 0
e 9 12 0
e 9 10 0
e 9 15 0
e 9 11 0
e 10 15 0
e 10 11 0
e 10 12 0
e 11 12 0
e 11 15 0
e 12 13 0
e 12 15 0
e 12 14 0
e 13 15 0
