t 40 50
v 0 8 3
v 1 9 1
v 2 5 3
v 3 5 1
v 4 14 2
v 5 0 4
v 6 3 3
v 7 9 2
v 8 13 1
v 9 4 3
v 10 13 3
v 11 2 2
v 12 12 2
v 13 7 2
v 14 12 4
v 15 13 3
v 16 14 1
v 17 9 5
v 18 11 4
v 19 8 2
v 20 11 4
v 21 5 4
v 22 7 2
v 23 0 2
v 24 8 2
v 25 11 1
v 26 10 2
v 27 0 3
v 28 2 2
v 29 1 2
v 30 13 4
v 31 8 1
v 32 8 2
v 33 8 3
v 34 12 4
v 35 11 2
v 36 9 4
v 37 6 2
v 38 11 2
v 39 7 1
e 0 14 0
e 0 18 0
e 0 37 0
e 1 18 0
e 2 13 0
e 2 12 0
e 2 9 0
e 3 21 0
e 4 7 0
e 4 21 0
e 5 29 0
e 5 27 0
e 5 22 0
e 5 20 0
e 6 26 0
e 6 17 0
e 6 34 0
e 7 10 0
e 8 21 0
e 9 13 0
e 9 21 0
e 10 15 0
e 10 11 0
e 11 15 0
e 12 33 0
e 14 18 0
e 14 38 0
e 14 37 0
e 15 35 0
e 16 17 0
e 17 35 0
e 17 34 0
e 17 26 0
e 18 33 0
e 19 28 0
e 19 20 0
e 20 27 0
e 20 22 0
e 23 28 0
e 23 30 0
e 24 34 0
e 24 36 0
e 25 33 0
e 27 29 0
e 30 32 0
e 30 36 0
e 30 31 0
e 32 36 0
e 34 36 0
e 38 39 0
