t 40 58
v 0 2 3
v 1 1 2
v 2 1 4
v 3 3 3
v 4 10 3
v 5 13 4
v 6 14 2
v 7 10 3
v 8 4 2
v 9 7 3
v 10 14 3
v 11 1 2
v 12 1 1
v 13 14 3
v 14 3 4
v 15 11 2
v 16 2 4
v 17 3 2
v 18 11 2
v 19 9 5
v 20 2 3
v 21 4 5
v 22 13 4
v 23 2 2
v 24 4 6
v 25 2 2
v 26 4 4
v 27 4 1
v 28 9 6
v 29 11 1
v 30 3 2
v 31 12 5
v 32 3 5
v 33 10 2
v 34 12 4
v 35 4 2
v 36 1 1
v 37 11 1
v 38 0 1
v 39 4 2
e 0 1 0
e 0 36 0
e 0 37 0
e 1 20 0
e 2 4 0
e 2 3 0
e 2 5 0
e 2 13 0
e 3 4 0
e 3 5 0
e 4 5 0
e 5 6 0
e 6 7 0
e 7 8 0
e 7 9 0
e 8 9 0
e 9 30 0
e 10 14 0
e 10 23 0
e 10 32 0
e 11 29 0
e 11 13 0
e 12 16 0
e 13 20 0
e 14 23 0
e 14 16 0
e 14 32 0
e 15 16 0
e 15 25 0
e 16 32 0
e 17 24 0
e 17 31 0
e 18 25 0
e 18 30 0
e 19 21 0
e 19 24 0
e 19 28 0
e 19 31 0
e 19 34 0
e 20 39 0
e 21 26 0
e 21 24 0
e 21 28 0
e 21 34 0
e 22 33 0
e 22 27 0
e 22 32 0
e 22 35 0
e 24 34 0
e 24 28 0
e 24 26 0
e 26 28 0
e 26 31 0
e 28 31 0
e 28 34 0
e 31 35 0
e 32 33 0
e 38 39 0
