t 40 61
v 0 14 2
v 1 10 4
v 2 5 4
v 3 5 3
v 4 5 3
v 5 3 2
v 6 7 4
v 7 7 2
v 8 8 3
v 9 7 2
v 10 2 9
v 11 0 1
v 12 14 4
v 13 4 2
v 14 8 4
v 15 13 2
v 16 9 2
v 17 0 1
v 18 6 4
v 19 9 5
v 20 4 4
v 21 2 1
v 22 5 2
v 23 9 2
v 24 13 1
v 25 4 2
v 26 7 5
v 27 9 2
v 28 3 6
v 29 4 3
v 30 6 2
v 31 0 4
v 32 7 3
v 33 4 3
v 34 3 3
v 35 2 5
v 36 3 6
v 37 12 2
v 38 4 1
v 39 2 2
e 0 1 0
e 0 32 0
e 1 12 0
e 1 32 0
e 1 10 0
e 2 3 0
e 2 8 0
e 2 10 0
e 2 12 0
e 3 4 0
e 3 10 0
e 4 15 0
e 4 10 0
e 5 13 0
e 5 14 0
e 6 18 0
e 6 19 0
e 6 20 0
e 6 26 0
e 7 9 0
e 7 31 0
e 8 12 0
e 8 10 0
e 9 14 0
e 10 15 0
e 10 29 0
e 10 12 0
e 10 31 0
e 11 30 0
e 13 16 0
e 14 17 0
e 14 21 0
e 16 36 0
e 18 19 0
e 18 20 0
e 18 26 0
e 19 25 0
e 19 26 0
e 19 20 0
e 20 26 0
e 22 28 0
e 22 30 0
e 23 29 0
e 23 31 0
e 24 26 0
e 25 28 0
e 27 35 0
e 27 36 0
e 28 35 0
e 28 33 0
e 28 34 0
e 28 36 0
e 29 31 0
e 32 37 0
e 33 35 0
e 33 36 0
e 34 35 0
e 34 36 0
e 35 36 0
e 37 39 0
e 38 39 0
