t 32 37
v 0 7 2
v 1 3 2
v 2 13 1
v 3 11 1
v 4 11 1
v 5 6 1
v 6 10 2
v 7 14 3
v 8 13 3
v 9 12 1
v 10 0 1
v 11 14 2
v 12 2 2
v 13 9 4
v 14 9 2
v 15 10 1
v 16 0 1
v 17 3 6
v 18 12 2
v 19 0 3
v 20 11 4
v 21 10 1
v 22 7 1
v 23 2 3
v 24 4 2
v 25 13 2
v 26 7 4
v 27 4 3
v 28 13 4
v 29 7 3
v 30 12 4
v 31 4 2
e 0 1 0
e 0 8 0
e 1 13 0
e 2 30 0
e 3 13 0
e 4 19 0
e 5 13 0
e 6 14 0
e 6 29 0
e 7 15 0
e 7 22 0
e 7 20 0
e 8 16 0
e 8 18 0
e 9 19 0
e 10 20 0
e 11 12 0
e 11 13 0
e 12 30 0
e 14 27 0
e 17 28 0
e 17 26 0
e 17 31 0
e 17 24 0
e 17 23 0
e 17 30 0
e 18 19 0
e 20 29 0
e 20 25 0
e 21 27 0
e 23 26 0
e 23 28 0
e 24 28 0
e 25 29 0
e 26 28 0
e 26 31 0
e 27 30 0
