t 40 40
v 0 0 2
v 1 10 2
v 2 7 2
v 3 1 2
v 4 6 2
v 5 2 3
v 6 9 2
v 7 10 2
v 8 8 2
v 9 11 3
v 10 5 2
v 11 6 1
v 12 7 1
v 13 8 2
v 14 7 2
v 15 5 1
v 16 3 2
v 17 12 3
v 18 5 2
v 19 0 2
v 20 2 2
v 21 9 1
v 22 3 1
v 23 4 2
v 24 7 2
v 25 0 2
v 26 2 4
v 27 5 2
v 28 12 1
v 29 9 2
v 30 7 2
v 31 1 2
v 32 2 2
v 33 9 2
v 34 11 3
v 35 6 1
v 36 4 2
v 37 13 2
v 38 10 2
v 39 10 3
e 0 1 0
e 0 17 0
e 1 37 0
e 2 23 0
e 2 20 0
e 3 13 0
e 3 39 0
e 4 7 0
e 4 6 0
e 5 26 0
e 5 16 0
e 5 14 0
e 6 18 0
e 7 14 0
e 8 12 0
e 8 19 0
e 9 25 0
e 9 11 0
e 9 22 0
e 10 25 0
e 10 39 0
e 13 18 0
e 15 39 0
e 16 26 0
e 17 35 0
e 17 19 0
e 20 38 0
e 21 34 0
e 23 30 0
e 24 31 0
e 24 38 0
e 26 28 0
e 26 27 0
e 27 29 0
e 29 30 0
e 31 32 0
e 32 34 0
e 33 36 0
e 33 34 0
e 36 37 0
