t 32 35
v 0 13 1
v 1 14 1
v 2 11 1
v 3 12 3
v 4 2 6
v 5 12 1
v 6 13 2
v 7 14 3
v 8 0 1
v 9 11 2
v 10 10 2
v 11 1 5
v 12 14 2
v 13 11 3
v 14 14 2
v 15 2 2
v 16 13 3
v 17 2 2
v 18 10 2
v 19 3 1
v 20 10 2
v 21 13 2
v 22 2 3
v 23 13 1
v 24 4 1
v 25 10 3
v 26 6 3
v 27 12 1
v 28 3 2
v 29 13 2
v 30 0 2
v 31 9 3
e 0 7 0
e 1 7 0
e 2 11 0
e 3 22 0
e 3 11 0
e 3 21 0
e 4 15 0
e 4 16 0
e 4 8 0
e 4 9 0
e 4 11 0
e 4 23 0
e 5 13 0
e 6 30 0
e 6 31 0
e 7 10 0
e 9 17 0
e 10 13 0
e 11 16 0
e 11 22 0
e 12 29 0
e 12 31 0
e 13 21 0
e 14 25 0
e 14 26 0
e 15 16 0
e 17 20 0
e 18 20 0
e 18 25 0
e 19 22 0
e 24 25 0
e 26 27 0
e 26 28 0
e 28 29 0
e 30 31 0
