t 40 55
v 0 12 2
v 1 0 2
v 2 5 5
v 3 11 4
v 4 10 3
v 5 6 3
v 6 3 2
v 7 2 2
v 8 8 2
v 9 6 2
v 10 5 3
v 11 6 1
v 12 0 3
v 13 0 2
v 14 8 2
v 15 9 5
v 16 14 3
v 17 10 2
v 18 5 7
v 19 2 1
v 20 0 1
v 21 4 3
v 22 14 3
v 23 9 2
v 24 14 2
v 25 1 1
v 26 3 4
v 27 5 2
v 28 9 3
v 29 4 2
v 30 1 5
v 31 11 2
v 32 4 4
v 33 4 2
v 34 0 5
v 35 10 2
v 36 6 2
v 37 11 2
v 38 4 5
v 39 12 2
e 0 16 0
e 0 35 0
e 1 36 0
e 1 28 0
e 2 4 0
e 2 26 0
e 2 30 0
e 2 32 0
e 2 34 0
e 3 20 0
e 3 15 0
e 3 18 0
e 3 38 0
e 4 23 0
e 4 24 0
e 5 19 0
e 5 9 0
e 5 16 0
e 6 7 0
e 6 13 0
e 7 31 0
e 8 22 0
e 8 14 0
e 9 16 0
e 10 37 0
e 10 35 0
e 10 28 0
e 11 38 0
e 12 39 0
e 12 15 0
e 12 18 0
e 13 18 0
e 14 17 0
e 15 18 0
e 15 38 0
e 15 21 0
e 17 31 0
e 18 39 0
e 18 38 0
e 18 21 0
e 21 38 0
e 22 25 0
e 22 27 0
e 23 24 0
e 26 30 0
e 26 32 0
e 26 34 0
e 27 33 0
e 28 37 0
e 29 34 0
e 29 36 0
e 30 33 0
e 30 32 0
e 30 34 0
e 32 34 0
