t 24 31
v 0 0 2
v 1 14 2
v 2 12 1
v 3 13 3
v 4 2 1
v 5 7 2
v 6 13 3
v 7 14 2
v 8 6 2
v 9 0 5
v 10 2 5
v 11 7 1
v 12 10 7
v 13 1 2
v 14 13 1
v 15 2 3
v 16 14 1
v 17 4 3
v 18 8 3
v 19 10 3
v 20 3 4
v 21 12 2
v 22 2 1
v 23 0 3
e 0 10 0
e 0 8 0
e 1 14 0
e 1 12 0
e 2 5 0
e 3 6 0
e 3 15 0
e 3 8 0
e 4 21 0
e 5 10 0
e 6 7 0
e 6 15 0
e 7 23 0
e 9 20 0
e 9 18 0
e 9 17 0
e 9 19 0
e 9 10 0
e 10 12 0
e 10 17 0
e 11 12 0
e 12 13 0
e 12 18 0
e 12 17 0
e 12 19 0
e 13 20 0
e 15 16 0
e 18 20 0
e 19 20 0
e 21 23 0
e 22 23 0
