t 32 40
v 0 10 2
v 1 1 2
v 2 12 3
v 3 1 2
v 4 6 2
v 5 0 2
v 6 1 2
v 7 5 3
v 8 2 1
v 9 7 3
v 10 5 2
v 11 5 3
v 12 5 2
v 13 3 5
v 14 4 2
v 15 11 3
v 16 12 2
v 17 10 5
v 18 0 3
v 19 1 3
v 20 2 2
v 21 9 2
v 22 2 3
v 23 1 2
v 24 13 1
v 25 4 3
v 26 6 2
v 27 12 6
v 28 14 3
v 29 11 1
v 30 9 2
v 31 12 1
e 0 23 0
e 0 12 0
e 1 11 0
e 1 18 0
e 2 17 0
e 2 13 0
e 2 27 0
e 3 4 0
e 3 30 0
e 4 31 0
e 5 16 0
e 5 9 0
e 6 22 0
e 6 15 0
e 7 21 0
e 7 14 0
e 7 9 0
e 8 27 0
e 9 21 0
e 10 14 0
e 10 15 0
e 11 18 0
e 11 22 0
e 12 20 0
e 13 17 0
e 13 19 0
e 13 27 0
e 13 28 0
e 15 30 0
e 16 20 0
e 17 29 0
e 17 19 0
e 17 27 0
e 18 22 0
e 19 28 0
e 23 25 0
e 24 25 0
e 25 26 0
e 26 27 0
e 27 28 0
