t 24 42
v 0 14 3
v 1 6 4
v 2 12 4
v 3 12 6
v 4 2 2
v 5 3 7
v 6 4 1
v 7 8 4
v 8 0 2
v 9 0 5
v 10 13 4
v 11 8 4
v 12 8 4
v 13 3 6
v 14 3 2
v 15 2 4
v 16 14 3
v 17 2 3
v 18 0 4
v 19 8 4
v 20 14 2
v 21 10 1
v 22 8 3
v 23 13 2
e 0 3 0
e 0 19 0
e 0 5 0
e 1 2 0
e 1 10 0
e 1 3 0
e 1 5 0
e 2 10 0
e 2 3 0
e 2 5 0
e 3 10 0
e 3 5 0
e 3 19 0
e 4 14 0
e 4 16 0
e 5 19 0
e 5 7 0
e 5 10 0
e 6 7 0
e 7 11 0
e 7 8 0
e 8 11 0
e 9 17 0
e 9 13 0
e 9 12 0
e 9 15 0
e 9 18 0
e 11 13 0
e 11 17 0
e 12 15 0
e 12 18 0
e 12 13 0
e 13 15 0
e 13 18 0
e 13 17 0
e 14 19 0
e 15 18 0
e 16 20 0
e 16 22 0
e 20 22 0
e 21 23 0
e 22 23 0
