t 32 47
v 0 14 4
v 1 1 3
v 2 5 1
v 3 9 5
v 4 5 3
v 5 14 2
v 6 9 3
v 7 14 3
v 8 8 5
v 9 0 4
v 10 8 4
v 11 2 1
v 12 8 2
v 13 12 2
v 14 12 3
v 15 12 3
v 16 4 2
v 17 4 4
v 18 5 4
v 19 7 1
v 20 12 2
v 21 7 2
v 22 11 3
v 23 2 2
v 24 6 5
v 25 3 6
v 26 12 2
v 27 14 5
v 28 10 3
v 29 11 1
v 30 10 2
v 31 0 2
e 0 6 0
e 0 10 0
e 0 23 0
e 0 25 0
e 1 21 0
e 1 14 0
e 1 7 0
e 2 22 0
e 3 6 0
e 3 10 0
e 3 20 0
e 3 23 0
e 3 25 0
e 4 8 0
e 4 16 0
e 4 25 0
e 5 9 0
e 5 24 0
e 6 10 0
e 7 8 0
e 7 18 0
e 8 16 0
e 8 19 0
e 8 11 0
e 9 28 0
e 9 17 0
e 9 15 0
e 10 25 0
e 12 13 0
e 12 14 0
e 13 18 0
e 14 18 0
e 15 25 0
e 15 22 0
e 17 31 0
e 17 24 0
e 17 27 0
e 18 21 0
e 20 25 0
e 22 24 0
e 24 26 0
e 24 27 0
e 26 28 0
e 27 31 0
e 27 28 0
e 27 30 0
e 29 30 0
