t 24 32
v 0 12 3
v 1 2 5
v 2 12 1
v 3 7 1
v 4 12 3
v 5 9 4
v 6 9 1
v 7 0 2
v 8 4 5
v 9 1 5
v 10 3 2
v 11 6 2
v 12 7 6
v 13 5 2
v 14 11 4
v 15 4 2
v 16 4 3
v 17 13 2
v 18 4 1
v 19 13 2
v 20 5 2
v 21 3 3
v 22 11 2
v 23 0 1
e 0 16 0
e 0 8 0
e 0 9 0
e 1 12 0
e 1 14 0
e 1 9 0
e 1 5 0
e 1 4 0
e 2 8 0
e 3 5 0
e 4 17 0
e 4 12 0
e 5 6 0
e 5 12 0
e 7 19 0
e 7 10 0
e 8 16 0
e 8 9 0
e 8 11 0
e 9 16 0
e 9 12 0
e 10 11 0
e 12 13 0
e 12 14 0
e 13 14 0
e 14 17 0
e 15 20 0
e 15 19 0
e 18 21 0
e 20 21 0
e 21 22 0
e 22 23 0
