t 40 53
v 0 12 3
v 1 4 2
v 2 0 3
v 3 6 3
v 4 8 2
v 5 8 1
v 6 9 3
v 7 4 3
v 8 13 5
v 9 1 3
v 10 12 3
v 11 6 2
v 12 11 2
v 13 6 2
v 14 1 2
v 15 6 4
v 16 1 3
v 17 8 4
v 18 4 2
v 19 7 5
v 20 7 2
v 21 3 2
v 22 6 1
v 23 7 2
v 24 4 2
v 25 6 2
v 26 9 2
v 27 4 4
v 28 4 2
v 29 8 2
v 30 5 3
v 31 8 3
v 32 14 5
v 33 7 4
v 34 7 3
v 35 11 3
v 36 8 2
v 37 8 2
v 38 0 2
v 39 1 1
e 0 20 0
e 0 19 0
e 0 28 0
e 1 31 0
e 1 33 0
e 2 4 0
e 2 8 0
e 2 19 0
e 3 15 0
e 3 7 0
e 3 35 0
e 4 8 0
e 5 8 0
e 6 15 0
e 6 25 0
e 6 22 0
e 7 15 0
e 7 35 0
e 8 19 0
e 8 10 0
e 9 23 0
e 9 32 0
e 9 34 0
e 10 11 0
e 10 19 0
e 11 13 0
e 12 13 0
e 12 30 0
e 14 17 0
e 14 27 0
e 15 35 0
e 16 17 0
e 16 27 0
e 16 30 0
e 17 18 0
e 17 27 0
e 18 29 0
e 19 20 0
e 21 32 0
e 21 33 0
e 23 32 0
e 24 26 0
e 24 29 0
e 25 31 0
e 26 36 0
e 27 30 0
e 28 37 0
e 31 33 0
e 32 33 0
e 32 34 0
e 34 36 0
e 37 38 0
e 38 39 0
