t 32 46
v 0 11 1
v 1 3 3
v 2 7 2
v 3 11 2
v 4 11 4
v 5 0 4
v 6 6 2
v 7 13 4
v 8 1 1
v 9 13 4
v 10 13 4
v 11 0 3
v 12 13 2
v 13 14 2
v 14 8 3
v 15 5 3
v 16 5 2
v 17 9 2
v 18 9 2
v 19 8 3
v 20 8 2
v 21 14 5
v 22 8 5
v 23 8 4
v 24 0 3
v 25 7 3
v 26 9 3
v 27 8 5
v 28 5 3
v 29 8 2
v 30 11 3
v 31 12 1
e 0 3 0
e 1 5 0
e 1 11 0
e 1 3 0
e 2 5 0
e 2 6 0
e 4 21 0
e 4 7 0
e 4 22 0
e 4 23 0
e 5 6 0
e 5 20 0
e 7 21 0
e 7 23 0
e 7 22 0
e 8 11 0
e 9 18 0
e 9 14 0
e 9 16 0
e 9 17 0
e 10 25 0
e 10 27 0
e 10 28 0
e 10 30 0
e 11 15 0
e 12 24 0
e 12 26 0
e 13 15 0
e 13 19 0
e 14 17 0
e 14 18 0
e 15 19 0
e 16 19 0
e 20 22 0
e 21 24 0
e 21 22 0
e 21 23 0
e 22 23 0
e 24 26 0
e 25 27 0
e 25 31 0
e 26 27 0
e 27 30 0
e 27 29 0
e 28 29 0
e 28 30 0
