t 40 70
v 0 12 3
v 1 13 3
v 2 11 4
v 3 4 6
v 4 8 1
v 5 3 3
v 6 7 2
v 7 7 7
v 8 6 2
v 9 0 4
v 10 5 2
v 11 1 2
v 12 6 2
v 13 10 2
v 14 14 4
v 15 13 4
v 16 6 2
v 17 0 2
v 18 6 4
v 19 11 9
v 20 11 5
v 21 6 4
v 22 13 3
v 23 4 6
v 24 3 1
v 25 3 3
v 26 7 4
v 27 8 2
v 28 1 7
v 29 4 4
v 30 5 2
v 31 12 1
v 32 2 3
v 33 7 5
v 34 6 6
v 35 8 5
v 36 5 2
v 37 0 3
v 38 0 3
v 39 3 3
e 0 14 0
e 0 7 0
e 0 18 0
e 1 18 0
e 1 3 0
e 1 14 0
e 2 26 0
e 2 11 0
e 2 3 0
e 2 34 0
e 3 9 0
e 3 26 0
e 3 5 0
e 3 32 0
e 4 7 0
e 5 9 0
e 5 34 0
e 6 13 0
e 6 36 0
e 7 38 0
e 7 39 0
e 7 18 0
e 7 14 0
e 7 25 0
e 8 9 0
e 8 34 0
e 9 34 0
e 10 12 0
e 10 32 0
e 11 34 0
e 12 36 0
e 13 27 0
e 14 18 0
e 15 31 0
e 15 27 0
e 15 19 0
e 15 35 0
e 16 29 0
e 16 19 0
e 17 20 0
e 17 33 0
e 19 35 0
e 19 33 0
e 19 29 0
e 19 37 0
e 19 22 0
e 19 23 0
e 19 28 0
e 20 33 0
e 20 30 0
e 20 23 0
e 20 21 0
e 21 33 0
e 21 30 0
e 21 23 0
e 22 28 0
e 22 29 0
e 23 37 0
e 23 28 0
e 23 35 0
e 24 28 0
e 25 38 0
e 25 39 0
e 26 32 0
e 26 34 0
e 28 35 0
e 28 29 0
e 28 37 0
e 33 35 0
e 38 39 0
