t 40 51
v 0 6 2
v 1 2 2
v 2 10 1
v 3 14 2
v 4 13 4
v 5 8 3
v 6 1 5
v 7 11 2
v 8 0 1
v 9 8 1
v 10 7 3
v 11 0 3
v 12 9 1
v 13 1 3
v 14 5 2
v 15 13 4
v 16 9 3
v 17 10 3
v 18 3 4
v 19 2 1
v 20 12 2
v 21 13 2
v 22 2 5
v 23 8 2
v 24 4 1
v 25 8 2
v 26 14 2
v 27 5 2
v 28 10 7
v 29 3 1
v 30 6 1
v 31 10 3
v 32 9 1
v 33 4 3
v 34 1 3
v 35 9 5
v 36 4 4
v 37 7 1
v 38 6 2
v 39 0 3
e 0 1 0
e 0 13 0
e 1 3 0
e 2 11 0
e 3 16 0
e 4 10 0
e 4 29 0
e 4 14 0
e 4 15 0
e 5 27 0
e 5 17 0
e 5 18 0
e 6 22 0
e 6 16 0
e 6 28 0
e 6 35 0
e 6 39 0
e 7 38 0
e 7 31 0
e 8 13 0
e 9 21 0
e 10 11 0
e 10 25 0
e 11 25 0
e 12 26 0
e 13 23 0
e 14 15 0
e 15 20 0
e 15 24 0
e 16 28 0
e 17 27 0
e 17 26 0
e 18 33 0
e 18 20 0
e 18 34 0
e 19 31 0
e 21 31 0
e 22 28 0
e 22 35 0
e 22 36 0
e 22 39 0
e 23 38 0
e 28 34 0
e 28 30 0
e 28 36 0
e 28 35 0
e 32 33 0
e 33 34 0
e 35 39 0
e 35 36 0
e 36 37 0
