t 24 35
v 0 10 2
v 1 14 3
v 2 9 3
v 3 10 2
v 4 14 2
v 5 7 4
v 6 10 2
v 7 1 3
v 8 2 3
v 9 0 3
v 10 9 2
v 11 13 4
v 12 10 4
v 13 10 1
v 14 4 4
v 15 3 3
v 16 11 2
v 17 10 3
v 18 11 2
v 19 1 1
v 20 9 4
v 21 4 3
v 22 2 7
v 23 12 3
e 0 5 0
e 0 6 0
e 1 14 0
e 1 2 0
e 1 22 0
e 2 14 0
e 2 6 0
e 3 9 0
e 3 23 0
e 4 5 0
e 4 11 0
e 5 11 0
e 5 10 0
e 7 12 0
e 7 18 0
e 7 15 0
e 8 20 0
e 8 21 0
e 8 22 0
e 9 23 0
e 9 22 0
e 10 11 0
e 11 15 0
e 12 17 0
e 12 16 0
e 12 18 0
e 13 15 0
e 14 20 0
e 14 22 0
e 16 17 0
e 17 19 0
e 20 21 0
e 20 22 0
e 21 22 0
e 22 23 0
