t 32 41
v 0 14 3
v 1 5 3
v 2 0 2
v 3 9 2
v 4 6 2
v 5 10 3
v 6 2 3
v 7 13 2
v 8 1 4
v 9 8 5
v 10 10 5
v 11 0 4
v 12 14 2
v 13 13 1
v 14 6 4
v 15 5 2
v 16 11 2
v 17 11 2
v 18 9 2
v 19 7 3
v 20 5 3
v 21 9 2
v 22 3 4
v 23 2 2
v 24 5 2
v 25 12 1
v 26 14 2
v 27 0 1
v 28 13 2
v 29 8 2
v 30 0 4
v 31 9 1
e 0 5 0
e 0 2 0
e 0 11 0
e 1 19 0
e 1 8 0
e 1 29 0
e 2 11 0
e 3 10 0
e 3 22 0
e 4 12 0
e 4 14 0
e 5 11 0
e 5 23 0
e 6 13 0
e 6 18 0
e 6 20 0
e 7 9 0
e 7 20 0
e 8 19 0
e 8 24 0
e 8 28 0
e 9 15 0
e 9 10 0
e 9 17 0
e 9 20 0
e 10 17 0
e 10 22 0
e 10 21 0
e 11 18 0
e 12 14 0
e 14 31 0
e 14 30 0
e 15 22 0
e 16 29 0
e 16 30 0
e 19 28 0
e 21 22 0
e 23 30 0
e 24 26 0
e 25 26 0
e 27 30 0
