t 40 52
v 0 9 2
v 1 8 2
v 2 2 2
v 3 0 6
v 4 4 2
v 5 12 3
v 6 13 3
v 7 3 1
v 8 4 3
v 9 4 4
v 10 4 2
v 11 11 1
v 12 8 2
v 13 14 1
v 14 10 1
v 15 5 4
v 16 6 5
v 17 2 3
v 18 6 2
v 19 13 3
v 20 8 2
v 21 5 3
v 22 3 3
v 23 3 2
v 24 8 3
v 25 5 2
v 26 13 2
v 27 8 3
v 28 12 1
v 29 10 2
v 30 8 2
v 31 9 3
v 32 1 3
v 33 10 5
v 34 13 2
v 35 13 3
v 36 0 4
v 37 3 4
v 38 12 2
v 39 2 1
e 0 24 0
e 0 36 0
e 1 3 0
e 1 36 0
e 2 3 0
e 2 4 0
e 3 37 0
e 3 21 0
e 3 29 0
e 3 24 0
e 4 12 0
e 5 8 0
e 5 9 0
e 5 16 0
e 6 9 0
e 6 8 0
e 6 16 0
e 7 16 0
e 8 9 0
e 9 32 0
e 10 32 0
e 10 19 0
e 11 15 0
e 12 16 0
e 13 19 0
e 14 35 0
e 15 34 0
e 15 18 0
e 15 22 0
e 16 32 0
e 17 26 0
e 17 30 0
e 17 33 0
e 18 23 0
e 19 35 0
e 20 33 0
e 20 31 0
e 21 37 0
e 21 29 0
e 22 28 0
e 22 25 0
e 23 34 0
e 24 36 0
e 25 26 0
e 27 31 0
e 27 33 0
e 27 35 0
e 30 33 0
e 31 33 0
e 36 37 0
e 37 38 0
e 38 39 0
