t 32 38
v 0 11 2
v 1 12 2
v 2 13 3
v 3 14 2
v 4 13 4
v 5 4 3
v 6 9 1
v 7 8 2
v 8 2 4
v 9 10 2
v 10 5 2
v 11 10 2
v 12 7 4
v 13 0 2
v 14 9 2
v 15 3 3
v 16 1 2
v 17 6 2
v 18 12 3
v 19 11 1
v 20 4 5
v 21 9 2
v 22 14 1
v 23 6 2
v 24 3 2
v 25 2 2
v 26 2 2
v 27 7 1
v 28 2 3
v 29 8 3
v 30 14 2
v 31 3 3
e 0 3 0
e 0 14 0
e 1 17 0
e 1 26 0
e 2 3 0
e 2 11 0
e 2 20 0
e 4 5 0
e 4 13 0
e 4 7 0
e 4 8 0
e 5 8 0
e 5 14 0
e 6 8 0
e 7 8 0
e 9 10 0
e 9 12 0
e 10 12 0
e 11 20 0
e 12 16 0
e 12 18 0
e 13 18 0
e 15 28 0
e 15 27 0
e 15 26 0
e 16 18 0
e 17 25 0
e 19 20 0
e 20 21 0
e 20 23 0
e 21 22 0
e 23 24 0
e 24 25 0
e 28 29 0
e 28 31 0
e 29 31 0
e 29 30 0
e 30 31 0
