t 40 40
v 0 14 2
v 1 21 3
v 2 16 2
v 3 21 2
v 4 0 2
v 5 21 2
v 6 17 2
v 7 7 2
v 8 23 4
v 9 18 3
v 10 4 2
v 11 2 1
v 12 24 2
v 13 0 2
v 14 20 2
v 15 3 1
v 16 23 2
v 17 3 2
v 18 5 1
v 19 17 2
v 20 4 2
v 21 0 2
v 22 9 3
v 23 20 2
v 24 2 3
v 25 12 2
v 26 2 2
v 27 17 2
v 28 3 1
v 29 13 2
v 30 4 2
v 31 1 2
v 32 14 2
v 33 16 2
v 34 0 2
v 35 13 2
v 36 19 1
v 37 17 2
v 38 4 2
v 39 17 1
e 0 37 0
e 0 2 0
e 1 18 0
e 1 24 0
e 1 30 0
e 2 23 0
e 3 4 0
e 3 29 0
e 4 6 0
e 5 32 0
e 5 20 0
e 6 10 0
e 7 21 0
e 7 26 0
e 8 34 0
e 8 32 0
e 8 25 0
e 8 35 0
e 9 14 0
e 9 22 0
e 9 26 0
e 10 27 0
e 11 12 0
e 12 16 0
e 13 38 0
e 13 39 0
e 14 16 0
e 15 17 0
e 17 19 0
e 19 22 0
e 20 24 0
e 21 27 0
e 22 33 0
e 23 29 0
e 24 30 0
e 25 28 0
e 31 34 0
e 31 33 0
e 35 36 0
e 37 38 0
