t 32 33
v 0 6 2
v 1 10 1
v 2 19 1
v 3 12 7
v 4 2 2
v 5 9 3
v 6 23 1
v 7 7 2
v 8 11 1
v 9 8 1
v 10 2 2
v 11 8 5
v 12 20 2
v 13 12 2
v 14 21 2
v 15 22 1
v 16 10 2
v 17 0 1
v 18 10 1
v 19 22 2
v 20 22 2
v 21 20 3
v 22 20 2
v 23 9 3
v 24 23 2
v 25 11 2
v 26 21 2
v 27 17 2
v 28 21 3
v 29 7 1
v 30 3 2
v 31 12 1
e 0 19 0
e 0 3 0
e 1 3 0
e 2 3 0
e 3 6 0
e 3 19 0
e 3 4 0
e 3 16 0
e 4 5 0
e 5 9 0
e 5 7 0
e 7 10 0
e 8 11 0
e 10 12 0
e 11 15 0
e 11 18 0
e 11 17 0
e 11 12 0
e 13 26 0
e 13 25 0
e 14 27 0
e 14 28 0
e 16 20 0
e 20 21 0
e 21 22 0
e 21 23 0
e 22 23 0
e 23 24 0
e 24 25 0
e 26 27 0
e 28 29 0
e 28 30 0
e 30 31 0
