t 24 31
v 0 17 2
v 1 23 2
v 2 18 2
v 3 0 1
v 4 14 2
v 5 13 2
v 6 14 2
v 7 17 3
v 8 24 2
v 9 22 5
v 10 2 6
v 11 5 3
v 12 9 1
v 13 11 2
v 14 15 3
v 15 12 2
v 16 24 1
v 17 17 2
v 18 23 8
v 19 23 2
v 20 19 2
v 21 10 2
v 22 10 2
v 23 16 3
e 0 2 0
e 0 1 0
e 1 15 0
e 2 4 0
e 3 23 0
e 4 18 0
e 5 17 0
e 5 18 0
e 6 9 0
e 6 18 0
e 7 9 0
e 7 10 0
e 7 11 0
e 8 20 0
e 8 19 0
e 9 18 0
e 9 14 0
e 9 10 0
e 10 18 0
e 10 13 0
e 10 11 0
e 10 14 0
e 11 17 0
e 12 23 0
e 13 18 0
e 14 18 0
e 15 19 0
e 16 18 0
e 20 21 0
e 21 22 0
e 22 23 0
