t 40 45
v 0 20 2
v 1 19 3
v 2 8 2
v 3 17 2
v 4 21 2
v 5 3 2
v 6 15 4
v 7 23 2
v 8 9 2
v 9 18 2
v 10 3 1
v 11 22 2
v 12 18 3
v 13 19 4
v 14 19 2
v 15 10 1
v 16 1 3
v 17 9 4
v 18 14 1
v 19 13 2
v 20 22 1
v 21 12 1
v 22 16 4
v 23 14 1
v 24 21 2
v 25 7 2
v 26 20 2
v 27 6 3
v 28 2 4
v 29 9 2
v 30 2 1
v 31 4 3
v 32 23 5
v 33 15 2
v 34 22 2
v 35 17 2
v 36 24 2
v 37 6 3
v 38 0 1
v 39 0 1
e 0 2 0
e 0 14 0
e 1 31 0
e 1 11 0
e 1 18 0
e 2 6 0
e 3 6 0
e 3 20 0
e 4 7 0
e 4 17 0
e 5 8 0
e 5 17 0
e 6 23 0
e 6 7 0
e 8 27 0
e 9 29 0
e 9 32 0
e 10 27 0
e 11 27 0
e 12 13 0
e 12 16 0
e 12 22 0
e 13 16 0
e 13 15 0
e 13 22 0
e 14 29 0
e 16 22 0
e 17 32 0
e 17 28 0
e 19 32 0
e 19 33 0
e 21 26 0
e 22 28 0
e 24 25 0
e 24 28 0
e 25 32 0
e 26 31 0
e 28 32 0
e 30 31 0
e 33 34 0
e 34 35 0
e 35 36 0
e 36 37 0
e 37 38 0
e 37 39 0
