t 40 39
v 0 11 2
v 1 11 2
v 2 21 2
v 3 19 2
v 4 13 2
v 5 2 2
v 6 1 2
v 7 19 2
v 8 20 2
v 9 14 2
v 10 3 2
v 11 0 1
v 12 15 2
v 13 11 2
v 14 15 3
v 15 8 1
v 16 2 1
v 17 10 2
v 18 6 2
v 19 24 2
v 20 12 2
v 21 1 2
v 22 13 2
v 23 20 3
v 24 0 2
v 25 8 3
v 26 21 1
v 27 21 2
v 28 20 2
v 29 5 1
v 30 11 3
v 31 16 2
v 32 4 2
v 33 24 2
v 34 10 3
v 35 18 1
v 36 0 2
v 37 2 2
v 38 7 2
v 39 22 1
e 0 2 0
e 0 19 0
e 1 29 0
e 1 7 0
e 2 10 0
e 3 10 0
e 3 27 0
e 4 24 0
e 4 27 0
e 5 33 0
e 5 34 0
e 6 9 0
e 6 24 0
e 7 25 0
e 8 12 0
e 8 32 0
e 9 13 0
e 11 14 0
e 12 17 0
e 13 22 0
e 14 26 0
e 14 18 0
e 15 30 0
e 16 23 0
e 17 25 0
e 18 23 0
e 19 33 0
e 20 34 0
e 20 36 0
e 21 39 0
e 21 38 0
e 22 25 0
e 23 28 0
e 28 30 0
e 30 31 0
e 31 32 0
e 34 35 0
e 36 37 0
e 37 38 0
