t 32 34
v 0 4 1
v 1 16 1
v 2 9 8
v 3 11 2
v 4 16 2
v 5 19 1
v 6 4 2
v 7 9 1
v 8 22 1
v 9 17 1
v 10 23 1
v 11 11 2
v 12 1 1
v 13 5 1
v 14 4 1
v 15 18 2
v 16 7 3
v 17 1 3
v 18 1 1
v 19 14 3
v 20 8 2
v 21 22 1
v 22 4 1
v 23 24 1
v 24 14 5
v 25 6 3
v 26 19 6
v 27 17 3
v 28 20 1
v 29 13 2
v 30 22 4
v 31 22 1
e 0 2 0
e 1 2 0
e 2 29 0
e 2 21 0
e 2 8 0
e 2 20 0
e 2 31 0
e 2 14 0
e 3 4 0
e 3 26 0
e 4 23 0
e 5 6 0
e 6 11 0
e 7 17 0
e 9 27 0
e 10 24 0
e 11 24 0
e 12 19 0
e 13 27 0
e 15 26 0
e 15 30 0
e 16 18 0
e 16 24 0
e 16 26 0
e 17 30 0
e 17 26 0
e 19 26 0
e 19 30 0
e 20 30 0
e 22 25 0
e 24 26 0
e 24 25 0
e 25 27 0
e 28 29 0
