t 24 31
v 0 13 1
v 1 4 3
v 2 11 3
v 3 15 1
v 4 12 3
v 5 10 2
v 6 14 2
v 7 4 3
v 8 13 1
v 9 15 1
v 10 3 2
v 11 22 3
v 12 11 3
v 13 11 2
v 14 12 2
v 15 4 2
v 16 3 4
v 17 8 4
v 18 0 2
v 19 18 1
v 20 13 2
v 21 14 10
v 22 22 4
v 23 22 1
e 0 1 0
e 1 4 0
e 1 9 0
e 2 6 0
e 2 17 0
e 2 21 0
e 3 5 0
e 4 14 0
e 4 13 0
e 5 6 0
e 7 8 0
e 7 11 0
e 7 21 0
e 10 21 0
e 10 22 0
e 11 15 0
e 11 21 0
e 12 14 0
e 12 21 0
e 12 22 0
e 13 21 0
e 15 17 0
e 16 18 0
e 16 20 0
e 16 19 0
e 16 21 0
e 17 22 0
e 17 21 0
e 18 21 0
e 20 21 0
e 22 23 0
