t 32 32
v 0 10 2
v 1 4 2
v 2 19 2
v 3 11 2
v 4 22 2
v 5 14 2
v 6 18 2
v 7 17 2
v 8 2 2
v 9 2 1
v 10 23 2
v 11 7 2
v 12 14 2
v 13 7 1
v 14 4 2
v 15 15 3
v 16 15 1
v 17 15 2
v 18 2 3
v 19 11 2
v 20 21 2
v 21 4 2
v 22 14 2
v 23 4 2
v 24 19 2
v 25 7 3
v 26 9 2
v 27 13 2
v 28 21 3
v 29 24 1
v 30 21 3
v 31 13 1
e 0 1 0
e 0 7 0
e 1 11 0
e 2 3 0
e 2 11 0
e 3 4 0
e 4 6 0
e 5 31 0
e 5 30 0
e 6 8 0
e 7 19 0
e 8 12 0
e 9 15 0
e 10 16 0
e 10 15 0
e 12 18 0
e 13 18 0
e 14 23 0
e 14 24 0
e 15 18 0
e 17 24 0
e 17 25 0
e 19 20 0
e 20 21 0
e 21 22 0
e 22 23 0
e 25 30 0
e 25 26 0
e 26 27 0
e 27 28 0
e 28 29 0
e 28 30 0
