t 40 41
v 0 8 2
v 1 11 2
v 2 12 2
v 3 6 2
v 4 14 2
v 5 18 3
v 6 23 1
v 7 4 4
v 8 13 1
v 9 4 2
v 10 7 1
v 11 15 2
v 12 11 3
v 13 15 2
v 14 14 1
v 15 22 1
v 16 21 2
v 17 4 2
v 18 6 2
v 19 20 2
v 20 8 2
v 21 23 3
v 22 17 4
v 23 23 1
v 24 20 1
v 25 3 1
v 26 7 2
v 27 12 1
v 28 20 2
v 29 12 2
v 30 20 4
v 31 13 2
v 32 8 3
v 33 1 2
v 34 18 2
v 35 22 1
v 36 12 3
v 37 13 3
v 38 13 2
v 39 2 2
e 0 2 0
e 0 1 0
e 1 9 0
e 2 3 0
e 3 31 0
e 4 7 0
e 4 21 0
e 5 18 0
e 5 22 0
e 5 30 0
e 6 16 0
e 7 36 0
e 7 28 0
e 7 32 0
e 8 21 0
e 9 38 0
e 10 13 0
e 11 17 0
e 11 37 0
e 12 35 0
e 12 34 0
e 12 36 0
e 13 17 0
e 14 22 0
e 15 21 0
e 16 39 0
e 18 30 0
e 19 25 0
e 19 32 0
e 20 29 0
e 20 22 0
e 22 30 0
e 23 29 0
e 24 37 0
e 26 33 0
e 26 37 0
e 27 28 0
e 30 34 0
e 31 32 0
e 33 36 0
e 38 39 0
