t 32 33
v 0 6 4
v 1 24 2
v 2 24 3
v 3 12 2
v 4 11 1
v 5 15 3
v 6 1 2
v 7 7 3
v 8 6 2
v 9 16 1
v 10 5 2
v 11 11 3
v 12 16 4
v 13 23 2
v 14 2 2
v 15 2 1
v 16 19 2
v 17 3 2
v 18 8 1
v 19 7 2
v 20 17 2
v 21 17 1
v 22 20 2
v 23 22 2
v 24 1 2
v 25 0 2
v 26 6 2
v 27 6 2
v 28 0 2
v 29 22 2
v 30 6 2
v 31 17 1
e 0 18 0
e 0 22 0
e 0 21 0
e 0 5 0
e 1 3 0
e 1 5 0
e 2 12 0
e 2 8 0
e 2 11 0
e 3 13 0
e 4 7 0
e 5 9 0
e 6 12 0
e 6 15 0
e 7 16 0
e 7 8 0
e 10 12 0
e 10 11 0
e 11 12 0
e 13 16 0
e 14 19 0
e 14 24 0
e 17 22 0
e 17 23 0
e 19 25 0
e 20 31 0
e 20 27 0
e 23 24 0
e 25 26 0
e 26 28 0
e 27 30 0
e 28 29 0
e 29 30 0
