t 32 39
v 0 10 3
v 1 6 2
v 2 3 3
v 3 9 3
v 4 8 2
v 5 20 2
v 6 15 1
v 7 1 2
v 8 14 1
v 9 5 1
v 10 16 1
v 11 6 3
v 12 3 11
v 13 3 1
v 14 5 2
v 15 1 3
v 16 18 1
v 17 12 2
v 18 5 2
v 19 0 2
v 20 8 2
v 21 21 1
v 22 19 3
v 23 5 2
v 24 16 3
v 25 14 2
v 26 0 5
v 27 24 4
v 28 22 3
v 29 18 2
v 30 21 1
v 31 9 2
e 0 15 0
e 0 31 0
e 0 2 0
e 1 4 0
e 1 5 0
e 2 3 0
e 2 12 0
e 3 23 0
e 3 12 0
e 4 23 0
e 5 7 0
e 6 12 0
e 7 12 0
e 8 12 0
e 9 14 0
e 10 12 0
e 11 25 0
e 11 12 0
e 11 29 0
e 12 17 0
e 12 24 0
e 12 26 0
e 12 22 0
e 13 18 0
e 14 27 0
e 15 29 0
e 15 22 0
e 16 24 0
e 17 27 0
e 18 31 0
e 19 26 0
e 19 28 0
e 20 21 0
e 20 25 0
e 22 27 0
e 24 26 0
e 26 28 0
e 26 27 0
e 28 30 0
