t 40 52
v 0 23 2
v 1 16 2
v 2 2 2
v 3 8 2
v 4 0 2
v 5 4 2
v 6 13 2
v 7 17 2
v 8 8 4
v 9 23 2
v 10 0 1
v 11 18 2
v 12 8 2
v 13 6 10
v 14 21 2
v 15 11 2
v 16 5 7
v 17 24 2
v 18 6 2
v 19 0 3
v 20 4 2
v 21 3 4
v 22 0 2
v 23 9 2
v 24 8 3
v 25 8 2
v 26 0 2
v 27 19 8
v 28 14 2
v 29 20 3
v 30 21 2
v 31 6 2
v 32 10 2
v 33 0 2
v 34 12 2
v 35 9 2
v 36 12 2
v 37 7 2
v 38 15 2
v 39 16 1
e 0 20 0
e 0 30 0
e 1 2 0
e 1 23 0
e 2 25 0
e 3 6 0
e 3 12 0
e 4 28 0
e 4 20 0
e 5 13 0
e 5 27 0
e 6 7 0
e 7 9 0
e 8 13 0
e 8 16 0
e 8 21 0
e 8 27 0
e 9 18 0
e 10 21 0
e 11 13 0
e 11 21 0
e 12 25 0
e 13 17 0
e 13 19 0
e 13 24 0
e 13 29 0
e 13 21 0
e 13 16 0
e 13 27 0
e 14 18 0
e 14 15 0
e 15 29 0
e 16 17 0
e 16 19 0
e 16 24 0
e 16 22 0
e 16 27 0
e 19 27 0
e 22 27 0
e 23 28 0
e 24 27 0
e 26 37 0
e 26 38 0
e 27 29 0
e 30 31 0
e 31 32 0
e 32 33 0
e 33 34 0
e 34 35 0
e 35 36 0
e 36 37 0
e 38 39 0
