t 40 41
v 0 14 2
v 1 17 2
v 2 15 2
v 3 15 2
v 4 10 1
v 5 20 4
v 6 3 3
v 7 2 2
v 8 11 1
v 9 10 2
v 10 9 1
v 11 6 2
v 12 7 2
v 13 21 2
v 14 1 2
v 15 24 2
v 16 8 1
v 17 0 3
v 18 8 1
v 19 24 3
v 20 14 2
v 21 11 3
v 22 6 2
v 23 7 2
v 24 10 2
v 25 23 2
v 26 16 2
v 27 16 2
v 28 6 5
v 29 10 2
v 30 4 2
v 31 5 2
v 32 3 1
v 33 13 2
v 34 23 2
v 35 16 2
v 36 22 2
v 37 17 2
v 38 21 2
v 39 20 1
e 0 1 0
e 0 7 0
e 1 2 0
e 2 3 0
e 3 23 0
e 4 5 0
e 5 25 0
e 5 14 0
e 5 24 0
e 6 19 0
e 6 16 0
e 6 32 0
e 7 13 0
e 8 9 0
e 9 11 0
e 10 14 0
e 11 24 0
e 12 28 0
e 12 35 0
e 13 34 0
e 15 20 0
e 15 30 0
e 17 27 0
e 17 25 0
e 17 33 0
e 18 19 0
e 19 22 0
e 20 29 0
e 21 37 0
e 21 28 0
e 21 36 0
e 22 29 0
e 23 27 0
e 26 31 0
e 26 34 0
e 28 36 0
e 28 31 0
e 28 35 0
e 30 33 0
e 37 38 0
e 38 39 0
