t 40 40
v 0 17 2
v 1 21 1
v 2 9 9
v 3 20 3
v 4 11 2
v 5 8 1
v 6 2 2
v 7 6 1
v 8 0 2
v 9 18 3
v 10 3 2
v 11 22 2
v 12 10 2
v 13 1 2
v 14 22 1
v 15 5 1
v 16 5 3
v 17 13 3
v 18 13 1
v 19 23 1
v 20 11 3
v 21 22 1
v 22 22 2
v 23 18 2
v 24 0 1
v 25 9 1
v 26 14 1
v 27 22 3
v 28 6 1
v 29 5 2
v 30 6 2
v 31 7 2
v 32 15 2
v 33 1 2
v 34 10 2
v 35 17 1
v 36 18 2
v 37 23 2
v 38 5 2
v 39 5 2
e 0 23 0
e 0 3 0
e 1 27 0
e 2 3 0
e 2 11 0
e 2 16 0
e 2 9 0
e 2 21 0
e 2 22 0
e 2 27 0
e 2 20 0
e 2 25 0
e 3 6 0
e 4 13 0
e 4 23 0
e 5 17 0
e 6 26 0
e 7 8 0
e 8 9 0
e 9 15 0
e 10 18 0
e 10 27 0
e 11 17 0
e 12 16 0
e 12 22 0
e 13 29 0
e 14 20 0
e 16 24 0
e 17 19 0
e 20 28 0
e 29 30 0
e 30 31 0
e 31 33 0
e 32 38 0
e 32 39 0
e 33 34 0
e 34 36 0
e 35 39 0
e 36 37 0
e 37 38 0
