t 32 34
v 0 10 2
v 1 2 4
v 2 2 2
v 3 2 1
v 4 14 2
v 5 3 2
v 6 16 2
v 7 4 2
v 8 15 5
v 9 16 2
v 10 9 2
v 11 24 2
v 12 24 2
v 13 17 3
v 14 16 2
v 15 22 2
v 16 16 2
v 17 6 3
v 18 4 2
v 19 11 2
v 20 8 2
v 21 1 2
v 22 3 2
v 23 6 2
v 24 22 2
v 25 8 1
v 26 10 2
v 27 17 1
v 28 23 2
v 29 24 2
v 30 1 2
v 31 15 2
e 0 3 0
e 0 13 0
e 1 31 0
e 1 8 0
e 1 17 0
e 1 21 0
e 2 13 0
e 2 4 0
e 4 6 0
e 5 12 0
e 5 14 0
e 6 7 0
e 7 9 0
e 8 25 0
e 8 31 0
e 8 19 0
e 8 17 0
e 9 10 0
e 10 11 0
e 11 28 0
e 12 28 0
e 13 24 0
e 14 15 0
e 15 16 0
e 16 20 0
e 17 29 0
e 18 26 0
e 18 30 0
e 19 29 0
e 20 23 0
e 21 26 0
e 22 23 0
e 22 30 0
e 24 27 0
