t 24 39
v 0 14 3
v 1 5 4
v 2 10 9
v 3 4 2
v 4 9 3
v 5 13 1
v 6 22 4
v 7 3 8
v 8 16 2
v 9 14 3
v 10 8 5
v 11 14 1
v 12 6 4
v 13 15 4
v 14 5 5
v 15 23 3
v 16 0 1
v 17 1 4
v 18 15 2
v 19 10 2
v 20 1 2
v 21 9 2
v 22 8 2
v 23 8 2
e 0 6 0
e 0 8 0
e 0 14 0
e 1 2 0
e 1 7 0
e 1 10 0
e 1 13 0
e 2 9 0
e 2 8 0
e 2 10 0
e 2 13 0
e 2 3 0
e 2 12 0
e 2 7 0
e 2 14 0
e 3 7 0
e 4 6 0
e 4 15 0
e 4 17 0
e 5 7 0
e 6 14 0
e 6 17 0
e 7 9 0
e 7 10 0
e 7 13 0
e 7 12 0
e 9 10 0
e 10 12 0
e 11 23 0
e 12 13 0
e 14 18 0
e 14 17 0
e 15 16 0
e 15 17 0
e 18 19 0
e 19 20 0
e 20 21 0
e 21 22 0
e 22 23 0
