t 40 40
v 0 9 2
v 1 7 2
v 2 15 1
v 3 4 1
v 4 15 2
v 5 21 2
v 6 19 2
v 7 18 2
v 8 24 2
v 9 14 2
v 10 20 2
v 11 23 1
v 12 14 2
v 13 15 2
v 14 4 3
v 15 18 1
v 16 8 2
v 17 2 2
v 18 20 1
v 19 20 2
v 20 13 2
v 21 13 2
v 22 3 1
v 23 16 2
v 24 21 2
v 25 19 2
v 26 19 2
v 27 1 3
v 28 2 2
v 29 20 5
v 30 7 3
v 31 18 1
v 32 9 3
v 33 19 1
v 34 6 3
v 35 7 2
v 36 17 2
v 37 23 2
v 38 12 3
v 39 6 1
e 0 1 0
e 0 4 0
e 1 5 0
e 2 29 0
e 3 29 0
e 4 34 0
e 5 20 0
e 6 10 0
e 6 8 0
e 7 19 0
e 7 12 0
e 8 12 0
e 9 21 0
e 9 27 0
e 10 14 0
e 11 14 0
e 13 25 0
e 13 17 0
e 14 24 0
e 15 38 0
e 16 30 0
e 16 36 0
e 17 27 0
e 18 23 0
e 19 26 0
e 20 26 0
e 21 27 0
e 22 30 0
e 23 32 0
e 24 28 0
e 25 35 0
e 28 38 0
e 29 39 0
e 29 31 0
e 29 32 0
e 30 37 0
e 32 34 0
e 33 34 0
e 35 36 0
e 37 38 0
