t 40 40
v 0 4 2
v 1 17 2
v 2 13 1
v 3 9 1
v 4 4 1
v 5 13 2
v 6 23 2
v 7 23 3
v 8 4 2
v 9 15 2
v 10 21 2
v 11 5 2
v 12 10 1
v 13 16 3
v 14 24 2
v 15 2 4
v 16 6 2
v 17 10 2
v 18 24 1
v 19 14 2
v 20 24 2
v 21 2 2
v 22 21 2
v 23 13 1
v 24 1 3
v 25 0 3
v 26 23 2
v 27 20 2
v 28 10 1
v 29 10 4
v 30 19 2
v 31 11 4
v 32 22 2
v 33 14 1
v 34 23 2
v 35 2 1
v 36 22 2
v 37 7 2
v 38 2 2
v 39 9 1
e 0 7 0
e 0 21 0
e 1 31 0
e 1 6 0
e 2 7 0
e 3 24 0
e 4 13 0
e 5 10 0
e 5 13 0
e 6 22 0
e 7 27 0
e 8 13 0
e 8 27 0
e 9 32 0
e 9 20 0
e 10 11 0
e 11 22 0
e 12 14 0
e 14 31 0
e 15 18 0
e 15 35 0
e 15 24 0
e 15 26 0
e 16 24 0
e 16 29 0
e 17 31 0
e 17 37 0
e 19 25 0
e 19 29 0
e 20 21 0
e 23 31 0
e 25 28 0
e 25 29 0
e 26 33 0
e 29 36 0
e 30 34 0
e 30 39 0
e 32 38 0
e 34 38 0
e 36 37 0
