t 24 44
v 0 19 8
v 1 18 3
v 2 22 2
v 3 16 3
v 4 11 1
v 5 5 12
v 6 17 2
v 7 0 2
v 8 4 2
v 9 1 1
v 10 4 1
v 11 24 2
v 12 10 1
v 13 6 18
v 14 0 1
v 15 3 6
v 16 23 2
v 17 0 1
v 18 2 3
v 19 22 4
v 20 11 4
v 21 0 4
v 22 11 4
v 23 8 1
e 0 8 0
e 0 19 0
e 0 21 0
e 0 22 0
e 0 20 0
e 0 18 0
e 0 3 0
e 0 13 0
e 1 5 0
e 1 13 0
e 1 15 0
e 2 5 0
e 2 13 0
e 3 5 0
e 3 13 0
e 4 13 0
e 5 8 0
e 5 19 0
e 5 21 0
e 5 17 0
e 5 20 0
e 5 16 0
e 5 18 0
e 5 7 0
e 5 13 0
e 6 11 0
e 6 22 0
e 7 13 0
e 9 13 0
e 10 13 0
e 11 23 0
e 12 13 0
e 13 15 0
e 13 14 0
e 13 19 0
e 13 21 0
e 13 22 0
e 13 20 0
e 13 18 0
e 13 16 0
e 15 19 0
e 15 21 0
e 15 22 0
e 15 20 0
