t 32 32
v 0 20 2
v 1 6 1
v 2 11 3
v 3 14 2
v 4 9 2
v 5 14 2
v 6 14 2
v 7 10 1
v 8 17 2
v 9 24 2
v 10 21 2
v 11 21 3
v 12 3 2
v 13 9 4
v 14 19 2
v 15 13 2
v 16 8 2
v 17 24 1
v 18 4 2
v 19 3 2
v 20 10 2
v 21 16 1
v 22 2 2
v 23 20 2
v 24 17 1
v 25 20 2
v 26 20 2
v 27 13 1
v 28 15 2
v 29 10 3
v 30 15 3
v 31 2 2
e 0 30 0
e 0 1 0
e 2 12 0
e 2 5 0
e 2 14 0
e 3 6 0
e 3 8 0
e 4 9 0
e 4 8 0
e 5 6 0
e 7 10 0
e 9 17 0
e 10 15 0
e 11 30 0
e 11 22 0
e 11 14 0
e 12 18 0
e 13 29 0
e 13 15 0
e 13 23 0
e 13 26 0
e 16 18 0
e 16 28 0
e 19 25 0
e 19 22 0
e 20 25 0
e 20 27 0
e 21 31 0
e 23 29 0
e 24 29 0
e 26 28 0
e 30 31 0
