t 40 44
v 0 6 3
v 1 9 2
v 2 1 2
v 3 0 1
v 4 0 2
v 5 14 2
v 6 23 1
v 7 21 3
v 8 6 2
v 9 20 2
v 10 12 3
v 11 23 2
v 12 11 1
v 13 23 2
v 14 16 2
v 15 0 3
v 16 14 6
v 17 15 2
v 18 2 2
v 19 18 2
v 20 2 1
v 21 2 2
v 22 9 1
v 23 18 1
v 24 13 1
v 25 0 3
v 26 4 1
v 27 6 5
v 28 22 4
v 29 11 3
v 30 22 3
v 31 3 1
v 32 21 2
v 33 5 2
v 34 1 1
v 35 4 2
v 36 9 1
v 37 7 1
v 38 9 3
v 39 8 5
e 0 37 0
e 0 4 0
e 0 38 0
e 1 4 0
e 1 11 0
e 2 11 0
e 2 14 0
e 3 25 0
e 5 23 0
e 5 14 0
e 6 29 0
e 7 33 0
e 7 16 0
e 7 27 0
e 8 9 0
e 8 10 0
e 9 33 0
e 10 19 0
e 10 28 0
e 12 39 0
e 13 17 0
e 13 19 0
e 15 26 0
e 15 18 0
e 15 39 0
e 16 18 0
e 16 25 0
e 16 27 0
e 16 21 0
e 16 29 0
e 17 20 0
e 21 27 0
e 22 28 0
e 24 30 0
e 25 27 0
e 27 38 0
e 28 35 0
e 28 34 0
e 29 39 0
e 30 31 0
e 30 39 0
e 32 36 0
e 32 35 0
e 38 39 0
