t 32 33
v 0 24 2
v 1 0 2
v 2 15 2
v 3 7 2
v 4 23 2
v 5 21 2
v 6 0 2
v 7 9 2
v 8 21 2
v 9 9 1
v 10 7 2
v 11 4 2
v 12 18 3
v 13 11 2
v 14 22 3
v 15 10 2
v 16 19 2
v 17 20 3
v 18 18 2
v 19 20 1
v 20 13 1
v 21 21 2
v 22 10 2
v 23 22 2
v 24 24 4
v 25 4 2
v 26 5 3
v 27 6 2
v 28 15 3
v 29 23 2
v 30 10 1
v 31 5 1
e 0 9 0
e 0 14 0
e 1 18 0
e 1 14 0
e 2 18 0
e 2 4 0
e 3 14 0
e 3 31 0
e 4 5 0
e 5 6 0
e 6 7 0
e 7 23 0
e 8 12 0
e 8 16 0
e 10 19 0
e 10 12 0
e 11 22 0
e 11 25 0
e 12 25 0
e 13 26 0
e 13 24 0
e 15 29 0
e 15 28 0
e 16 23 0
e 17 24 0
e 17 26 0
e 17 21 0
e 20 24 0
e 21 27 0
e 22 29 0
e 24 26 0
e 27 28 0
e 28 30 0
