t 40 47
v 0 6 3
v 1 23 1
v 2 18 1
v 3 7 3
v 4 3 3
v 5 11 4
v 6 23 1
v 7 23 2
v 8 0 1
v 9 18 1
v 10 6 3
v 11 13 11
v 12 15 3
v 13 3 1
v 14 22 5
v 15 18 1
v 16 15 1
v 17 24 3
v 18 4 2
v 19 22 1
v 20 15 2
v 21 14 1
v 22 21 1
v 23 20 1
v 24 6 7
v 25 22 1
v 26 2 1
v 27 0 2
v 28 13 1
v 29 15 2
v 30 3 2
v 31 10 3
v 32 21 5
v 33 8 2
v 34 0 2
v 35 4 3
v 36 24 1
v 37 18 2
v 38 18 3
v 39 7 1
e 0 2 0
e 0 4 0
e 0 32 0
e 1 10 0
e 3 10 0
e 3 4 0
e 3 5 0
e 4 33 0
e 5 14 0
e 5 11 0
e 5 24 0
e 6 11 0
e 7 11 0
e 7 24 0
e 8 24 0
e 9 11 0
e 10 19 0
e 11 31 0
e 11 13 0
e 11 32 0
e 11 12 0
e 11 33 0
e 11 16 0
e 11 15 0
e 12 14 0
e 12 24 0
e 14 32 0
e 14 18 0
e 14 31 0
e 17 25 0
e 17 20 0
e 17 21 0
e 18 20 0
e 22 29 0
e 23 30 0
e 24 29 0
e 24 26 0
e 24 27 0
e 27 28 0
e 30 34 0
e 31 35 0
e 32 34 0
e 32 38 0
e 35 37 0
e 35 36 0
e 37 38 0
e 38 39 0
