t 32 32
v 0 10 2
v 1 21 2
v 2 24 2
v 3 9 2
v 4 22 2
v 5 22 2
v 6 24 1
v 7 11 3
v 8 13 2
v 9 9 1
v 10 6 2
v 11 7 2
v 12 15 2
v 13 13 2
v 14 11 3
v 15 24 2
v 16 16 3
v 17 11 2
v 18 9 3
v 19 22 2
v 20 0 1
v 21 20 2
v 22 18 2
v 23 17 2
v 24 22 2
v 25 15 2
v 26 10 2
v 27 2 2
v 28 17 2
v 29 13 2
v 30 23 2
v 31 21 1
e 0 2 0
e 0 25 0
e 1 22 0
e 1 17 0
e 2 12 0
e 3 4 0
e 3 10 0
e 4 27 0
e 5 7 0
e 5 22 0
e 6 7 0
e 7 19 0
e 8 23 0
e 8 13 0
e 9 14 0
e 10 18 0
e 11 26 0
e 11 25 0
e 12 29 0
e 13 24 0
e 14 28 0
e 14 15 0
e 15 19 0
e 16 20 0
e 16 18 0
e 16 21 0
e 17 26 0
e 18 21 0
e 23 28 0
e 24 27 0
e 29 30 0
e 30 31 0
