t 32 37
v 0 24 2
v 1 2 1
v 2 0 2
v 3 6 9
v 4 9 3
v 5 19 2
v 6 7 2
v 7 17 2
v 8 11 2
v 9 15 2
v 10 0 3
v 11 19 1
v 12 14 2
v 13 3 2
v 14 3 2
v 15 20 2
v 16 15 4
v 17 5 2
v 18 19 7
v 19 23 2
v 20 13 2
v 21 4 1
v 22 0 1
v 23 12 2
v 24 6 2
v 25 17 2
v 26 14 2
v 27 13 2
v 28 0 1
v 29 24 2
v 30 0 2
v 31 14 1
e 0 13 0
e 0 4 0
e 1 4 0
e 2 20 0
e 2 19 0
e 3 9 0
e 3 12 0
e 3 25 0
e 3 21 0
e 3 16 0
e 3 29 0
e 3 27 0
e 3 18 0
e 3 23 0
e 4 5 0
e 5 8 0
e 6 13 0
e 6 30 0
e 7 15 0
e 7 19 0
e 8 24 0
e 9 18 0
e 10 15 0
e 10 24 0
e 10 11 0
e 12 18 0
e 14 16 0
e 14 20 0
e 16 17 0
e 16 29 0
e 17 28 0
e 18 25 0
e 18 23 0
e 18 27 0
e 18 22 0
e 26 31 0
e 26 30 0
