t 24 32
v 0 5 2
v 1 15 1
v 2 21 1
v 3 3 2
v 4 20 2
v 5 19 8
v 6 20 1
v 7 11 2
v 8 13 2
v 9 5 3
v 10 4 2
v 11 18 1
v 12 5 7
v 13 4 1
v 14 11 3
v 15 4 2
v 16 4 2
v 17 6 11
v 18 20 2
v 19 14 1
v 20 18 1
v 21 3 3
v 22 0 2
v 23 13 2
e 0 3 0
e 0 5 0
e 1 5 0
e 2 17 0
e 3 19 0
e 4 12 0
e 4 17 0
e 5 9 0
e 5 22 0
e 5 20 0
e 5 7 0
e 5 12 0
e 5 17 0
e 6 17 0
e 7 17 0
e 8 13 0
e 8 17 0
e 9 21 0
e 9 23 0
e 10 16 0
e 10 23 0
e 11 16 0
e 12 15 0
e 12 22 0
e 12 18 0
e 12 14 0
e 12 17 0
e 14 17 0
e 14 21 0
e 15 17 0
e 17 18 0
e 17 21 0
