t 32 32
v 0 21 3
v 1 11 2
v 2 16 2
v 3 9 2
v 4 20 3
v 5 5 1
v 6 24 1
v 7 6 2
v 8 6 3
v 9 5 2
v 10 21 2
v 11 9 2
v 12 3 3
v 13 22 2
v 14 20 2
v 15 7 1
v 16 13 1
v 17 2 2
v 18 19 3
v 19 16 1
v 20 16 2
v 21 0 2
v 22 18 2
v 23 0 2
v 24 18 2
v 25 8 2
v 26 6 2
v 27 23 2
v 28 18 4
v 29 17 1
v 30 12 2
v 31 18 1
e 0 29 0
e 0 1 0
e 0 30 0
e 1 4 0
e 2 17 0
e 2 23 0
e 3 22 0
e 3 26 0
e 4 19 0
e 4 24 0
e 5 28 0
e 6 7 0
e 7 8 0
e 8 9 0
e 8 24 0
e 9 10 0
e 10 21 0
e 11 17 0
e 11 21 0
e 12 18 0
e 12 13 0
e 12 20 0
e 13 18 0
e 14 20 0
e 14 22 0
e 15 28 0
e 16 18 0
e 23 28 0
e 25 27 0
e 25 26 0
e 27 28 0
e 30 31 0
