t 32 34
v 0 7 1
v 1 11 2
v 2 18 2
v 3 13 3
v 4 19 2
v 5 11 2
v 6 4 2
v 7 2 2
v 8 16 3
v 9 17 1
v 10 17 1
v 11 16 2
v 12 3 4
v 13 16 2
v 14 8 2
v 15 18 4
v 16 6 2
v 17 17 2
v 18 3 4
v 19 11 2
v 20 2 2
v 21 22 2
v 22 0 3
v 23 14 2
v 24 23 2
v 25 12 2
v 26 11 2
v 27 13 2
v 28 12 2
v 29 20 2
v 30 17 1
v 31 23 1
e 0 3 0
e 1 3 0
e 1 6 0
e 2 25 0
e 2 27 0
e 3 14 0
e 4 16 0
e 4 19 0
e 5 8 0
e 5 7 0
e 6 16 0
e 7 14 0
e 8 15 0
e 8 18 0
e 9 12 0
e 10 15 0
e 11 23 0
e 11 24 0
e 12 15 0
e 12 18 0
e 12 13 0
e 13 18 0
e 15 18 0
e 17 20 0
e 17 19 0
e 20 21 0
e 21 23 0
e 22 31 0
e 22 30 0
e 22 29 0
e 24 26 0
e 25 28 0
e 26 27 0
e 28 29 0
