t 32 32
v 0 3 1
v 1 21 3
v 2 9 4
v 3 21 1
v 4 24 1
v 5 14 1
v 6 8 2
v 7 17 1
v 8 0 2
v 9 14 1
v 10 5 2
v 11 3 5
v 12 23 5
v 13 4 2
v 14 2 2
v 15 18 3
v 16 12 2
v 17 4 1
v 18 18 2
v 19 22 3
v 20 19 2
v 21 1 1
v 22 17 2
v 23 10 2
v 24 9 1
v 25 11 2
v 26 12 2
v 27 14 1
v 28 20 2
v 29 4 2
v 30 18 2
v 31 12 1
e 0 15 0
e 1 12 0
e 1 28 0
e 1 11 0
e 2 22 0
e 2 25 0
e 2 24 0
e 2 16 0
e 3 19 0
e 4 26 0
e 5 12 0
e 6 15 0
e 6 28 0
e 7 12 0
e 8 20 0
e 8 23 0
e 9 11 0
e 10 14 0
e 10 23 0
e 11 20 0
e 11 29 0
e 11 21 0
e 12 17 0
e 12 26 0
e 13 18 0
e 13 30 0
e 14 16 0
e 15 30 0
e 18 31 0
e 19 27 0
e 19 25 0
e 22 29 0
