t 24 29
v 0 17 2
v 1 8 1
v 2 23 1
v 3 14 2
v 4 21 2
v 5 16 3
v 6 10 2
v 7 17 3
v 8 24 2
v 9 20 3
v 10 17 3
v 11 17 2
v 12 20 4
v 13 10 7
v 14 2 2
v 15 24 2
v 16 6 3
v 17 6 3
v 18 1 2
v 19 12 2
v 20 18 2
v 21 5 2
v 22 24 2
v 23 2 1
e 0 6 0
e 0 18 0
e 1 12 0
e 2 13 0
e 3 9 0
e 3 12 0
e 4 14 0
e 4 20 0
e 5 17 0
e 5 10 0
e 5 13 0
e 6 7 0
e 7 9 0
e 7 12 0
e 8 19 0
e 8 20 0
e 9 13 0
e 10 16 0
e 10 13 0
e 11 15 0
e 11 23 0
e 12 13 0
e 13 17 0
e 13 16 0
e 14 21 0
e 15 22 0
e 16 17 0
e 18 19 0
e 21 22 0
