t 40 42
v 0 8 2
v 1 18 1
v 2 12 3
v 3 6 2
v 4 15 2
v 5 6 2
v 6 24 2
v 7 21 1
v 8 10 2
v 9 16 3
v 10 8 3
v 11 5 3
v 12 9 2
v 13 9 1
v 14 21 1
v 15 1 4
v 16 11 2
v 17 23 3
v 18 8 2
v 19 8 1
v 20 11 3
v 21 4 2
v 22 4 1
v 23 21 1
v 24 24 1
v 25 14 3
v 26 22 2
v 27 20 2
v 28 4 2
v 29 24 1
v 30 23 6
v 31 17 1
v 32 7 1
v 33 19 2
v 34 14 6
v 35 2 2
v 36 0 2
v 37 3 2
v 38 24 1
v 39 24 1
e 0 5 0
e 0 26 0
e 1 8 0
e 2 14 0
e 2 37 0
e 2 32 0
e 3 16 0
e 3 25 0
e 4 7 0
e 4 33 0
e 5 37 0
e 6 26 0
e 6 34 0
e 8 36 0
e 9 20 0
e 9 35 0
e 9 10 0
e 10 25 0
e 10 11 0
e 11 12 0
e 11 34 0
e 12 28 0
e 13 34 0
e 15 21 0
e 15 29 0
e 15 30 0
e 15 27 0
e 16 22 0
e 17 30 0
e 17 34 0
e 17 38 0
e 18 20 0
e 18 33 0
e 19 28 0
e 20 35 0
e 21 25 0
e 23 30 0
e 24 30 0
e 27 30 0
e 30 31 0
e 34 39 0
e 34 36 0
