t 32 32
v 0 15 2
v 1 17 2
v 2 4 2
v 3 20 2
v 4 16 2
v 5 23 3
v 6 7 2
v 7 17 1
v 8 2 2
v 9 4 2
v 10 5 2
v 11 16 2
v 12 5 1
v 13 1 1
v 14 11 2
v 15 13 2
v 16 15 3
v 17 2 1
v 18 5 2
v 19 14 3
v 20 2 2
v 21 18 1
v 22 12 2
v 23 15 2
v 24 14 2
v 25 24 2
v 26 15 2
v 27 1 3
v 28 13 2
v 29 8 3
v 30 20 1
v 31 21 3
e 0 3 0
e 0 2 0
e 1 24 0
e 1 4 0
e 2 22 0
e 3 6 0
e 4 22 0
e 5 8 0
e 5 6 0
e 5 31 0
e 7 27 0
e 8 18 0
e 9 17 0
e 9 16 0
e 10 29 0
e 10 31 0
e 11 18 0
e 11 20 0
e 12 27 0
e 13 19 0
e 14 27 0
e 14 31 0
e 15 16 0
e 15 19 0
e 16 21 0
e 19 20 0
e 23 24 0
e 23 25 0
e 25 26 0
e 26 28 0
e 28 29 0
e 29 30 0
