t 40 41
v 0 5 2
v 1 19 2
v 2 1 2
v 3 14 2
v 4 21 2
v 5 5 1
v 6 17 2
v 7 3 3
v 8 22 2
v 9 1 1
v 10 14 2
v 11 11 3
v 12 1 4
v 13 20 3
v 14 9 2
v 15 15 2
v 16 4 3
v 17 18 1
v 18 10 1
v 19 16 2
v 20 6 3
v 21 15 1
v 22 21 1
v 23 12 2
v 24 0 5
v 25 20 1
v 26 22 1
v 27 21 2
v 28 3 1
v 29 13 2
v 30 7 3
v 31 6 3
v 32 0 1
v 33 4 2
v 34 21 2
v 35 7 2
v 36 0 2
v 37 10 2
v 38 10 2
v 39 6 2
e 0 10 0
e 0 23 0
e 1 7 0
e 1 30 0
e 2 13 0
e 2 23 0
e 3 37 0
e 3 6 0
e 4 15 0
e 4 30 0
e 5 12 0
e 6 36 0
e 7 34 0
e 7 8 0
e 8 31 0
e 9 31 0
e 10 19 0
e 11 20 0
e 11 12 0
e 11 24 0
e 12 17 0
e 12 22 0
e 13 28 0
e 13 15 0
e 14 25 0
e 14 39 0
e 16 20 0
e 16 21 0
e 16 24 0
e 18 34 0
e 19 37 0
e 20 27 0
e 24 33 0
e 24 27 0
e 24 32 0
e 26 30 0
e 29 38 0
e 29 39 0
e 31 35 0
e 33 35 0
e 36 38 0
