t 40 43
v 0 13 2
v 1 24 2
v 2 14 1
v 3 24 2
v 4 8 2
v 5 9 3
v 6 24 1
v 7 12 1
v 8 16 2
v 9 7 2
v 10 19 1
v 11 24 3
v 12 22 2
v 13 13 2
v 14 8 2
v 15 22 2
v 16 15 1
v 17 23 2
v 18 24 1
v 19 15 1
v 20 17 2
v 21 13 2
v 22 9 3
v 23 14 2
v 24 9 2
v 25 4 1
v 26 24 3
v 27 12 3
v 28 23 3
v 29 9 1
v 30 9 6
v 31 15 1
v 32 18 2
v 33 17 4
v 34 4 3
v 35 4 2
v 36 8 3
v 37 8 1
v 38 24 4
v 39 19 3
e 0 4 0
e 0 5 0
e 1 28 0
e 1 32 0
e 2 27 0
e 3 33 0
e 3 34 0
e 4 22 0
e 5 11 0
e 5 15 0
e 6 14 0
e 7 33 0
e 8 9 0
e 8 15 0
e 9 13 0
e 10 22 0
e 11 33 0
e 11 30 0
e 12 26 0
e 12 33 0
e 13 20 0
e 14 20 0
e 16 21 0
e 17 19 0
e 17 26 0
e 18 24 0
e 21 28 0
e 22 25 0
e 23 26 0
e 23 30 0
e 24 39 0
e 27 32 0
e 27 30 0
e 28 30 0
e 29 30 0
e 30 38 0
e 31 38 0
e 34 35 0
e 34 39 0
e 35 36 0
e 36 37 0
e 36 38 0
e 38 39 0
