t 40 42
v 0 5 2
v 1 14 1
v 2 14 3
v 3 15 1
v 4 17 2
v 5 16 1
v 6 17 1
v 7 14 2
v 8 20 4
v 9 2 1
v 10 12 2
v 11 20 3
v 12 7 2
v 13 4 1
v 14 20 2
v 15 17 2
v 16 2 2
v 17 7 1
v 18 10 2
v 19 11 1
v 20 20 3
v 21 23 3
v 22 5 2
v 23 24 2
v 24 1 3
v 25 3 6
v 26 20 3
v 27 9 1
v 28 2 1
v 29 15 2
v 30 24 3
v 31 12 6
v 32 9 1
v 33 3 2
v 34 3 1
v 35 13 2
v 36 11 2
v 37 24 1
v 38 17 2
v 39 16 2
e 0 5 0
e 0 2 0
e 1 25 0
e 2 17 0
e 2 7 0
e 3 25 0
e 4 38 0
e 4 39 0
e 6 25 0
e 7 8 0
e 8 30 0
e 8 36 0
e 8 25 0
e 9 25 0
e 10 12 0
e 10 14 0
e 11 20 0
e 11 26 0
e 11 31 0
e 12 23 0
e 13 31 0
e 14 25 0
e 15 21 0
e 15 22 0
e 16 23 0
e 16 22 0
e 18 26 0
e 18 31 0
e 19 24 0
e 20 24 0
e 20 31 0
e 21 33 0
e 21 27 0
e 24 28 0
e 26 31 0
e 29 35 0
e 29 34 0
e 30 39 0
e 30 37 0
e 31 33 0
e 32 38 0
e 35 36 0
