t 40 39
v 0 15 2
v 1 2 2
v 2 3 1
v 3 0 2
v 4 18 2
v 5 3 1
v 6 8 1
v 7 21 2
v 8 6 2
v 9 11 2
v 10 9 2
v 11 13 3
v 12 0 2
v 13 7 1
v 14 5 2
v 15 14 2
v 16 24 2
v 17 21 2
v 18 11 2
v 19 16 2
v 20 15 2
v 21 16 1
v 22 16 2
v 23 0 2
v 24 16 3
v 25 6 2
v 26 2 2
v 27 20 3
v 28 24 2
v 29 2 2
v 30 18 2
v 31 1 2
v 32 14 2
v 33 12 2
v 34 0 2
v 35 22 1
v 36 10 3
v 37 3 2
v 38 11 3
v 39 12 1
e 0 23 0
e 0 17 0
e 1 17 0
e 1 3 0
e 2 24 0
e 3 4 0
e 4 11 0
e 5 34 0
e 6 11 0
e 7 14 0
e 7 26 0
e 8 22 0
e 8 20 0
e 9 10 0
e 9 32 0
e 10 27 0
e 11 36 0
e 12 27 0
e 12 33 0
e 13 27 0
e 14 36 0
e 15 19 0
e 15 25 0
e 16 24 0
e 16 19 0
e 18 29 0
e 18 33 0
e 20 25 0
e 21 24 0
e 22 28 0
e 23 31 0
e 26 37 0
e 28 29 0
e 30 31 0
e 30 38 0
e 32 37 0
e 34 36 0
e 35 38 0
e 38 39 0
