t 40 42
v 0 23 4
v 1 4 2
v 2 20 1
v 3 4 1
v 4 20 1
v 5 22 1
v 6 14 2
v 7 3 6
v 8 3 1
v 9 17 1
v 10 22 4
v 11 3 1
v 12 0 2
v 13 14 1
v 14 3 2
v 15 2 2
v 16 4 1
v 17 13 2
v 18 14 1
v 19 10 2
v 20 11 2
v 21 24 3
v 22 23 2
v 23 14 2
v 24 13 2
v 25 15 1
v 26 13 6
v 27 14 2
v 28 21 3
v 29 8 2
v 30 12 4
v 31 14 2
v 32 13 2
v 33 22 2
v 34 15 2
v 35 21 2
v 36 10 2
v 37 4 2
v 38 16 2
v 39 15 1
e 0 12 0
e 0 35 0
e 0 21 0
e 0 26 0
e 1 7 0
e 1 31 0
e 2 7 0
e 3 7 0
e 4 30 0
e 5 7 0
e 6 17 0
e 6 26 0
e 7 9 0
e 7 18 0
e 8 10 0
e 10 30 0
e 10 28 0
e 10 17 0
e 11 28 0
e 12 37 0
e 13 29 0
e 14 32 0
e 14 36 0
e 15 21 0
e 15 26 0
e 16 26 0
e 19 23 0
e 19 30 0
e 20 31 0
e 20 35 0
e 21 25 0
e 22 29 0
e 22 32 0
e 23 27 0
e 24 27 0
e 24 33 0
e 26 30 0
e 26 28 0
e 33 34 0
e 34 36 0
e 37 38 0
e 38 39 0
