t 40 48
v 0 6 1
v 1 2 3
v 2 10 8
v 3 3 1
v 4 8 1
v 5 1 4
v 6 24 2
v 7 22 1
v 8 11 3
v 9 13 3
v 10 12 2
v 11 22 3
v 12 24 3
v 13 13 4
v 14 6 3
v 15 12 1
v 16 4 3
v 17 4 2
v 18 23 2
v 19 12 3
v 20 7 2
v 21 19 4
v 22 11 1
v 23 13 1
v 24 22 1
v 25 15 2
v 26 7 5
v 27 9 1
v 28 15 5
v 29 24 3
v 30 1 2
v 31 3 2
v 32 24 1
v 33 8 4
v 34 0 2
v 35 23 2
v 36 16 1
v 37 3 2
v 38 15 1
v 39 7 1
e 0 1 0
e 1 35 0
e 1 2 0
e 2 3 0
e 2 35 0
e 2 15 0
e 2 34 0
e 2 5 0
e 2 8 0
e 2 21 0
e 4 16 0
e 5 21 0
e 5 25 0
e 5 13 0
e 6 34 0
e 6 37 0
e 7 13 0
e 8 21 0
e 8 29 0
e 9 22 0
e 9 19 0
e 9 24 0
e 10 29 0
e 10 31 0
e 11 16 0
e 11 29 0
e 11 31 0
e 12 33 0
e 12 19 0
e 12 28 0
e 13 25 0
e 13 21 0
e 14 37 0
e 14 38 0
e 14 39 0
e 16 20 0
e 17 28 0
e 17 33 0
e 18 27 0
e 18 19 0
e 20 26 0
e 23 30 0
e 26 32 0
e 26 36 0
e 26 28 0
e 26 33 0
e 28 30 0
e 28 33 0
