t 32 35
v 0 18 2
v 1 4 4
v 2 17 2
v 3 18 2
v 4 3 2
v 5 13 2
v 6 21 2
v 7 1 1
v 8 22 2
v 9 4 1
v 10 20 2
v 11 3 2
v 12 8 5
v 13 0 3
v 14 24 4
v 15 6 2
v 16 4 3
v 17 10 2
v 18 21 2
v 19 18 2
v 20 8 3
v 21 7 1
v 22 15 1
v 23 23 2
v 24 17 2
v 25 15 2
v 26 15 2
v 27 5 4
v 28 18 2
v 29 9 1
v 30 13 2
v 31 4 1
e 0 2 0
e 0 6 0
e 1 10 0
e 1 12 0
e 1 13 0
e 1 14 0
e 2 3 0
e 3 16 0
e 4 8 0
e 4 17 0
e 5 7 0
e 5 16 0
e 6 19 0
e 8 14 0
e 9 12 0
e 10 12 0
e 11 15 0
e 11 20 0
e 12 13 0
e 12 14 0
e 13 14 0
e 15 23 0
e 16 17 0
e 18 25 0
e 18 24 0
e 19 20 0
e 20 22 0
e 21 28 0
e 23 25 0
e 24 26 0
e 26 27 0
e 27 29 0
e 27 28 0
e 27 30 0
e 30 31 0
