t 40 42
v 0 24 2
v 1 1 2
v 2 10 2
v 3 18 2
v 4 3 2
v 5 10 3
v 6 6 3
v 7 11 2
v 8 3 2
v 9 12 2
v 10 20 2
v 11 8 2
v 12 8 2
v 13 0 2
v 14 22 1
v 15 2 2
v 16 8 1
v 17 24 1
v 18 18 2
v 19 16 2
v 20 17 2
v 21 4 2
v 22 4 2
v 23 6 2
v 24 20 2
v 25 8 3
v 26 18 3
v 27 13 2
v 28 24 3
v 29 24 2
v 30 3 2
v 31 8 3
v 32 24 4
v 33 16 1
v 34 12 1
v 35 6 5
v 36 4 1
v 37 19 2
v 38 8 2
v 39 4 1
e 0 1 0
e 0 11 0
e 1 4 0
e 2 4 0
e 2 3 0
e 3 7 0
e 5 34 0
e 5 33 0
e 5 25 0
e 6 22 0
e 6 26 0
e 6 28 0
e 7 21 0
e 8 12 0
e 8 27 0
e 9 23 0
e 9 25 0
e 10 12 0
e 10 13 0
e 11 29 0
e 13 18 0
e 14 20 0
e 15 16 0
e 15 35 0
e 17 35 0
e 18 31 0
e 19 30 0
e 19 35 0
e 20 31 0
e 21 27 0
e 22 32 0
e 23 32 0
e 24 31 0
e 24 25 0
e 26 28 0
e 26 32 0
e 28 32 0
e 29 30 0
e 35 36 0
e 35 37 0
e 37 38 0
e 38 39 0
