t 40 44
v 0 9 1
v 1 11 3
v 2 10 2
v 3 21 2
v 4 4 2
v 5 11 2
v 6 17 2
v 7 24 2
v 8 17 1
v 9 3 1
v 10 22 3
v 11 23 3
v 12 2 1
v 13 8 2
v 14 14 2
v 15 22 2
v 16 19 2
v 17 9 2
v 18 12 2
v 19 1 6
v 20 22 1
v 21 14 2
v 22 7 6
v 23 21 2
v 24 2 2
v 25 4 2
v 26 23 2
v 27 1 2
v 28 20 3
v 29 20 2
v 30 10 2
v 31 17 1
v 32 2 2
v 33 23 3
v 34 3 1
v 35 19 2
v 36 20 2
v 37 9 1
v 38 7 3
v 39 22 4
e 0 32 0
e 1 37 0
e 1 36 0
e 1 39 0
e 2 26 0
e 2 4 0
e 3 6 0
e 3 29 0
e 4 29 0
e 5 30 0
e 5 6 0
e 7 15 0
e 7 35 0
e 8 33 0
e 9 33 0
e 10 11 0
e 10 13 0
e 10 22 0
e 11 17 0
e 11 14 0
e 12 28 0
e 13 18 0
e 14 22 0
e 15 34 0
e 16 35 0
e 16 36 0
e 17 22 0
e 18 22 0
e 19 33 0
e 19 24 0
e 19 30 0
e 19 22 0
e 19 38 0
e 19 39 0
e 20 38 0
e 21 25 0
e 21 27 0
e 22 39 0
e 23 26 0
e 23 25 0
e 24 28 0
e 27 32 0
e 28 31 0
e 38 39 0
