t 32 36
v 0 18 1
v 1 5 1
v 2 6 3
v 3 22 14
v 4 22 3
v 5 9 1
v 6 6 1
v 7 4 1
v 8 7 2
v 9 10 1
v 10 3 1
v 11 4 2
v 12 4 1
v 13 21 5
v 14 4 1
v 15 7 4
v 16 11 2
v 17 11 1
v 18 3 1
v 19 20 2
v 20 16 4
v 21 10 1
v 22 1 1
v 23 20 3
v 24 16 2
v 25 9 1
v 26 0 1
v 27 21 1
v 28 5 2
v 29 14 3
v 30 10 2
v 31 12 3
e 0 3 0
e 1 3 0
e 2 24 0
e 2 20 0
e 2 3 0
e 3 14 0
e 3 16 0
e 3 12 0
e 3 11 0
e 3 21 0
e 3 19 0
e 3 22 0
e 3 4 0
e 3 15 0
e 3 7 0
e 3 9 0
e 4 13 0
e 4 15 0
e 5 15 0
e 6 31 0
e 8 16 0
e 8 20 0
e 10 20 0
e 11 13 0
e 13 31 0
e 13 29 0
e 13 18 0
e 15 19 0
e 17 23 0
e 20 26 0
e 23 29 0
e 23 28 0
e 24 25 0
e 27 28 0
e 29 30 0
e 30 31 0
