t 32 33
v 0 4 3
v 1 22 2
v 2 1 2
v 3 13 2
v 4 16 1
v 5 21 1
v 6 5 2
v 7 8 1
v 8 17 3
v 9 5 1
v 10 11 2
v 11 0 2
v 12 12 2
v 13 12 3
v 14 21 1
v 15 19 3
v 16 16 2
v 17 7 2
v 18 12 2
v 19 20 1
v 20 1 2
v 21 15 4
v 22 21 3
v 23 7 1
v 24 20 1
v 25 23 3
v 26 23 4
v 27 21 1
v 28 14 4
v 29 23 2
v 30 18 2
v 31 18 1
e 0 19 0
e 0 10 0
e 0 12 0
e 1 30 0
e 1 2 0
e 2 3 0
e 3 12 0
e 4 20 0
e 5 6 0
e 6 8 0
e 7 22 0
e 8 9 0
e 8 25 0
e 10 28 0
e 11 13 0
e 11 22 0
e 13 18 0
e 13 29 0
e 14 18 0
e 15 21 0
e 15 26 0
e 15 28 0
e 16 17 0
e 16 21 0
e 17 21 0
e 20 28 0
e 21 24 0
e 22 25 0
e 23 29 0
e 25 26 0
e 26 27 0
e 26 28 0
e 30 31 0
