t 32 33
v 0 20 2
v 1 5 1
v 2 21 2
v 3 15 2
v 4 19 1
v 5 19 1
v 6 7 1
v 7 16 5
v 8 12 1
v 9 13 3
v 10 14 1
v 11 12 2
v 12 4 2
v 13 9 5
v 14 16 1
v 15 4 1
v 16 6 2
v 17 7 2
v 18 17 2
v 19 18 1
v 20 7 5
v 21 14 2
v 22 15 1
v 23 15 2
v 24 14 1
v 25 18 2
v 26 11 2
v 27 0 2
v 28 17 2
v 29 13 2
v 30 23 3
v 31 14 4
e 0 22 0
e 0 13 0
e 1 9 0
e 2 9 0
e 2 26 0
e 3 19 0
e 3 13 0
e 4 16 0
e 5 13 0
e 6 20 0
e 7 16 0
e 7 11 0
e 7 15 0
e 7 31 0
e 7 21 0
e 8 13 0
e 9 25 0
e 10 20 0
e 11 20 0
e 12 17 0
e 12 13 0
e 14 21 0
e 17 18 0
e 18 23 0
e 20 31 0
e 20 30 0
e 23 25 0
e 24 31 0
e 26 27 0
e 27 28 0
e 28 29 0
e 29 30 0
e 30 31 0
