t 40 49
v 0 3 7
v 1 17 3
v 2 17 1
v 3 18 3
v 4 8 2
v 5 3 2
v 6 0 3
v 7 14 1
v 8 10 4
v 9 2 2
v 10 17 1
v 11 4 5
v 12 18 2
v 13 17 1
v 14 10 2
v 15 23 4
v 16 16 1
v 17 14 1
v 18 6 1
v 19 5 1
v 20 18 2
v 21 21 2
v 22 20 1
v 23 13 4
v 24 1 3
v 25 11 3
v 26 21 1
v 27 21 2
v 28 10 8
v 29 20 2
v 30 21 1
v 31 9 2
v 32 10 2
v 33 19 4
v 34 1 2
v 35 3 3
v 36 14 2
v 37 6 4
v 38 22 2
v 39 11 1
e 0 20 0
e 0 16 0
e 0 17 0
e 0 37 0
e 0 32 0
e 0 35 0
e 0 33 0
e 1 12 0
e 1 5 0
e 1 18 0
e 2 3 0
e 3 5 0
e 3 21 0
e 4 24 0
e 4 28 0
e 6 14 0
e 6 7 0
e 6 11 0
e 8 27 0
e 8 11 0
e 8 23 0
e 8 28 0
e 9 34 0
e 9 38 0
e 10 24 0
e 11 30 0
e 11 28 0
e 11 33 0
e 12 29 0
e 13 28 0
e 14 15 0
e 15 26 0
e 15 22 0
e 15 19 0
e 20 29 0
e 21 24 0
e 23 28 0
e 23 36 0
e 23 37 0
e 25 31 0
e 25 27 0
e 25 28 0
e 28 31 0
e 28 37 0
e 32 33 0
e 33 35 0
e 34 36 0
e 35 37 0
e 38 39 0
