t 32 36
v 0 6 1
v 1 2 3
v 2 8 2
v 3 11 2
v 4 9 4
v 5 8 2
v 6 11 2
v 7 19 2
v 8 15 3
v 9 20 2
v 10 22 2
v 11 7 1
v 12 7 2
v 13 11 4
v 14 18 2
v 15 10 4
v 16 17 1
v 17 22 2
v 18 5 1
v 19 1 4
v 20 17 1
v 21 4 4
v 22 9 3
v 23 10 2
v 24 11 2
v 25 21 2
v 26 4 1
v 27 14 4
v 28 17 2
v 29 1 2
v 30 3 2
v 31 19 1
e 0 1 0
e 1 2 0
e 1 3 0
e 2 5 0
e 3 12 0
e 4 10 0
e 4 11 0
e 4 26 0
e 4 13 0
e 5 9 0
e 6 29 0
e 6 7 0
e 7 12 0
e 8 20 0
e 8 22 0
e 8 25 0
e 9 13 0
e 10 13 0
e 13 14 0
e 14 23 0
e 15 24 0
e 15 27 0
e 15 19 0
e 15 21 0
e 16 21 0
e 17 23 0
e 17 28 0
e 18 22 0
e 19 24 0
e 19 21 0
e 19 27 0
e 21 27 0
e 22 27 0
e 25 28 0
e 29 30 0
e 30 31 0
