t 40 45
v 0 23 2
v 1 16 2
v 2 4 3
v 3 23 2
v 4 8 2
v 5 3 3
v 6 14 1
v 7 22 4
v 8 16 1
v 9 21 1
v 10 20 1
v 11 24 3
v 12 4 1
v 13 20 1
v 14 20 1
v 15 11 2
v 16 7 2
v 17 12 2
v 18 19 3
v 19 7 2
v 20 17 1
v 21 0 2
v 22 15 7
v 23 13 2
v 24 24 1
v 25 17 4
v 26 4 1
v 27 10 2
v 28 2 1
v 29 11 1
v 30 15 3
v 31 8 4
v 32 22 7
v 33 13 2
v 34 15 6
v 35 12 1
v 36 8 1
v 37 6 1
v 38 22 3
v 39 15 1
e 0 1 0
e 0 2 0
e 1 19 0
e 2 28 0
e 2 23 0
e 3 5 0
e 3 22 0
e 4 19 0
e 4 6 0
e 5 18 0
e 5 31 0
e 7 18 0
e 7 31 0
e 7 22 0
e 7 21 0
e 8 11 0
e 9 32 0
e 10 32 0
e 11 15 0
e 11 34 0
e 12 32 0
e 13 34 0
e 14 22 0
e 15 16 0
e 16 25 0
e 17 33 0
e 17 34 0
e 18 30 0
e 20 32 0
e 21 22 0
e 22 31 0
e 22 29 0
e 22 24 0
e 23 33 0
e 25 34 0
e 25 32 0
e 25 38 0
e 26 32 0
e 27 30 0
e 27 32 0
e 30 31 0
e 34 36 0
e 34 35 0
e 37 38 0
e 38 39 0
