t 40 42
v 0 3 2
v 1 19 3
v 2 16 1
v 3 14 2
v 4 8 1
v 5 15 3
v 6 18 3
v 7 19 1
v 8 22 1
v 9 1 1
v 10 2 1
v 11 23 3
v 12 16 4
v 13 24 2
v 14 15 2
v 15 7 2
v 16 4 2
v 17 0 2
v 18 20 1
v 19 11 2
v 20 16 2
v 21 11 3
v 22 7 2
v 23 0 2
v 24 23 3
v 25 8 4
v 26 11 1
v 27 1 1
v 28 3 1
v 29 23 3
v 30 17 3
v 31 17 2
v 32 12 2
v 33 13 3
v 34 20 2
v 35 12 3
v 36 1 3
v 37 9 2
v 38 18 2
v 39 8 1
e 0 1 0
e 0 37 0
e 1 3 0
e 1 7 0
e 2 20 0
e 3 24 0
e 4 24 0
e 5 24 0
e 5 31 0
e 5 36 0
e 6 36 0
e 6 31 0
e 6 22 0
e 8 25 0
e 9 13 0
e 10 12 0
e 11 33 0
e 11 29 0
e 11 23 0
e 12 21 0
e 12 25 0
e 12 30 0
e 13 25 0
e 14 28 0
e 14 30 0
e 15 27 0
e 15 19 0
e 16 33 0
e 16 29 0
e 17 30 0
e 17 35 0
e 18 25 0
e 19 35 0
e 20 32 0
e 21 37 0
e 21 38 0
e 22 32 0
e 23 34 0
e 26 35 0
e 29 33 0
e 34 36 0
e 38 39 0
