t 32 33
v 0 22 2
v 1 11 2
v 2 9 2
v 3 7 2
v 4 9 2
v 5 12 2
v 6 2 2
v 7 20 1
v 8 6 3
v 9 1 1
v 10 21 2
v 11 7 2
v 12 22 2
v 13 16 2
v 14 14 5
v 15 21 2
v 16 24 3
v 17 0 2
v 18 19 3
v 19 5 2
v 20 9 3
v 21 4 1
v 22 7 3
v 23 22 2
v 24 7 1
v 25 18 1
v 26 3 1
v 27 9 2
v 28 19 2
v 29 0 2
v 30 11 2
v 31 6 2
e 0 17 0
e 0 14 0
e 1 3 0
e 1 17 0
e 2 18 0
e 2 14 0
e 3 6 0
e 4 19 0
e 4 20 0
e 5 12 0
e 5 28 0
e 6 22 0
e 7 22 0
e 8 23 0
e 8 14 0
e 8 27 0
e 9 13 0
e 10 20 0
e 10 28 0
e 11 15 0
e 11 13 0
e 12 15 0
e 14 30 0
e 14 16 0
e 16 19 0
e 16 18 0
e 18 29 0
e 20 26 0
e 21 31 0
e 22 27 0
e 23 24 0
e 25 29 0
e 30 31 0
