t 24 32
v 0 3 2
v 1 19 5
v 2 15 3
v 3 16 1
v 4 22 1
v 5 3 1
v 6 11 1
v 7 5 1
v 8 22 3
v 9 5 6
v 10 11 1
v 11 7 3
v 12 11 1
v 13 6 3
v 14 6 14
v 15 14 1
v 16 3 2
v 17 8 3
v 18 16 2
v 19 8 2
v 20 11 1
v 21 13 5
v 22 8 1
v 23 5 1
e 0 16 0
e 0 14 0
e 1 2 0
e 1 8 0
e 1 13 0
e 1 11 0
e 1 9 0
e 2 9 0
e 2 14 0
e 3 14 0
e 4 14 0
e 5 14 0
e 6 14 0
e 7 14 0
e 8 9 0
e 8 14 0
e 9 13 0
e 9 11 0
e 9 14 0
e 10 14 0
e 11 14 0
e 12 14 0
e 13 14 0
e 14 15 0
e 16 17 0
e 17 18 0
e 17 21 0
e 18 19 0
e 19 21 0
e 20 21 0
e 21 23 0
e 21 22 0
