t 40 45
v 0 14 3
v 1 22 2
v 2 7 3
v 3 12 3
v 4 24 1
v 5 20 4
v 6 5 1
v 7 2 2
v 8 1 2
v 9 18 4
v 10 13 2
v 11 2 1
v 12 5 1
v 13 12 2
v 14 5 1
v 15 17 2
v 16 16 2
v 17 1 4
v 18 7 5
v 19 3 2
v 20 13 2
v 21 0 2
v 22 8 4
v 23 9 1
v 24 22 2
v 25 14 2
v 26 9 4
v 27 22 3
v 28 17 1
v 29 4 3
v 30 13 2
v 31 22 3
v 32 19 2
v 33 0 2
v 34 12 2
v 35 2 2
v 36 8 1
v 37 11 2
v 38 11 2
v 39 20 1
e 0 36 0
e 0 37 0
e 0 1 0
e 1 18 0
e 2 6 0
e 2 9 0
e 2 18 0
e 3 22 0
e 3 21 0
e 3 32 0
e 4 18 0
e 5 20 0
e 5 27 0
e 5 34 0
e 5 17 0
e 7 19 0
e 7 17 0
e 8 9 0
e 8 26 0
e 9 26 0
e 9 10 0
e 10 26 0
e 11 29 0
e 12 13 0
e 13 26 0
e 14 16 0
e 15 35 0
e 15 33 0
e 16 17 0
e 17 18 0
e 18 23 0
e 19 33 0
e 20 22 0
e 21 22 0
e 22 32 0
e 24 27 0
e 24 29 0
e 25 28 0
e 25 29 0
e 27 31 0
e 30 31 0
e 30 35 0
e 31 34 0
e 37 38 0
e 38 39 0
