t 32 36
v 0 23 5
v 1 24 2
v 2 4 1
v 3 9 3
v 4 2 1
v 5 19 2
v 6 4 3
v 7 18 3
v 8 22 3
v 9 15 2
v 10 15 2
v 11 0 1
v 12 2 2
v 13 3 2
v 14 20 3
v 15 5 1
v 16 13 3
v 17 4 2
v 18 13 2
v 19 7 2
v 20 4 2
v 21 8 1
v 22 20 4
v 23 22 1
v 24 1 2
v 25 5 1
v 26 2 3
v 27 5 1
v 28 11 3
v 29 24 1
v 30 2 7
v 31 5 1
e 0 7 0
e 0 3 0
e 0 5 0
e 0 6 0
e 0 17 0
e 1 29 0
e 1 7 0
e 2 13 0
e 3 27 0
e 3 30 0
e 4 30 0
e 5 6 0
e 6 8 0
e 7 30 0
e 8 28 0
e 8 30 0
e 9 10 0
e 9 28 0
e 10 24 0
e 11 18 0
e 12 14 0
e 12 22 0
e 13 17 0
e 14 22 0
e 14 25 0
e 15 16 0
e 16 24 0
e 16 26 0
e 18 22 0
e 19 20 0
e 19 22 0
e 20 26 0
e 21 30 0
e 23 26 0
e 28 30 0
e 30 31 0
