t 32 33
v 0 4 3
v 1 21 2
v 2 15 2
v 3 13 2
v 4 6 1
v 5 4 9
v 6 24 2
v 7 2 1
v 8 6 1
v 9 19 1
v 10 16 1
v 11 14 3
v 12 17 1
v 13 24 2
v 14 20 2
v 15 23 2
v 16 6 2
v 17 12 1
v 18 23 2
v 19 2 3
v 20 16 2
v 21 18 1
v 22 13 1
v 23 3 3
v 24 1 2
v 25 17 1
v 26 5 2
v 27 14 4
v 28 22 2
v 29 12 2
v 30 3 1
v 31 13 2
e 0 3 0
e 0 5 0
e 0 20 0
e 1 5 0
e 1 20 0
e 2 13 0
e 2 15 0
e 3 14 0
e 4 5 0
e 5 10 0
e 5 6 0
e 5 30 0
e 5 21 0
e 5 8 0
e 5 25 0
e 6 27 0
e 7 27 0
e 9 27 0
e 11 12 0
e 11 18 0
e 11 23 0
e 13 24 0
e 14 19 0
e 15 28 0
e 16 26 0
e 16 27 0
e 17 31 0
e 18 23 0
e 19 31 0
e 19 22 0
e 23 24 0
e 26 29 0
e 28 29 0
