t 32 36
v 0 18 2
v 1 22 1
v 2 4 2
v 3 7 1
v 4 15 3
v 5 10 2
v 6 4 1
v 7 8 5
v 8 10 3
v 9 3 2
v 10 18 2
v 11 22 3
v 12 13 1
v 13 10 3
v 14 18 4
v 15 6 2
v 16 22 2
v 17 1 1
v 18 8 1
v 19 10 1
v 20 23 3
v 21 21 8
v 22 22 1
v 23 13 3
v 24 23 2
v 25 22 1
v 26 23 2
v 27 18 2
v 28 12 2
v 29 14 2
v 30 22 2
v 31 18 2
e 0 1 0
e 0 20 0
e 2 9 0
e 2 28 0
e 3 11 0
e 4 8 0
e 4 11 0
e 4 14 0
e 5 16 0
e 5 18 0
e 6 8 0
e 7 15 0
e 7 21 0
e 7 19 0
e 7 14 0
e 7 13 0
e 8 21 0
e 9 29 0
e 10 17 0
e 10 15 0
e 11 21 0
e 12 30 0
e 13 16 0
e 13 21 0
e 14 20 0
e 14 21 0
e 20 21 0
e 21 23 0
e 21 27 0
e 22 23 0
e 23 25 0
e 24 29 0
e 24 31 0
e 26 30 0
e 26 31 0
e 27 28 0
