t 32 34
v 0 12 3
v 1 5 3
v 2 12 1
v 3 23 4
v 4 0 1
v 5 24 2
v 6 1 2
v 7 10 2
v 8 10 2
v 9 13 2
v 10 1 2
v 11 10 2
v 12 19 3
v 13 6 2
v 14 9 2
v 15 5 2
v 16 11 1
v 17 19 3
v 18 20 2
v 19 19 3
v 20 15 3
v 21 15 1
v 22 13 2
v 23 8 2
v 24 21 1
v 25 12 2
v 26 0 2
v 27 14 1
v 28 1 4
v 29 8 3
v 30 0 2
v 31 21 1
e 0 25 0
e 0 1 0
e 0 28 0
e 1 28 0
e 1 3 0
e 2 3 0
e 3 4 0
e 3 6 0
e 5 14 0
e 5 20 0
e 6 10 0
e 7 12 0
e 7 23 0
e 8 15 0
e 8 20 0
e 9 14 0
e 9 29 0
e 10 15 0
e 11 18 0
e 11 19 0
e 12 13 0
e 12 17 0
e 13 17 0
e 16 29 0
e 17 21 0
e 18 26 0
e 19 27 0
e 19 23 0
e 20 22 0
e 22 26 0
e 24 29 0
e 25 28 0
e 28 30 0
e 30 31 0
