t 32 47
v 0 24 2
v 1 4 7
v 2 18 3
v 3 0 2
v 4 11 1
v 5 2 1
v 6 3 2
v 7 2 2
v 8 24 3
v 9 5 3
v 10 18 1
v 11 9 5
v 12 10 1
v 13 17 1
v 14 11 6
v 15 13 2
v 16 22 2
v 17 1 1
v 18 1 8
v 19 9 9
v 20 7 4
v 21 0 1
v 22 16 5
v 23 9 1
v 24 16 4
v 25 0 2
v 26 17 3
v 27 22 4
v 28 20 3
v 29 8 3
v 30 9 1
v 31 12 1
e 0 1 0
e 0 18 0
e 1 9 0
e 1 2 0
e 1 14 0
e 1 18 0
e 1 19 0
e 1 24 0
e 2 27 0
e 2 19 0
e 3 11 0
e 3 29 0
e 4 26 0
e 5 7 0
e 6 14 0
e 6 19 0
e 7 8 0
e 8 19 0
e 8 26 0
e 9 14 0
e 9 22 0
e 10 16 0
e 11 27 0
e 11 15 0
e 11 18 0
e 11 22 0
e 12 14 0
e 13 29 0
e 14 28 0
e 14 18 0
e 15 25 0
e 16 26 0
e 17 28 0
e 18 22 0
e 18 31 0
e 18 19 0
e 18 24 0
e 19 30 0
e 19 21 0
e 19 28 0
e 19 20 0
e 20 22 0
e 20 27 0
e 20 24 0
e 22 29 0
e 23 25 0
e 24 27 0
