t 32 33
v 0 4 4
v 1 11 2
v 2 14 5
v 3 20 3
v 4 13 3
v 5 10 2
v 6 1 2
v 7 24 2
v 8 5 2
v 9 6 2
v 10 19 1
v 11 12 2
v 12 11 1
v 13 4 1
v 14 22 3
v 15 6 3
v 16 21 2
v 17 3 2
v 18 4 1
v 19 12 2
v 20 4 1
v 21 13 1
v 22 7 2
v 23 8 2
v 24 4 2
v 25 1 2
v 26 16 1
v 27 0 2
v 28 7 3
v 29 14 2
v 30 16 2
v 31 21 1
e 0 27 0
e 0 1 0
e 0 28 0
e 0 15 0
e 1 2 0
e 2 10 0
e 2 14 0
e 2 17 0
e 2 4 0
e 3 18 0
e 3 8 0
e 3 5 0
e 4 5 0
e 4 6 0
e 6 7 0
e 7 9 0
e 8 13 0
e 9 11 0
e 11 12 0
e 14 22 0
e 14 16 0
e 15 19 0
e 15 29 0
e 16 29 0
e 17 28 0
e 19 20 0
e 21 24 0
e 22 23 0
e 23 25 0
e 24 28 0
e 25 26 0
e 27 30 0
e 30 31 0
