t 32 33
v 0 16 2
v 1 18 2
v 2 13 2
v 3 2 2
v 4 23 2
v 5 8 2
v 6 17 2
v 7 10 2
v 8 24 2
v 9 22 3
v 10 23 1
v 11 20 3
v 12 19 2
v 13 9 3
v 14 14 3
v 15 5 2
v 16 9 3
v 17 4 1
v 18 13 2
v 19 22 3
v 20 10 1
v 21 8 2
v 22 19 1
v 23 15 1
v 24 23 1
v 25 21 4
v 26 18 1
v 27 4 2
v 28 9 3
v 29 14 2
v 30 17 2
v 31 19 2
e 0 2 0
e 0 8 0
e 1 16 0
e 1 5 0
e 2 16 0
e 3 8 0
e 3 12 0
e 4 13 0
e 4 15 0
e 5 6 0
e 6 9 0
e 7 26 0
e 7 9 0
e 9 27 0
e 10 11 0
e 11 27 0
e 11 28 0
e 12 31 0
e 13 25 0
e 13 14 0
e 14 21 0
e 14 19 0
e 15 18 0
e 16 22 0
e 17 25 0
e 18 28 0
e 19 21 0
e 19 25 0
e 20 30 0
e 23 25 0
e 24 29 0
e 28 29 0
e 30 31 0
