t 32 32
v 0 20 2
v 1 16 2
v 2 12 2
v 3 20 2
v 4 10 1
v 5 14 1
v 6 3 4
v 7 7 2
v 8 8 2
v 9 19 3
v 10 5 2
v 11 14 2
v 12 9 2
v 13 4 2
v 14 2 1
v 15 15 2
v 16 18 2
v 17 0 2
v 18 5 3
v 19 15 1
v 20 6 2
v 21 14 2
v 22 14 2
v 23 2 2
v 24 21 2
v 25 1 2
v 26 4 1
v 27 19 5
v 28 7 1
v 29 20 2
v 30 0 2
v 31 16 1
e 0 23 0
e 0 12 0
e 1 23 0
e 1 15 0
e 2 6 0
e 2 11 0
e 3 16 0
e 3 27 0
e 4 6 0
e 5 6 0
e 6 10 0
e 7 29 0
e 7 20 0
e 8 22 0
e 8 27 0
e 9 18 0
e 9 21 0
e 9 24 0
e 10 13 0
e 11 17 0
e 12 30 0
e 13 16 0
e 14 27 0
e 15 29 0
e 17 20 0
e 18 19 0
e 18 24 0
e 21 22 0
e 25 26 0
e 25 27 0
e 27 28 0
e 30 31 0
