t 32 45
v 0 23 2
v 1 1 1
v 2 12 3
v 3 16 5
v 4 3 1
v 5 23 1
v 6 5 2
v 7 21 5
v 8 7 2
v 9 5 2
v 10 18 2
v 11 17 2
v 12 8 1
v 13 16 5
v 14 5 1
v 15 15 4
v 16 14 5
v 17 3 3
v 18 12 2
v 19 11 2
v 20 3 4
v 21 13 2
v 22 9 4
v 23 12 5
v 24 5 2
v 25 17 4
v 26 5 1
v 27 5 2
v 28 4 3
v 29 4 1
v 30 22 10
v 31 4 1
e 0 25 0
e 0 30 0
e 1 17 0
e 2 27 0
e 2 4 0
e 2 22 0
e 3 13 0
e 3 7 0
e 3 23 0
e 3 28 0
e 3 30 0
e 5 25 0
e 6 7 0
e 6 25 0
e 7 23 0
e 7 8 0
e 7 30 0
e 8 22 0
e 9 10 0
e 9 22 0
e 10 24 0
e 11 16 0
e 11 22 0
e 12 17 0
e 13 19 0
e 13 18 0
e 13 20 0
e 13 30 0
e 14 25 0
e 15 18 0
e 15 26 0
e 15 16 0
e 15 30 0
e 16 23 0
e 16 21 0
e 16 24 0
e 17 21 0
e 19 20 0
e 20 23 0
e 20 30 0
e 23 30 0
e 27 28 0
e 28 30 0
e 29 30 0
e 30 31 0
