t 32 38
v 0 18 4
v 1 18 4
v 2 23 1
v 3 21 4
v 4 7 3
v 5 3 1
v 6 20 2
v 7 8 1
v 8 21 3
v 9 0 4
v 10 0 4
v 11 6 5
v 12 2 1
v 13 20 2
v 14 23 1
v 15 7 1
v 16 21 2
v 17 7 2
v 18 5 1
v 19 0 2
v 20 4 1
v 21 19 4
v 22 15 5
v 23 9 1
v 24 17 2
v 25 18 2
v 26 8 2
v 27 24 1
v 28 1 2
v 29 5 3
v 30 13 4
v 31 1 1
e 0 1 0
e 0 16 0
e 0 12 0
e 0 5 0
e 1 7 0
e 1 30 0
e 1 4 0
e 2 9 0
e 3 19 0
e 3 30 0
e 3 29 0
e 3 8 0
e 4 11 0
e 4 21 0
e 6 10 0
e 6 22 0
e 8 30 0
e 8 16 0
e 9 18 0
e 9 14 0
e 9 17 0
e 10 22 0
e 10 13 0
e 10 21 0
e 11 21 0
e 11 17 0
e 11 31 0
e 11 13 0
e 15 24 0
e 19 21 0
e 20 28 0
e 22 23 0
e 22 24 0
e 22 25 0
e 25 26 0
e 26 28 0
e 27 29 0
e 29 30 0
