t 40 41
v 0 10 2
v 1 2 2
v 2 7 2
v 3 24 2
v 4 2 2
v 5 14 3
v 6 22 2
v 7 17 2
v 8 23 2
v 9 14 5
v 10 22 3
v 11 5 2
v 12 3 3
v 13 12 2
v 14 20 2
v 15 17 1
v 16 2 1
v 17 3 2
v 18 4 2
v 19 10 1
v 20 3 3
v 21 21 2
v 22 18 1
v 23 7 3
v 24 12 2
v 25 2 2
v 26 1 2
v 27 18 3
v 28 12 2
v 29 10 2
v 30 19 1
v 31 11 2
v 32 8 2
v 33 22 2
v 34 23 2
v 35 2 1
v 36 10 2
v 37 23 2
v 38 0 2
v 39 13 1
e 0 1 0
e 0 26 0
e 1 31 0
e 2 3 0
e 2 14 0
e 3 8 0
e 4 6 0
e 4 31 0
e 5 23 0
e 5 12 0
e 5 20 0
e 6 7 0
e 7 10 0
e 8 26 0
e 9 16 0
e 9 22 0
e 9 11 0
e 9 17 0
e 9 10 0
e 10 11 0
e 12 15 0
e 12 32 0
e 13 14 0
e 13 38 0
e 17 34 0
e 18 21 0
e 18 28 0
e 19 23 0
e 20 23 0
e 20 30 0
e 21 36 0
e 24 27 0
e 24 37 0
e 25 39 0
e 25 38 0
e 27 29 0
e 27 35 0
e 28 34 0
e 29 33 0
e 32 33 0
e 36 37 0
