t 40 40
v 0 0 1
v 1 23 2
v 2 20 3
v 3 22 2
v 4 10 2
v 5 5 1
v 6 16 2
v 7 7 2
v 8 15 1
v 9 10 2
v 10 24 1
v 11 15 1
v 12 13 2
v 13 7 2
v 14 16 3
v 15 10 2
v 16 12 2
v 17 19 2
v 18 7 2
v 19 11 2
v 20 6 4
v 21 21 3
v 22 0 2
v 23 14 2
v 24 12 2
v 25 23 2
v 26 3 2
v 27 17 2
v 28 1 2
v 29 20 2
v 30 17 3
v 31 10 2
v 32 6 2
v 33 8 1
v 34 24 3
v 35 24 1
v 36 12 2
v 37 9 2
v 38 22 2
v 39 3 2
e 0 23 0
e 1 6 0
e 1 8 0
e 2 3 0
e 2 4 0
e 2 34 0
e 3 12 0
e 4 6 0
e 5 12 0
e 7 15 0
e 7 16 0
e 9 16 0
e 9 17 0
e 10 32 0
e 11 24 0
e 13 15 0
e 13 32 0
e 14 33 0
e 14 27 0
e 14 36 0
e 17 22 0
e 18 19 0
e 18 36 0
e 19 22 0
e 20 29 0
e 20 24 0
e 20 35 0
e 20 28 0
e 21 26 0
e 21 25 0
e 21 29 0
e 23 37 0
e 25 26 0
e 27 34 0
e 28 30 0
e 30 31 0
e 30 39 0
e 31 34 0
e 37 38 0
e 38 39 0
