t 40 43
v 0 19 1
v 1 22 1
v 2 15 3
v 3 15 2
v 4 4 1
v 5 24 1
v 6 1 1
v 7 7 3
v 8 17 1
v 9 16 2
v 10 17 2
v 11 9 1
v 12 22 6
v 13 12 2
v 14 17 1
v 15 17 2
v 16 17 2
v 17 13 1
v 18 21 4
v 19 3 6
v 20 12 2
v 21 17 5
v 22 7 3
v 23 1 2
v 24 21 5
v 25 10 2
v 26 9 1
v 27 1 3
v 28 8 2
v 29 14 2
v 30 1 1
v 31 6 2
v 32 4 1
v 33 20 1
v 34 10 1
v 35 21 1
v 36 22 2
v 37 8 3
v 38 23 2
v 39 4 2
e 0 3 0
e 1 12 0
e 2 13 0
e 2 9 0
e 2 18 0
e 3 19 0
e 4 28 0
e 5 10 0
e 6 12 0
e 7 15 0
e 7 14 0
e 7 27 0
e 8 25 0
e 9 16 0
e 10 16 0
e 11 12 0
e 12 21 0
e 12 22 0
e 12 17 0
e 13 28 0
e 15 18 0
e 18 31 0
e 18 19 0
e 19 33 0
e 19 35 0
e 19 36 0
e 19 30 0
e 20 21 0
e 20 24 0
e 21 27 0
e 21 29 0
e 21 24 0
e 22 23 0
e 22 31 0
e 23 25 0
e 24 27 0
e 24 29 0
e 24 26 0
e 32 37 0
e 34 39 0
e 36 37 0
e 37 38 0
e 38 39 0
