t 40 40
v 0 3 2
v 1 7 2
v 2 24 2
v 3 13 1
v 4 2 1
v 5 1 4
v 6 4 1
v 7 21 1
v 8 16 4
v 9 17 3
v 10 12 2
v 11 1 1
v 12 5 1
v 13 1 3
v 14 15 2
v 15 7 2
v 16 11 3
v 17 19 2
v 18 19 2
v 19 24 1
v 20 21 3
v 21 8 1
v 22 14 2
v 23 14 3
v 24 7 2
v 25 9 3
v 26 23 1
v 27 13 2
v 28 21 3
v 29 16 4
v 30 23 2
v 31 2 1
v 32 23 1
v 33 9 1
v 34 4 1
v 35 15 3
v 36 7 2
v 37 12 2
v 38 24 2
v 39 13 1
e 0 1 0
e 0 3 0
e 1 29 0
e 2 20 0
e 2 23 0
e 4 5 0
e 5 6 0
e 5 17 0
e 5 29 0
e 7 13 0
e 8 13 0
e 8 9 0
e 8 36 0
e 8 14 0
e 9 28 0
e 9 25 0
e 10 15 0
e 10 16 0
e 11 27 0
e 12 23 0
e 13 28 0
e 14 37 0
e 15 25 0
e 16 26 0
e 16 30 0
e 17 33 0
e 18 29 0
e 18 32 0
e 19 24 0
e 20 24 0
e 20 35 0
e 21 30 0
e 22 27 0
e 22 28 0
e 23 31 0
e 25 29 0
e 34 35 0
e 35 36 0
e 37 38 0
e 38 39 0
