t 40 44
v 0 0 1
v 1 10 3
v 2 13 1
v 3 1 5
v 4 17 2
v 5 17 2
v 6 24 2
v 7 6 3
v 8 9 2
v 9 0 1
v 10 9 4
v 11 1 2
v 12 4 7
v 13 13 1
v 14 7 1
v 15 12 3
v 16 13 2
v 17 4 2
v 18 5 1
v 19 0 1
v 20 0 3
v 21 22 1
v 22 3 2
v 23 15 4
v 24 4 2
v 25 16 1
v 26 1 4
v 27 1 2
v 28 3 2
v 29 15 3
v 30 12 2
v 31 16 1
v 32 10 3
v 33 10 3
v 34 24 2
v 35 7 1
v 36 7 1
v 37 4 2
v 38 12 2
v 39 11 1
e 0 7 0
e 1 3 0
e 1 20 0
e 1 30 0
e 2 29 0
e 3 26 0
e 3 12 0
e 3 13 0
e 3 23 0
e 4 29 0
e 4 33 0
e 5 6 0
e 5 12 0
e 6 17 0
e 7 37 0
e 7 33 0
e 8 18 0
e 8 10 0
e 9 10 0
e 10 22 0
e 10 15 0
e 11 38 0
e 11 39 0
e 12 34 0
e 12 23 0
e 12 32 0
e 12 30 0
e 12 28 0
e 14 15 0
e 15 24 0
e 16 35 0
e 16 26 0
e 17 22 0
e 19 24 0
e 20 23 0
e 20 28 0
e 21 26 0
e 23 26 0
e 25 27 0
e 27 32 0
e 29 32 0
e 31 34 0
e 33 36 0
e 37 38 0
