t 40 49
v 0 8 2
v 1 0 2
v 2 24 2
v 3 7 2
v 4 8 5
v 5 10 2
v 6 3 3
v 7 20 3
v 8 11 2
v 9 5 1
v 10 13 2
v 11 19 6
v 12 16 2
v 13 12 3
v 14 17 2
v 15 23 1
v 16 21 3
v 17 14 1
v 18 11 2
v 19 6 9
v 20 5 6
v 21 6 2
v 22 16 2
v 23 11 2
v 24 0 3
v 25 16 3
v 26 22 3
v 27 15 1
v 28 15 1
v 29 7 3
v 30 18 2
v 31 19 1
v 32 18 2
v 33 21 1
v 34 22 3
v 35 0 1
v 36 22 2
v 37 19 2
v 38 8 2
v 39 7 1
e 0 4 0
e 0 34 0
e 1 8 0
e 1 2 0
e 2 10 0
e 3 5 0
e 3 16 0
e 4 18 0
e 4 15 0
e 4 34 0
e 4 13 0
e 5 7 0
e 6 26 0
e 6 21 0
e 6 32 0
e 7 31 0
e 7 8 0
e 9 12 0
e 10 36 0
e 11 30 0
e 11 24 0
e 11 22 0
e 11 21 0
e 11 29 0
e 11 19 0
e 12 25 0
e 13 25 0
e 13 34 0
e 14 37 0
e 14 38 0
e 16 28 0
e 16 18 0
e 17 19 0
e 19 26 0
e 19 22 0
e 19 24 0
e 19 33 0
e 19 29 0
e 19 20 0
e 19 35 0
e 20 26 0
e 20 27 0
e 20 24 0
e 20 32 0
e 20 29 0
e 23 25 0
e 23 37 0
e 30 36 0
e 38 39 0
