t 40 42
v 0 7 5
v 1 19 1
v 2 23 3
v 3 3 2
v 4 22 2
v 5 11 1
v 6 20 3
v 7 7 3
v 8 8 2
v 9 8 2
v 10 2 2
v 11 3 1
v 12 5 1
v 13 13 4
v 14 0 1
v 15 2 2
v 16 5 2
v 17 16 4
v 18 12 2
v 19 20 3
v 20 5 4
v 21 0 2
v 22 14 1
v 23 19 1
v 24 10 2
v 25 3 2
v 26 18 3
v 27 20 3
v 28 9 2
v 29 13 1
v 30 19 2
v 31 21 2
v 32 11 2
v 33 6 2
v 34 9 2
v 35 17 2
v 36 11 1
v 37 16 1
v 38 9 2
v 39 18 1
e 0 24 0
e 0 38 0
e 0 7 0
e 0 6 0
e 0 28 0
e 1 2 0
e 2 3 0
e 2 28 0
e 3 4 0
e 4 6 0
e 5 34 0
e 6 16 0
e 7 16 0
e 7 27 0
e 8 10 0
e 8 27 0
e 9 14 0
e 9 24 0
e 10 13 0
e 11 13 0
e 12 13 0
e 13 15 0
e 15 18 0
e 17 29 0
e 17 23 0
e 17 26 0
e 17 20 0
e 18 37 0
e 19 39 0
e 19 36 0
e 19 38 0
e 20 27 0
e 20 26 0
e 20 25 0
e 21 33 0
e 21 32 0
e 22 26 0
e 25 30 0
e 30 31 0
e 31 33 0
e 32 35 0
e 34 35 0
