t 32 38
v 0 9 2
v 1 23 4
v 2 4 1
v 3 1 1
v 4 12 3
v 5 6 5
v 6 9 3
v 7 14 2
v 8 11 1
v 9 9 4
v 10 7 1
v 11 1 4
v 12 18 2
v 13 12 2
v 14 18 4
v 15 11 2
v 16 17 3
v 17 6 1
v 18 2 2
v 19 2 3
v 20 5 2
v 21 14 2
v 22 3 1
v 23 8 2
v 24 15 2
v 25 6 2
v 26 22 5
v 27 11 2
v 28 11 2
v 29 17 2
v 30 6 2
v 31 12 2
e 0 2 0
e 0 5 0
e 1 18 0
e 1 19 0
e 1 11 0
e 1 14 0
e 3 16 0
e 4 5 0
e 4 26 0
e 4 21 0
e 5 16 0
e 5 21 0
e 5 26 0
e 6 16 0
e 6 9 0
e 6 26 0
e 7 15 0
e 7 20 0
e 8 31 0
e 9 14 0
e 9 19 0
e 9 11 0
e 10 18 0
e 11 17 0
e 11 14 0
e 12 25 0
e 12 26 0
e 13 28 0
e 13 29 0
e 14 19 0
e 15 24 0
e 20 23 0
e 22 23 0
e 24 25 0
e 26 27 0
e 27 28 0
e 29 30 0
e 30 31 0
