t 40 40
v 0 17 2
v 1 13 2
v 2 15 2
v 3 7 2
v 4 6 4
v 5 13 2
v 6 21 2
v 7 8 3
v 8 20 2
v 9 7 2
v 10 24 1
v 11 12 2
v 12 15 2
v 13 6 3
v 14 1 1
v 15 5 3
v 16 10 3
v 17 21 2
v 18 1 2
v 19 1 2
v 20 24 1
v 21 13 1
v 22 12 2
v 23 12 3
v 24 16 1
v 25 2 3
v 26 20 2
v 27 21 2
v 28 1 2
v 29 3 1
v 30 13 2
v 31 14 2
v 32 15 1
v 33 5 2
v 34 3 2
v 35 1 2
v 36 4 2
v 37 6 2
v 38 15 1
v 39 7 2
e 0 3 0
e 0 4 0
e 1 5 0
e 1 2 0
e 2 3 0
e 4 32 0
e 4 22 0
e 4 39 0
e 5 6 0
e 6 7 0
e 7 9 0
e 7 13 0
e 8 16 0
e 8 27 0
e 9 12 0
e 10 15 0
e 11 30 0
e 11 34 0
e 12 13 0
e 13 27 0
e 14 15 0
e 15 16 0
e 16 18 0
e 17 18 0
e 17 26 0
e 19 20 0
e 19 25 0
e 21 39 0
e 22 38 0
e 23 29 0
e 23 24 0
e 23 25 0
e 25 30 0
e 26 37 0
e 28 33 0
e 28 31 0
e 31 35 0
e 33 36 0
e 34 35 0
e 36 37 0
