t 32 34
v 0 21 3
v 1 14 2
v 2 13 1
v 3 22 2
v 4 16 1
v 5 4 6
v 6 2 2
v 7 4 2
v 8 5 1
v 9 0 1
v 10 10 2
v 11 6 9
v 12 14 1
v 13 8 8
v 14 19 1
v 15 13 2
v 16 11 2
v 17 8 1
v 18 5 3
v 19 22 2
v 20 24 2
v 21 9 1
v 22 2 2
v 23 3 1
v 24 10 1
v 25 7 1
v 26 17 1
v 27 7 1
v 28 6 1
v 29 21 3
v 30 6 1
v 31 20 1
e 0 3 0
e 0 1 0
e 0 5 0
e 1 22 0
e 2 5 0
e 3 10 0
e 4 11 0
e 5 30 0
e 5 29 0
e 5 23 0
e 5 31 0
e 6 7 0
e 6 10 0
e 7 11 0
e 8 11 0
e 9 11 0
e 11 12 0
e 11 15 0
e 11 29 0
e 11 16 0
e 11 21 0
e 13 27 0
e 13 25 0
e 13 24 0
e 13 17 0
e 13 28 0
e 13 26 0
e 13 29 0
e 13 20 0
e 14 19 0
e 15 18 0
e 16 18 0
e 18 19 0
e 20 22 0
