t 40 40
v 0 11 2
v 1 7 1
v 2 20 2
v 3 11 2
v 4 19 1
v 5 9 2
v 6 12 2
v 7 21 3
v 8 1 2
v 9 3 1
v 10 11 1
v 11 17 2
v 12 24 5
v 13 20 1
v 14 12 1
v 15 19 2
v 16 12 2
v 17 11 2
v 18 24 2
v 19 16 5
v 20 15 2
v 21 13 4
v 22 15 2
v 23 19 2
v 24 22 3
v 25 2 1
v 26 14 4
v 27 23 2
v 28 7 2
v 29 2 2
v 30 3 2
v 31 8 1
v 32 12 2
v 33 20 2
v 34 17 1
v 35 21 1
v 36 21 1
v 37 17 2
v 38 22 2
v 39 6 1
e 0 5 0
e 0 12 0
e 1 12 0
e 2 5 0
e 2 18 0
e 3 10 0
e 3 26 0
e 4 6 0
e 6 23 0
e 7 31 0
e 7 33 0
e 7 26 0
e 8 23 0
e 8 27 0
e 9 19 0
e 11 15 0
e 11 19 0
e 12 36 0
e 12 17 0
e 12 37 0
e 13 16 0
e 14 17 0
e 15 27 0
e 16 21 0
e 18 33 0
e 19 34 0
e 19 35 0
e 19 30 0
e 20 22 0
e 20 24 0
e 21 25 0
e 21 24 0
e 21 26 0
e 22 24 0
e 26 28 0
e 28 29 0
e 29 32 0
e 30 32 0
e 37 38 0
e 38 39 0
