t 40 41
v 0 0 2
v 1 10 2
v 2 22 2
v 3 0 2
v 4 21 2
v 5 20 2
v 6 13 1
v 7 21 2
v 8 13 2
v 9 9 2
v 10 7 3
v 11 10 2
v 12 18 3
v 13 9 2
v 14 18 1
v 15 1 2
v 16 0 2
v 17 13 2
v 18 4 2
v 19 16 3
v 20 20 3
v 21 9 2
v 22 22 2
v 23 16 2
v 24 5 2
v 25 5 2
v 26 4 3
v 27 12 2
v 28 23 2
v 29 17 1
v 30 7 1
v 31 20 1
v 32 10 2
v 33 17 2
v 34 20 2
v 35 21 2
v 36 8 2
v 37 16 2
v 38 2 3
v 39 17 3
e 0 19 0
e 0 13 0
e 1 22 0
e 1 13 0
e 2 3 0
e 2 22 0
e 3 27 0
e 4 19 0
e 4 38 0
e 5 17 0
e 5 7 0
e 6 39 0
e 7 35 0
e 8 15 0
e 8 35 0
e 9 11 0
e 9 15 0
e 10 30 0
e 10 21 0
e 10 33 0
e 11 32 0
e 12 39 0
e 12 16 0
e 12 37 0
e 14 20 0
e 16 20 0
e 17 27 0
e 18 36 0
e 18 37 0
e 19 38 0
e 20 32 0
e 21 28 0
e 23 36 0
e 23 24 0
e 24 34 0
e 25 34 0
e 25 33 0
e 26 29 0
e 26 31 0
e 26 28 0
e 38 39 0
