t 24 30
v 0 22 1
v 1 14 2
v 2 2 2
v 3 16 1
v 4 23 4
v 5 15 7
v 6 3 2
v 7 24 2
v 8 24 4
v 9 10 1
v 10 1 3
v 11 20 1
v 12 21 3
v 13 14 3
v 14 10 2
v 15 2 2
v 16 3 3
v 17 15 3
v 18 12 3
v 19 3 2
v 20 10 2
v 21 18 3
v 22 24 2
v 23 10 2
e 0 1 0
e 1 5 0
e 2 4 0
e 2 5 0
e 3 5 0
e 4 6 0
e 4 14 0
e 4 5 0
e 5 9 0
e 5 14 0
e 5 19 0
e 6 7 0
e 7 8 0
e 8 16 0
e 8 10 0
e 8 13 0
e 10 23 0
e 10 16 0
e 11 12 0
e 12 15 0
e 12 17 0
e 13 22 0
e 13 23 0
e 15 17 0
e 16 18 0
e 17 18 0
e 18 21 0
e 19 20 0
e 20 21 0
e 21 22 0
