t 40 41
v 0 21 1
v 1 21 2
v 2 22 4
v 3 22 3
v 4 7 2
v 5 4 2
v 6 13 2
v 7 2 2
v 8 22 2
v 9 11 1
v 10 24 2
v 11 14 2
v 12 0 2
v 13 22 2
v 14 23 2
v 15 13 3
v 16 2 1
v 17 9 1
v 18 15 2
v 19 17 2
v 20 17 2
v 21 15 2
v 22 3 2
v 23 7 2
v 24 20 2
v 25 21 2
v 26 12 7
v 27 9 2
v 28 6 2
v 29 21 2
v 30 17 2
v 31 15 2
v 32 9 2
v 33 14 2
v 34 24 2
v 35 4 3
v 36 20 1
v 37 22 1
v 38 10 1
v 39 1 1
e 0 3 0
e 1 2 0
e 1 3 0
e 2 34 0
e 2 35 0
e 2 26 0
e 3 11 0
e 4 5 0
e 4 11 0
e 5 14 0
e 6 19 0
e 6 7 0
e 7 32 0
e 8 10 0
e 8 32 0
e 9 15 0
e 10 12 0
e 12 23 0
e 13 23 0
e 13 18 0
e 14 19 0
e 15 16 0
e 15 27 0
e 17 26 0
e 18 25 0
e 20 31 0
e 20 21 0
e 21 30 0
e 22 26 0
e 22 35 0
e 24 28 0
e 24 29 0
e 25 33 0
e 26 37 0
e 26 36 0
e 26 38 0
e 26 39 0
e 27 29 0
e 28 30 0
e 31 33 0
e 34 35 0
