t 32 32
v 0 22 2
v 1 18 3
v 2 20 2
v 3 24 2
v 4 20 2
v 5 11 2
v 6 4 3
v 7 14 2
v 8 19 1
v 9 19 1
v 10 8 3
v 11 22 2
v 12 5 3
v 13 12 2
v 14 15 1
v 15 16 1
v 16 18 3
v 17 14 1
v 18 0 4
v 19 12 2
v 20 0 2
v 21 13 2
v 22 20 2
v 23 9 2
v 24 14 2
v 25 0 2
v 26 8 2
v 27 3 1
v 28 0 2
v 29 21 2
v 30 24 2
v 31 9 1
e 0 11 0
e 0 4 0
e 1 16 0
e 1 8 0
e 1 5 0
e 2 3 0
e 2 4 0
e 3 13 0
e 5 13 0
e 6 17 0
e 6 11 0
e 6 19 0
e 7 16 0
e 7 12 0
e 9 18 0
e 10 16 0
e 10 12 0
e 10 14 0
e 12 15 0
e 18 26 0
e 18 27 0
e 18 28 0
e 19 21 0
e 20 22 0
e 20 23 0
e 21 22 0
e 23 25 0
e 24 30 0
e 24 29 0
e 25 26 0
e 28 29 0
e 30 31 0
