t 32 38
v 0 21 2
v 1 17 2
v 2 18 2
v 3 10 2
v 4 15 2
v 5 21 1
v 6 12 3
v 7 14 1
v 8 16 3
v 9 11 3
v 10 9 1
v 11 17 1
v 12 7 2
v 13 0 2
v 14 9 5
v 15 13 2
v 16 10 2
v 17 11 4
v 18 17 2
v 19 14 4
v 20 9 5
v 21 20 3
v 22 11 2
v 23 7 1
v 24 13 3
v 25 5 3
v 26 13 2
v 27 24 2
v 28 9 1
v 29 12 2
v 30 15 5
v 31 2 1
e 0 23 0
e 0 9 0
e 1 11 0
e 1 27 0
e 2 3 0
e 2 27 0
e 3 25 0
e 4 6 0
e 4 14 0
e 5 14 0
e 6 24 0
e 6 10 0
e 7 14 0
e 8 26 0
e 8 30 0
e 8 21 0
e 9 30 0
e 9 22 0
e 12 18 0
e 12 25 0
e 13 14 0
e 13 17 0
e 14 19 0
e 15 20 0
e 15 17 0
e 16 20 0
e 16 17 0
e 17 19 0
e 18 28 0
e 19 20 0
e 19 21 0
e 20 30 0
e 20 21 0
e 22 29 0
e 24 30 0
e 24 25 0
e 26 30 0
e 29 31 0
