t 40 43
v 0 8 2
v 1 22 2
v 2 12 1
v 3 1 1
v 4 21 2
v 5 8 1
v 6 1 2
v 7 13 3
v 8 0 2
v 9 13 3
v 10 22 2
v 11 5 2
v 12 10 2
v 13 7 2
v 14 14 2
v 15 9 6
v 16 19 1
v 17 10 5
v 18 6 3
v 19 1 1
v 20 15 3
v 21 24 2
v 22 14 1
v 23 9 2
v 24 9 3
v 25 6 2
v 26 10 2
v 27 19 2
v 28 17 1
v 29 9 1
v 30 18 1
v 31 2 2
v 32 6 2
v 33 17 5
v 34 9 2
v 35 18 5
v 36 15 2
v 37 4 1
v 38 19 1
v 39 19 1
e 0 4 0
e 0 7 0
e 1 3 0
e 1 6 0
e 2 7 0
e 4 9 0
e 5 33 0
e 6 12 0
e 7 15 0
e 8 23 0
e 8 12 0
e 9 11 0
e 9 15 0
e 10 14 0
e 10 27 0
e 11 21 0
e 13 18 0
e 13 20 0
e 14 31 0
e 15 25 0
e 15 33 0
e 15 31 0
e 15 29 0
e 16 35 0
e 17 28 0
e 17 26 0
e 17 24 0
e 17 18 0
e 17 25 0
e 18 24 0
e 19 33 0
e 20 26 0
e 20 22 0
e 21 32 0
e 23 27 0
e 24 30 0
e 32 33 0
e 33 34 0
e 34 36 0
e 35 39 0
e 35 38 0
e 35 37 0
e 35 36 0
