t 32 38
v 0 16 2
v 1 5 3
v 2 17 1
v 3 6 5
v 4 23 4
v 5 23 1
v 6 10 3
v 7 1 1
v 8 9 2
v 9 16 2
v 10 2 2
v 11 20 5
v 12 22 5
v 13 23 1
v 14 9 1
v 15 11 1
v 16 14 1
v 17 10 2
v 18 5 2
v 19 19 3
v 20 22 5
v 21 10 2
v 22 9 3
v 23 22 3
v 24 17 2
v 25 22 2
v 26 2 1
v 27 1 2
v 28 1 3
v 29 22 2
v 30 11 2
v 31 13 2
e 0 4 0
e 0 18 0
e 1 3 0
e 1 6 0
e 1 11 0
e 2 20 0
e 3 16 0
e 3 4 0
e 3 11 0
e 3 12 0
e 4 8 0
e 4 19 0
e 5 22 0
e 6 8 0
e 6 19 0
e 7 20 0
e 9 20 0
e 9 11 0
e 10 15 0
e 10 27 0
e 11 12 0
e 11 20 0
e 12 14 0
e 12 19 0
e 12 20 0
e 13 17 0
e 17 31 0
e 18 22 0
e 21 22 0
e 21 23 0
e 23 28 0
e 23 24 0
e 24 25 0
e 25 26 0
e 27 28 0
e 28 29 0
e 29 30 0
e 30 31 0
