t 40 40
v 0 1 2
v 1 3 2
v 2 19 2
v 3 20 1
v 4 19 2
v 5 1 2
v 6 12 2
v 7 3 2
v 8 12 2
v 9 6 2
v 10 15 2
v 11 7 3
v 12 19 1
v 13 21 2
v 14 23 2
v 15 20 2
v 16 20 2
v 17 15 2
v 18 22 3
v 19 24 2
v 20 15 2
v 21 11 2
v 22 0 2
v 23 16 1
v 24 3 2
v 25 16 4
v 26 8 2
v 27 3 1
v 28 1 2
v 29 2 2
v 30 8 3
v 31 4 2
v 32 15 2
v 33 11 2
v 34 14 2
v 35 17 2
v 36 20 2
v 37 18 1
v 38 21 2
v 39 4 2
e 0 18 0
e 0 20 0
e 1 8 0
e 1 20 0
e 2 21 0
e 2 24 0
e 3 30 0
e 4 5 0
e 4 8 0
e 5 11 0
e 6 18 0
e 6 33 0
e 7 22 0
e 7 9 0
e 9 32 0
e 10 30 0
e 10 14 0
e 11 25 0
e 11 28 0
e 12 30 0
e 13 34 0
e 13 35 0
e 14 19 0
e 15 37 0
e 15 39 0
e 16 26 0
e 16 21 0
e 17 35 0
e 17 36 0
e 18 27 0
e 19 24 0
e 22 25 0
e 23 25 0
e 25 28 0
e 26 31 0
e 29 32 0
e 29 31 0
e 33 34 0
e 36 38 0
e 38 39 0
