t 32 33
v 0 21 2
v 1 18 1
v 2 7 1
v 3 23 2
v 4 24 1
v 5 11 2
v 6 1 2
v 7 3 1
v 8 17 2
v 9 2 1
v 10 6 2
v 11 12 2
v 12 8 2
v 13 0 2
v 14 14 2
v 15 16 3
v 16 0 1
v 17 19 2
v 18 23 2
v 19 14 4
v 20 1 2
v 21 4 1
v 22 2 3
v 23 20 2
v 24 22 2
v 25 14 2
v 26 4 2
v 27 13 8
v 28 10 2
v 29 11 2
v 30 16 2
v 31 17 1
e 0 27 0
e 0 13 0
e 1 27 0
e 2 27 0
e 3 17 0
e 3 25 0
e 4 5 0
e 5 27 0
e 6 18 0
e 6 14 0
e 7 8 0
e 8 27 0
e 9 10 0
e 10 27 0
e 11 24 0
e 11 25 0
e 12 18 0
e 12 27 0
e 13 29 0
e 14 28 0
e 15 22 0
e 15 16 0
e 15 19 0
e 17 28 0
e 19 20 0
e 19 22 0
e 19 23 0
e 20 22 0
e 21 27 0
e 23 26 0
e 24 26 0
e 29 30 0
e 30 31 0
