t 32 32
v 0 0 2
v 1 1 2
v 2 6 4
v 3 7 2
v 4 17 4
v 5 16 2
v 6 15 2
v 7 24 1
v 8 12 1
v 9 0 1
v 10 19 1
v 11 12 2
v 12 10 2
v 13 24 1
v 14 0 1
v 15 9 1
v 16 20 3
v 17 3 2
v 18 7 4
v 19 5 4
v 20 23 2
v 21 24 2
v 22 5 2
v 23 19 1
v 24 1 2
v 25 15 2
v 26 1 2
v 27 22 1
v 28 15 2
v 29 22 2
v 30 11 2
v 31 4 2
e 0 3 0
e 0 1 0
e 1 20 0
e 2 6 0
e 2 19 0
e 2 13 0
e 2 5 0
e 3 6 0
e 4 26 0
e 4 15 0
e 4 27 0
e 4 28 0
e 5 8 0
e 7 19 0
e 9 18 0
e 10 18 0
e 11 16 0
e 11 18 0
e 12 21 0
e 12 22 0
e 14 19 0
e 16 18 0
e 16 19 0
e 17 30 0
e 17 31 0
e 20 22 0
e 21 24 0
e 23 31 0
e 24 25 0
e 25 26 0
e 28 29 0
e 29 30 0
