t 40 43
v 0 13 1
v 1 12 1
v 2 18 7
v 3 21 2
v 4 0 3
v 5 4 2
v 6 18 1
v 7 20 3
v 8 9 2
v 9 14 1
v 10 22 3
v 11 8 1
v 12 22 2
v 13 20 2
v 14 24 2
v 15 22 4
v 16 8 3
v 17 16 7
v 18 19 2
v 19 7 1
v 20 19 2
v 21 16 1
v 22 18 2
v 23 16 1
v 24 15 1
v 25 4 2
v 26 5 1
v 27 7 1
v 28 15 4
v 29 11 2
v 30 10 1
v 31 12 1
v 32 12 2
v 33 21 3
v 34 9 1
v 35 6 2
v 36 19 2
v 37 20 3
v 38 23 2
v 39 7 2
e 0 2 0
e 1 17 0
e 2 3 0
e 2 22 0
e 2 11 0
e 2 6 0
e 2 17 0
e 2 28 0
e 3 7 0
e 4 35 0
e 4 16 0
e 4 5 0
e 5 13 0
e 7 15 0
e 7 28 0
e 8 15 0
e 8 9 0
e 10 17 0
e 10 27 0
e 10 29 0
e 12 29 0
e 12 24 0
e 13 22 0
e 14 16 0
e 14 28 0
e 15 17 0
e 15 28 0
e 16 18 0
e 17 26 0
e 17 19 0
e 17 23 0
e 18 20 0
e 20 33 0
e 21 32 0
e 25 30 0
e 25 37 0
e 31 33 0
e 32 39 0
e 33 34 0
e 35 36 0
e 36 37 0
e 37 38 0
e 38 39 0
