t 40 49
v 0 18 1
v 1 5 1
v 2 15 2
v 3 9 2
v 4 4 1
v 5 24 1
v 6 5 2
v 7 24 2
v 8 11 2
v 9 14 4
v 10 0 2
v 11 22 2
v 12 21 3
v 13 13 2
v 14 13 3
v 15 16 4
v 16 14 1
v 17 9 1
v 18 2 2
v 19 24 1
v 20 13 4
v 21 0 4
v 22 19 1
v 23 2 2
v 24 8 3
v 25 0 1
v 26 21 4
v 27 18 6
v 28 10 2
v 29 21 2
v 30 0 4
v 31 11 1
v 32 1 4
v 33 2 3
v 34 13 7
v 35 18 5
v 36 14 2
v 37 14 2
v 38 7 1
v 39 12 1
e 0 32 0
e 1 9 0
e 2 8 0
e 2 37 0
e 3 5 0
e 3 35 0
e 4 6 0
e 6 7 0
e 7 9 0
e 8 34 0
e 9 32 0
e 9 29 0
e 10 11 0
e 10 35 0
e 11 36 0
e 12 25 0
e 12 33 0
e 12 36 0
e 13 33 0
e 13 17 0
e 14 34 0
e 14 26 0
e 14 15 0
e 15 20 0
e 15 34 0
e 15 27 0
e 16 32 0
e 18 29 0
e 18 35 0
e 19 21 0
e 20 24 0
e 20 26 0
e 20 27 0
e 21 24 0
e 21 34 0
e 21 27 0
e 22 30 0
e 23 35 0
e 23 28 0
e 24 27 0
e 26 27 0
e 26 34 0
e 27 34 0
e 28 37 0
e 30 38 0
e 30 32 0
e 30 39 0
e 31 34 0
e 33 35 0
