t 32 32
v 0 13 1
v 1 16 1
v 2 2 3
v 3 6 2
v 4 11 2
v 5 8 2
v 6 7 2
v 7 4 2
v 8 4 2
v 9 11 3
v 10 13 2
v 11 4 2
v 12 5 1
v 13 11 2
v 14 4 2
v 15 13 3
v 16 8 2
v 17 15 3
v 18 13 1
v 19 24 2
v 20 24 2
v 21 5 2
v 22 3 1
v 23 3 2
v 24 20 3
v 25 0 2
v 26 11 2
v 27 8 3
v 28 2 2
v 29 14 2
v 30 5 1
v 31 8 2
e 0 2 0
e 1 17 0
e 2 15 0
e 2 20 0
e 3 20 0
e 3 6 0
e 4 11 0
e 4 13 0
e 5 10 0
e 5 16 0
e 6 10 0
e 7 19 0
e 7 23 0
e 8 11 0
e 8 16 0
e 9 24 0
e 9 17 0
e 9 22 0
e 12 31 0
e 13 14 0
e 14 27 0
e 15 31 0
e 15 30 0
e 17 24 0
e 18 27 0
e 19 24 0
e 21 27 0
e 21 29 0
e 23 25 0
e 25 28 0
e 26 29 0
e 26 28 0
