t 32 35
v 0 12 2
v 1 3 2
v 2 4 3
v 3 4 2
v 4 14 2
v 5 8 2
v 6 8 5
v 7 17 2
v 8 12 2
v 9 18 2
v 10 8 2
v 11 23 3
v 12 16 1
v 13 1 2
v 14 6 2
v 15 10 2
v 16 5 3
v 17 15 2
v 18 6 6
v 19 24 4
v 20 11 2
v 21 15 2
v 22 7 1
v 23 6 2
v 24 3 1
v 25 13 1
v 26 6 2
v 27 6 2
v 28 14 1
v 29 15 2
v 30 22 2
v 31 15 1
e 0 1 0
e 0 30 0
e 1 20 0
e 2 6 0
e 2 16 0
e 2 18 0
e 3 20 0
e 3 4 0
e 4 5 0
e 5 14 0
e 6 21 0
e 6 11 0
e 6 19 0
e 6 18 0
e 7 8 0
e 7 14 0
e 8 9 0
e 9 23 0
e 10 18 0
e 10 19 0
e 11 28 0
e 11 27 0
e 12 13 0
e 13 26 0
e 15 30 0
e 15 31 0
e 16 18 0
e 16 19 0
e 17 25 0
e 17 19 0
e 18 24 0
e 18 22 0
e 21 29 0
e 23 27 0
e 26 29 0
