t 32 36
v 0 21 1
v 1 8 2
v 2 12 2
v 3 5 4
v 4 7 3
v 5 7 2
v 6 19 4
v 7 0 3
v 8 23 1
v 9 6 3
v 10 12 1
v 11 19 7
v 12 6 3
v 13 12 1
v 14 4 2
v 15 6 3
v 16 4 1
v 17 15 2
v 18 13 1
v 19 21 3
v 20 6 2
v 21 13 3
v 22 5 3
v 23 2 2
v 24 9 3
v 25 12 1
v 26 9 1
v 27 23 1
v 28 13 2
v 29 5 3
v 30 23 1
v 31 14 1
e 0 19 0
e 1 2 0
e 1 19 0
e 2 3 0
e 3 14 0
e 3 7 0
e 3 11 0
e 4 9 0
e 4 28 0
e 4 27 0
e 5 19 0
e 5 21 0
e 6 20 0
e 6 10 0
e 6 8 0
e 6 7 0
e 7 11 0
e 9 26 0
e 9 24 0
e 11 16 0
e 11 13 0
e 11 14 0
e 11 20 0
e 11 18 0
e 12 30 0
e 12 15 0
e 12 29 0
e 15 17 0
e 15 29 0
e 17 31 0
e 21 23 0
e 21 22 0
e 22 28 0
e 22 29 0
e 23 24 0
e 24 25 0
