t 40 47
v 0 7 2
v 1 14 3
v 2 6 8
v 3 4 3
v 4 5 3
v 5 19 3
v 6 2 2
v 7 6 1
v 8 9 2
v 9 16 2
v 10 17 3
v 11 2 1
v 12 8 1
v 13 14 1
v 14 2 5
v 15 8 2
v 16 4 2
v 17 15 3
v 18 2 1
v 19 15 2
v 20 23 2
v 21 5 4
v 22 21 2
v 23 22 1
v 24 2 1
v 25 5 2
v 26 13 2
v 27 23 2
v 28 7 4
v 29 24 3
v 30 19 1
v 31 3 3
v 32 5 3
v 33 4 2
v 34 21 2
v 35 13 2
v 36 14 2
v 37 23 4
v 38 9 1
v 39 10 1
e 0 15 0
e 0 2 0
e 1 32 0
e 1 21 0
e 1 28 0
e 2 31 0
e 2 5 0
e 2 4 0
e 2 16 0
e 2 29 0
e 2 17 0
e 2 14 0
e 3 16 0
e 3 17 0
e 3 14 0
e 4 29 0
e 4 17 0
e 5 27 0
e 5 31 0
e 6 36 0
e 6 35 0
e 7 8 0
e 8 21 0
e 9 33 0
e 9 25 0
e 10 12 0
e 10 13 0
e 10 14 0
e 11 22 0
e 14 26 0
e 14 23 0
e 15 33 0
e 18 37 0
e 19 37 0
e 19 39 0
e 20 30 0
e 20 28 0
e 21 22 0
e 21 27 0
e 24 32 0
e 25 34 0
e 26 28 0
e 28 32 0
e 29 31 0
e 34 35 0
e 36 37 0
e 37 38 0
