t 40 45
v 0 13 3
v 1 1 5
v 2 10 1
v 3 9 2
v 4 21 2
v 5 17 1
v 6 22 2
v 7 6 2
v 8 12 3
v 9 6 1
v 10 10 5
v 11 21 2
v 12 10 1
v 13 3 3
v 14 16 1
v 15 12 2
v 16 12 3
v 17 0 1
v 18 13 2
v 19 24 2
v 20 19 2
v 21 13 2
v 22 14 2
v 23 18 2
v 24 19 3
v 25 3 1
v 26 0 3
v 27 22 3
v 28 6 1
v 29 17 2
v 30 6 2
v 31 5 2
v 32 9 2
v 33 17 2
v 34 10 2
v 35 2 3
v 36 9 1
v 37 18 1
v 38 9 2
v 39 9 8
e 0 8 0
e 0 15 0
e 0 39 0
e 1 36 0
e 1 9 0
e 1 33 0
e 1 37 0
e 1 19 0
e 2 10 0
e 3 26 0
e 3 6 0
e 4 13 0
e 4 16 0
e 5 10 0
e 6 29 0
e 7 11 0
e 7 17 0
e 8 31 0
e 8 39 0
e 10 15 0
e 10 12 0
e 10 39 0
e 11 13 0
e 13 39 0
e 14 27 0
e 16 18 0
e 16 39 0
e 18 20 0
e 19 35 0
e 20 25 0
e 21 24 0
e 21 23 0
e 22 30 0
e 22 29 0
e 23 24 0
e 24 26 0
e 26 28 0
e 27 30 0
e 27 39 0
e 31 32 0
e 32 34 0
e 33 38 0
e 34 35 0
e 35 39 0
e 38 39 0
