t 32 33
v 0 13 2
v 1 8 2
v 2 22 1
v 3 19 2
v 4 24 2
v 5 1 2
v 6 6 2
v 7 14 2
v 8 13 1
v 9 13 2
v 10 12 1
v 11 19 2
v 12 3 2
v 13 15 2
v 14 15 2
v 15 11 2
v 16 22 3
v 17 2 2
v 18 6 2
v 19 2 2
v 20 19 1
v 21 1 2
v 22 23 2
v 23 6 2
v 24 12 4
v 25 4 3
v 26 1 2
v 27 8 2
v 28 16 2
v 29 11 2
v 30 15 4
v 31 10 2
e 0 18 0
e 0 26 0
e 1 3 0
e 1 13 0
e 2 30 0
e 3 18 0
e 4 23 0
e 4 19 0
e 5 7 0
e 5 24 0
e 6 8 0
e 6 21 0
e 7 24 0
e 9 24 0
e 9 25 0
e 10 30 0
e 11 16 0
e 11 22 0
e 12 30 0
e 12 31 0
e 13 24 0
e 14 21 0
e 14 31 0
e 15 16 0
e 15 25 0
e 16 17 0
e 17 22 0
e 19 28 0
e 20 25 0
e 23 27 0
e 26 27 0
e 28 29 0
e 29 30 0
