t 32 36
v 0 7 2
v 1 24 2
v 2 11 3
v 3 15 1
v 4 2 1
v 5 21 3
v 6 4 2
v 7 15 1
v 8 21 2
v 9 24 2
v 10 8 2
v 11 0 2
v 12 5 1
v 13 5 2
v 14 3 1
v 15 0 2
v 16 10 2
v 17 9 5
v 18 21 2
v 19 18 2
v 20 2 6
v 21 23 2
v 22 7 2
v 23 7 4
v 24 18 2
v 25 13 1
v 26 9 2
v 27 7 4
v 28 22 3
v 29 10 2
v 30 2 2
v 31 18 2
e 0 14 0
e 0 20 0
e 1 19 0
e 1 29 0
e 2 3 0
e 2 7 0
e 2 31 0
e 4 20 0
e 5 9 0
e 5 20 0
e 5 17 0
e 6 30 0
e 6 31 0
e 8 10 0
e 8 12 0
e 9 20 0
e 10 11 0
e 11 16 0
e 13 21 0
e 13 16 0
e 15 21 0
e 15 22 0
e 17 27 0
e 17 28 0
e 17 20 0
e 17 18 0
e 18 23 0
e 19 30 0
e 20 22 0
e 23 24 0
e 23 27 0
e 23 28 0
e 24 26 0
e 25 27 0
e 26 27 0
e 28 29 0
