t 40 41
v 0 8 2
v 1 3 2
v 2 22 2
v 3 23 2
v 4 3 2
v 5 13 2
v 6 3 2
v 7 19 2
v 8 15 2
v 9 6 2
v 10 5 3
v 11 11 2
v 12 6 2
v 13 9 2
v 14 12 1
v 15 9 2
v 16 11 3
v 17 0 2
v 18 16 2
v 19 24 2
v 20 0 2
v 21 15 2
v 22 9 2
v 23 10 2
v 24 7 1
v 25 15 2
v 26 24 4
v 27 12 1
v 28 4 5
v 29 22 2
v 30 11 2
v 31 7 2
v 32 14 1
v 33 0 2
v 34 2 2
v 35 20 2
v 36 15 2
v 37 24 2
v 38 19 2
v 39 19 1
e 0 36 0
e 0 2 0
e 1 29 0
e 1 10 0
e 2 3 0
e 3 4 0
e 4 5 0
e 5 18 0
e 6 30 0
e 6 31 0
e 7 18 0
e 7 22 0
e 8 17 0
e 8 15 0
e 9 13 0
e 9 22 0
e 10 30 0
e 10 27 0
e 11 12 0
e 11 13 0
e 12 26 0
e 14 26 0
e 15 26 0
e 16 23 0
e 16 25 0
e 16 28 0
e 17 19 0
e 19 20 0
e 20 35 0
e 21 29 0
e 21 28 0
e 23 28 0
e 24 26 0
e 25 28 0
e 28 32 0
e 31 33 0
e 33 34 0
e 34 35 0
e 36 37 0
e 37 38 0
e 38 39 0
