t 24 30
v 0 20 1
v 1 0 1
v 2 22 2
v 3 19 7
v 4 5 1
v 5 20 1
v 6 5 2
v 7 12 1
v 8 0 1
v 9 7 1
v 10 6 10
v 11 5 5
v 12 4 2
v 13 21 1
v 14 9 1
v 15 0 1
v 16 3 3
v 17 6 4
v 18 7 3
v 19 7 7
v 20 11 1
v 21 10 1
v 22 5 1
v 23 13 2
e 0 3 0
e 1 19 0
e 2 10 0
e 2 11 0
e 3 23 0
e 3 18 0
e 3 17 0
e 3 12 0
e 3 10 0
e 3 11 0
e 4 10 0
e 5 10 0
e 6 16 0
e 6 19 0
e 7 10 0
e 8 19 0
e 9 10 0
e 10 23 0
e 10 15 0
e 10 17 0
e 10 13 0
e 11 18 0
e 11 17 0
e 11 12 0
e 14 19 0
e 16 18 0
e 16 17 0
e 19 21 0
e 19 22 0
e 19 20 0
