t 32 35
v 0 19 1
v 1 3 2
v 2 14 6
v 3 8 1
v 4 16 2
v 5 8 2
v 6 7 2
v 7 19 2
v 8 1 2
v 9 12 2
v 10 2 3
v 11 9 1
v 12 4 2
v 13 4 2
v 14 22 2
v 15 7 3
v 16 13 2
v 17 2 2
v 18 1 2
v 19 11 3
v 20 7 4
v 21 8 2
v 22 12 4
v 23 6 1
v 24 7 2
v 25 10 2
v 26 5 2
v 27 3 2
v 28 12 2
v 29 1 2
v 30 8 2
v 31 14 1
e 0 5 0
e 1 5 0
e 1 2 0
e 2 15 0
e 2 20 0
e 2 19 0
e 2 4 0
e 2 22 0
e 3 17 0
e 4 13 0
e 6 8 0
e 6 7 0
e 7 13 0
e 8 12 0
e 9 16 0
e 9 28 0
e 10 18 0
e 10 11 0
e 10 17 0
e 12 18 0
e 14 23 0
e 14 21 0
e 15 19 0
e 15 22 0
e 16 30 0
e 19 22 0
e 20 21 0
e 20 22 0
e 20 24 0
e 24 25 0
e 25 26 0
e 26 27 0
e 27 29 0
e 28 31 0
e 29 30 0
