t 32 33
v 0 21 2
v 1 15 1
v 2 7 2
v 3 15 4
v 4 15 1
v 5 0 3
v 6 8 2
v 7 9 3
v 8 16 2
v 9 18 1
v 10 9 1
v 11 24 3
v 12 16 3
v 13 4 1
v 14 12 2
v 15 4 2
v 16 11 3
v 17 13 2
v 18 9 1
v 19 17 2
v 20 11 2
v 21 14 2
v 22 10 2
v 23 5 2
v 24 12 2
v 25 22 2
v 26 10 2
v 27 7 3
v 28 19 2
v 29 18 2
v 30 23 1
v 31 23 3
e 0 9 0
e 0 21 0
e 1 31 0
e 2 3 0
e 2 12 0
e 3 10 0
e 3 16 0
e 3 5 0
e 4 5 0
e 5 11 0
e 6 15 0
e 6 17 0
e 7 30 0
e 7 8 0
e 7 29 0
e 8 31 0
e 11 12 0
e 11 20 0
e 12 13 0
e 14 28 0
e 14 29 0
e 15 16 0
e 16 27 0
e 17 19 0
e 18 31 0
e 19 20 0
e 21 22 0
e 22 24 0
e 23 26 0
e 23 27 0
e 24 25 0
e 25 26 0
e 27 28 0
