t 40 50
v 0 6 1
v 1 9 3
v 2 19 2
v 3 9 2
v 4 7 3
v 5 16 3
v 6 24 1
v 7 21 6
v 8 16 1
v 9 8 4
v 10 9 3
v 11 2 3
v 12 12 3
v 13 1 2
v 14 12 2
v 15 7 4
v 16 7 1
v 17 4 1
v 18 24 4
v 19 9 11
v 20 6 1
v 21 19 3
v 22 18 1
v 23 13 5
v 24 7 2
v 25 16 2
v 26 18 2
v 27 13 3
v 28 4 2
v 29 23 3
v 30 13 1
v 31 2 1
v 32 3 3
v 33 11 1
v 34 21 1
v 35 20 1
v 36 23 3
v 37 22 2
v 38 21 2
v 39 3 1
e 0 23 0
e 1 22 0
e 1 2 0
e 1 23 0
e 2 13 0
e 3 13 0
e 3 4 0
e 4 33 0
e 4 8 0
e 5 28 0
e 5 15 0
e 5 19 0
e 6 9 0
e 7 37 0
e 7 14 0
e 7 9 0
e 7 19 0
e 7 23 0
e 7 29 0
e 9 24 0
e 9 19 0
e 10 12 0
e 10 15 0
e 10 19 0
e 11 28 0
e 11 20 0
e 11 19 0
e 12 24 0
e 12 19 0
e 14 21 0
e 15 36 0
e 15 19 0
e 16 38 0
e 17 27 0
e 18 31 0
e 18 37 0
e 18 39 0
e 18 19 0
e 19 23 0
e 19 38 0
e 19 36 0
e 21 26 0
e 21 27 0
e 23 36 0
e 25 26 0
e 25 27 0
e 29 30 0
e 29 32 0
e 32 34 0
e 32 35 0
