t 32 34
v 0 24 1
v 1 2 1
v 2 14 1
v 3 24 2
v 4 13 1
v 5 15 2
v 6 14 2
v 7 19 3
v 8 24 2
v 9 8 1
v 10 23 1
v 11 5 2
v 12 18 2
v 13 15 1
v 14 22 1
v 15 23 5
v 16 4 2
v 17 6 1
v 18 0 2
v 19 7 2
v 20 17 4
v 21 1 1
v 22 3 4
v 23 22 1
v 24 18 3
v 25 5 3
v 26 13 1
v 27 11 2
v 28 22 2
v 29 23 8
v 30 11 2
v 31 14 2
e 0 24 0
e 1 22 0
e 2 22 0
e 3 27 0
e 3 12 0
e 4 20 0
e 5 6 0
e 5 22 0
e 6 8 0
e 7 12 0
e 7 19 0
e 7 24 0
e 8 20 0
e 9 11 0
e 10 31 0
e 11 20 0
e 13 25 0
e 14 29 0
e 15 16 0
e 15 28 0
e 15 21 0
e 15 25 0
e 15 29 0
e 16 29 0
e 17 29 0
e 18 20 0
e 18 30 0
e 19 31 0
e 22 27 0
e 23 29 0
e 24 26 0
e 25 29 0
e 28 29 0
e 29 30 0
