t 32 33
v 0 13 2
v 1 17 2
v 2 21 1
v 3 15 2
v 4 18 2
v 5 9 1
v 6 15 2
v 7 14 4
v 8 21 2
v 9 16 2
v 10 4 3
v 11 19 1
v 12 7 2
v 13 4 1
v 14 9 2
v 15 14 2
v 16 13 2
v 17 9 3
v 18 11 3
v 19 11 2
v 20 21 3
v 21 19 2
v 22 9 1
v 23 11 2
v 24 5 2
v 25 23 2
v 26 24 2
v 27 12 2
v 28 11 2
v 29 0 2
v 30 6 3
v 31 7 2
e 0 3 0
e 0 6 0
e 1 9 0
e 1 10 0
e 2 18 0
e 3 4 0
e 4 9 0
e 5 10 0
e 6 14 0
e 7 16 0
e 7 20 0
e 7 11 0
e 7 17 0
e 8 15 0
e 8 29 0
e 10 18 0
e 12 24 0
e 12 25 0
e 13 30 0
e 14 23 0
e 15 30 0
e 16 20 0
e 17 20 0
e 17 18 0
e 19 21 0
e 19 26 0
e 21 27 0
e 22 31 0
e 23 24 0
e 25 26 0
e 27 28 0
e 28 29 0
e 30 31 0
