t 40 43
v 0 23 2
v 1 20 3
v 2 14 2
v 3 24 2
v 4 8 2
v 5 17 2
v 6 13 2
v 7 20 2
v 8 7 3
v 9 6 1
v 10 6 2
v 11 14 2
v 12 7 2
v 13 18 4
v 14 15 2
v 15 22 2
v 16 12 1
v 17 21 3
v 18 16 2
v 19 9 3
v 20 6 4
v 21 19 2
v 22 9 3
v 23 1 2
v 24 23 2
v 25 4 1
v 26 17 2
v 27 14 3
v 28 9 1
v 29 10 1
v 30 9 1
v 31 16 2
v 32 18 3
v 33 13 2
v 34 21 3
v 35 23 2
v 36 7 2
v 37 10 3
v 38 10 2
v 39 3 1
e 0 6 0
e 0 1 0
e 1 30 0
e 1 4 0
e 2 8 0
e 2 15 0
e 3 13 0
e 3 33 0
e 4 14 0
e 5 10 0
e 5 12 0
e 6 37 0
e 7 12 0
e 7 14 0
e 8 34 0
e 8 27 0
e 9 13 0
e 10 34 0
e 11 13 0
e 11 15 0
e 13 34 0
e 16 36 0
e 17 18 0
e 17 29 0
e 17 20 0
e 18 20 0
e 19 25 0
e 19 20 0
e 19 32 0
e 20 32 0
e 21 26 0
e 21 27 0
e 22 33 0
e 22 23 0
e 22 36 0
e 23 35 0
e 24 35 0
e 24 26 0
e 27 31 0
e 28 37 0
e 31 32 0
e 37 38 0
e 38 39 0
