t 40 40
v 0 13 5
v 1 19 4
v 2 22 2
v 3 19 3
v 4 22 3
v 5 18 2
v 6 24 1
v 7 15 1
v 8 7 3
v 9 22 1
v 10 3 3
v 11 3 2
v 12 20 1
v 13 10 1
v 14 11 2
v 15 8 1
v 16 10 1
v 17 4 2
v 18 24 2
v 19 20 1
v 20 6 2
v 21 7 2
v 22 21 2
v 23 24 2
v 24 4 2
v 25 16 2
v 26 10 1
v 27 7 3
v 28 6 3
v 29 22 2
v 30 21 2
v 31 23 1
v 32 1 2
v 33 13 2
v 34 19 1
v 35 1 2
v 36 13 2
v 37 19 2
v 38 5 2
v 39 18 2
e 0 12 0
e 0 16 0
e 0 5 0
e 0 34 0
e 0 31 0
e 1 25 0
e 1 9 0
e 1 23 0
e 1 17 0
e 2 3 0
e 2 5 0
e 3 4 0
e 3 28 0
e 4 10 0
e 4 36 0
e 6 8 0
e 7 8 0
e 8 10 0
e 10 24 0
e 11 14 0
e 11 28 0
e 13 18 0
e 14 20 0
e 15 33 0
e 17 23 0
e 18 35 0
e 19 28 0
e 20 26 0
e 21 33 0
e 21 32 0
e 22 36 0
e 22 37 0
e 24 27 0
e 25 27 0
e 27 29 0
e 29 30 0
e 30 32 0
e 35 39 0
e 37 38 0
e 38 39 0
