t 40 40
v 0 22 2
v 1 21 2
v 2 13 2
v 3 21 2
v 4 0 2
v 5 18 2
v 6 3 2
v 7 3 2
v 8 11 2
v 9 16 3
v 10 12 2
v 11 13 2
v 12 7 2
v 13 4 2
v 14 21 2
v 15 10 2
v 16 2 2
v 17 21 2
v 18 10 2
v 19 15 3
v 20 0 4
v 21 23 2
v 22 4 1
v 23 19 2
v 24 24 3
v 25 13 2
v 26 6 2
v 27 4 1
v 28 9 2
v 29 5 3
v 30 8 2
v 31 18 2
v 32 16 2
v 33 17 2
v 34 15 1
v 35 17 2
v 36 16 1
v 37 7 2
v 38 0 1
v 39 18 1
e 0 1 0
e 0 21 0
e 1 3 0
e 2 24 0
e 2 29 0
e 3 4 0
e 4 10 0
e 5 14 0
e 5 9 0
e 6 7 0
e 6 24 0
e 7 8 0
e 8 11 0
e 9 36 0
e 9 37 0
e 10 15 0
e 11 18 0
e 12 32 0
e 12 18 0
e 13 32 0
e 13 16 0
e 14 35 0
e 15 29 0
e 16 37 0
e 17 25 0
e 17 19 0
e 19 34 0
e 19 23 0
e 20 39 0
e 20 22 0
e 20 38 0
e 20 26 0
e 21 33 0
e 23 27 0
e 24 29 0
e 25 30 0
e 26 33 0
e 28 35 0
e 28 31 0
e 30 31 0
