t 32 44
v 0 6 2
v 1 4 2
v 2 19 2
v 3 17 1
v 4 17 2
v 5 21 2
v 6 24 3
v 7 5 4
v 8 7 3
v 9 16 2
v 10 10 2
v 11 8 5
v 12 0 4
v 13 15 2
v 14 2 1
v 15 17 2
v 16 24 3
v 17 17 2
v 18 13 1
v 19 17 3
v 20 7 4
v 21 16 1
v 22 17 3
v 23 21 3
v 24 9 2
v 25 13 2
v 26 22 5
v 27 21 5
v 28 2 5
v 29 23 2
v 30 1 2
v 31 8 6
e 0 1 0
e 0 23 0
e 1 2 0
e 2 8 0
e 3 4 0
e 4 8 0
e 5 10 0
e 5 17 0
e 6 12 0
e 6 20 0
e 6 11 0
e 7 16 0
e 7 22 0
e 7 15 0
e 7 27 0
e 8 10 0
e 9 11 0
e 9 17 0
e 11 12 0
e 11 20 0
e 11 21 0
e 12 20 0
e 12 13 0
e 13 20 0
e 14 19 0
e 15 31 0
e 16 28 0
e 16 31 0
e 18 28 0
e 19 29 0
e 19 27 0
e 22 26 0
e 22 31 0
e 23 26 0
e 23 24 0
e 24 25 0
e 25 27 0
e 26 31 0
e 26 27 0
e 26 30 0
e 27 28 0
e 28 29 0
e 28 31 0
e 30 31 0
