t 40 44
v 0 17 2
v 1 0 2
v 2 13 2
v 3 17 2
v 4 21 2
v 5 14 2
v 6 24 2
v 7 7 2
v 8 5 2
v 9 3 4
v 10 7 2
v 11 10 2
v 12 16 3
v 13 11 1
v 14 4 2
v 15 14 2
v 16 11 2
v 17 22 4
v 18 11 1
v 19 1 2
v 20 7 5
v 21 23 3
v 22 19 2
v 23 13 2
v 24 15 3
v 25 10 3
v 26 3 2
v 27 7 2
v 28 2 2
v 29 20 2
v 30 4 2
v 31 2 2
v 32 24 2
v 33 4 3
v 34 9 2
v 35 19 2
v 36 20 2
v 37 6 1
v 38 24 2
v 39 20 1
e 0 4 0
e 0 9 0
e 1 29 0
e 1 9 0
e 2 39 0
e 2 38 0
e 3 6 0
e 3 22 0
e 4 5 0
e 5 12 0
e 6 7 0
e 7 8 0
e 8 11 0
e 9 13 0
e 9 18 0
e 10 31 0
e 10 16 0
e 11 15 0
e 12 37 0
e 12 38 0
e 14 15 0
e 14 26 0
e 16 26 0
e 17 20 0
e 17 33 0
e 17 21 0
e 17 24 0
e 19 30 0
e 19 31 0
e 20 33 0
e 20 23 0
e 20 24 0
e 20 25 0
e 21 23 0
e 21 25 0
e 22 29 0
e 24 35 0
e 25 33 0
e 27 34 0
e 27 36 0
e 28 30 0
e 28 34 0
e 32 35 0
e 32 36 0
