t 24 33
v 0 14 2
v 1 11 2
v 2 5 2
v 3 24 2
v 4 18 3
v 5 16 2
v 6 6 1
v 7 13 6
v 8 11 6
v 9 11 3
v 10 15 2
v 11 1 5
v 12 10 2
v 13 0 2
v 14 22 5
v 15 10 3
v 16 21 2
v 17 21 2
v 18 18 5
v 19 8 1
v 20 4 2
v 21 12 2
v 22 9 3
v 23 9 1
e 0 1 0
e 0 17 0
e 1 4 0
e 2 13 0
e 2 16 0
e 3 13 0
e 3 17 0
e 4 5 0
e 4 12 0
e 5 6 0
e 7 14 0
e 7 9 0
e 7 11 0
e 7 15 0
e 7 8 0
e 7 18 0
e 8 14 0
e 8 9 0
e 8 11 0
e 8 10 0
e 8 18 0
e 9 11 0
e 10 12 0
e 11 14 0
e 11 18 0
e 14 15 0
e 14 18 0
e 15 18 0
e 16 20 0
e 19 22 0
e 20 21 0
e 21 22 0
e 22 23 0
