t 32 35
v 0 20 2
v 1 1 2
v 2 15 2
v 3 1 1
v 4 13 3
v 5 22 3
v 6 7 2
v 7 16 2
v 8 6 2
v 9 9 2
v 10 2 2
v 11 1 2
v 12 7 2
v 13 0 3
v 14 6 2
v 15 12 4
v 16 11 2
v 17 8 2
v 18 5 2
v 19 24 2
v 20 2 1
v 21 22 3
v 22 12 2
v 23 1 4
v 24 17 2
v 25 9 3
v 26 10 2
v 27 2 1
v 28 1 2
v 29 18 3
v 30 6 2
v 31 13 1
e 0 30 0
e 0 2 0
e 1 30 0
e 1 31 0
e 2 28 0
e 3 4 0
e 4 9 0
e 4 11 0
e 5 27 0
e 5 11 0
e 5 6 0
e 6 7 0
e 7 10 0
e 8 12 0
e 8 24 0
e 9 18 0
e 10 24 0
e 12 26 0
e 13 14 0
e 13 15 0
e 13 17 0
e 14 15 0
e 15 16 0
e 15 17 0
e 16 22 0
e 18 28 0
e 19 22 0
e 19 23 0
e 20 25 0
e 21 29 0
e 21 25 0
e 21 23 0
e 23 25 0
e 23 29 0
e 26 29 0
