t 24 30
v 0 12 2
v 1 1 3
v 2 21 1
v 3 18 2
v 4 10 1
v 5 7 2
v 6 13 2
v 7 7 4
v 8 8 3
v 9 21 5
v 10 15 6
v 11 13 2
v 12 21 1
v 13 13 3
v 14 9 2
v 15 5 3
v 16 0 2
v 17 2 2
v 18 6 2
v 19 20 2
v 20 1 4
v 21 4 2
v 22 18 2
v 23 17 2
e 0 1 0
e 0 3 0
e 1 16 0
e 1 9 0
e 2 7 0
e 3 6 0
e 4 7 0
e 5 6 0
e 5 13 0
e 7 11 0
e 7 10 0
e 8 10 0
e 8 13 0
e 8 9 0
e 9 14 0
e 9 10 0
e 9 20 0
e 10 15 0
e 10 20 0
e 10 21 0
e 11 13 0
e 12 23 0
e 14 15 0
e 15 20 0
e 16 18 0
e 17 21 0
e 17 22 0
e 18 19 0
e 19 20 0
e 22 23 0
