t 40 40
v 0 2 1
v 1 17 3
v 2 22 3
v 3 5 2
v 4 2 2
v 5 3 1
v 6 23 1
v 7 11 2
v 8 14 4
v 9 14 2
v 10 16 2
v 11 24 2
v 12 16 1
v 13 8 3
v 14 2 2
v 15 23 1
v 16 10 1
v 17 1 1
v 18 0 3
v 19 17 2
v 20 18 1
v 21 7 1
v 22 18 2
v 23 9 1
v 24 13 2
v 25 20 3
v 26 15 3
v 27 18 1
v 28 16 2
v 29 18 2
v 30 4 2
v 31 22 3
v 32 3 2
v 33 21 4
v 34 13 2
v 35 19 2
v 36 4 3
v 37 19 1
v 38 2 2
v 39 8 2
e 0 1 0
e 1 30 0
e 1 31 0
e 2 39 0
e 2 29 0
e 2 32 0
e 3 5 0
e 3 22 0
e 4 9 0
e 4 22 0
e 6 11 0
e 7 8 0
e 7 11 0
e 8 14 0
e 8 26 0
e 8 32 0
e 9 30 0
e 10 25 0
e 10 35 0
e 12 25 0
e 13 34 0
e 13 14 0
e 13 31 0
e 15 18 0
e 16 35 0
e 17 34 0
e 18 19 0
e 18 25 0
e 19 36 0
e 20 33 0
e 21 33 0
e 23 33 0
e 24 38 0
e 24 39 0
e 26 28 0
e 26 29 0
e 27 28 0
e 31 36 0
e 33 36 0
e 37 38 0
