t 24 42
v 0 15 2
v 1 0 3
v 2 4 3
v 3 18 1
v 4 19 11
v 5 22 2
v 6 8 3
v 7 7 1
v 8 3 2
v 9 17 3
v 10 15 1
v 11 11 1
v 12 5 14
v 13 16 2
v 14 6 16
v 15 19 1
v 16 1 3
v 17 20 2
v 18 20 3
v 19 22 1
v 20 12 2
v 21 0 2
v 22 1 3
v 23 18 2
e 0 4 0
e 0 14 0
e 1 4 0
e 1 12 0
e 1 14 0
e 2 4 0
e 2 12 0
e 2 14 0
e 3 12 0
e 4 18 0
e 4 13 0
e 4 17 0
e 4 6 0
e 4 23 0
e 4 22 0
e 4 20 0
e 4 12 0
e 5 12 0
e 5 14 0
e 6 12 0
e 6 14 0
e 7 14 0
e 8 9 0
e 8 16 0
e 9 12 0
e 9 14 0
e 10 14 0
e 11 14 0
e 12 16 0
e 12 13 0
e 12 20 0
e 12 21 0
e 12 23 0
e 12 22 0
e 12 14 0
e 14 15 0
e 14 16 0
e 14 18 0
e 14 17 0
e 14 21 0
e 14 22 0
e 18 19 0
