t 32 35
v 0 4 2
v 1 24 1
v 2 22 2
v 3 10 2
v 4 2 1
v 5 19 3
v 6 22 4
v 7 24 2
v 8 8 3
v 9 8 3
v 10 12 2
v 11 4 2
v 12 9 5
v 13 23 2
v 14 12 1
v 15 12 2
v 16 11 3
v 17 23 2
v 18 22 3
v 19 4 2
v 20 13 2
v 21 19 2
v 22 9 2
v 23 1 2
v 24 12 2
v 25 16 2
v 26 16 2
v 27 9 2
v 28 12 2
v 29 0 2
v 30 8 2
v 31 5 1
e 0 3 0
e 0 17 0
e 1 2 0
e 2 9 0
e 3 10 0
e 4 7 0
e 5 17 0
e 5 6 0
e 5 9 0
e 6 7 0
e 6 9 0
e 6 12 0
e 8 12 0
e 8 16 0
e 8 18 0
e 10 20 0
e 11 28 0
e 11 30 0
e 12 18 0
e 12 19 0
e 12 16 0
e 13 27 0
e 13 29 0
e 14 16 0
e 15 22 0
e 15 20 0
e 18 19 0
e 21 24 0
e 21 23 0
e 22 23 0
e 24 25 0
e 25 26 0
e 26 27 0
e 28 31 0
e 29 30 0
