t 32 34
v 0 24 1
v 1 11 1
v 2 12 2
v 3 22 2
v 4 22 2
v 5 4 3
v 6 10 3
v 7 22 2
v 8 22 2
v 9 14 4
v 10 18 1
v 11 13 2
v 12 6 3
v 13 21 2
v 14 16 4
v 15 15 1
v 16 11 2
v 17 2 3
v 18 1 2
v 19 5 2
v 20 19 2
v 21 24 3
v 22 5 2
v 23 6 2
v 24 3 3
v 25 16 1
v 26 7 3
v 27 22 2
v 28 18 1
v 29 3 2
v 30 22 2
v 31 22 1
e 0 16 0
e 1 7 0
e 2 17 0
e 2 19 0
e 3 5 0
e 3 18 0
e 4 7 0
e 4 18 0
e 5 9 0
e 5 12 0
e 6 21 0
e 6 26 0
e 6 14 0
e 8 12 0
e 8 20 0
e 9 17 0
e 9 11 0
e 9 29 0
e 10 12 0
e 11 24 0
e 13 19 0
e 13 20 0
e 14 22 0
e 14 26 0
e 14 23 0
e 15 17 0
e 16 22 0
e 21 23 0
e 21 25 0
e 24 27 0
e 24 28 0
e 26 27 0
e 29 30 0
e 30 31 0
