t 32 33
v 0 2 2
v 1 16 3
v 2 18 2
v 3 3 2
v 4 18 2
v 5 12 2
v 6 1 1
v 7 8 2
v 8 17 2
v 9 23 4
v 10 20 4
v 11 23 2
v 12 9 2
v 13 3 1
v 14 12 2
v 15 19 1
v 16 16 1
v 17 7 2
v 18 18 2
v 19 24 2
v 20 2 2
v 21 13 2
v 22 9 2
v 23 19 2
v 24 18 2
v 25 19 2
v 26 15 4
v 27 6 2
v 28 4 2
v 29 24 2
v 30 18 2
v 31 17 1
e 0 8 0
e 0 17 0
e 1 4 0
e 1 3 0
e 1 10 0
e 2 5 0
e 2 12 0
e 3 10 0
e 4 7 0
e 5 24 0
e 6 10 0
e 7 14 0
e 8 14 0
e 9 13 0
e 9 16 0
e 9 21 0
e 9 26 0
e 10 18 0
e 11 17 0
e 11 23 0
e 12 20 0
e 15 26 0
e 18 19 0
e 19 21 0
e 20 26 0
e 22 25 0
e 22 26 0
e 23 25 0
e 24 27 0
e 27 28 0
e 28 29 0
e 29 30 0
e 30 31 0
