t 32 35
v 0 15 2
v 1 20 1
v 2 2 2
v 3 14 2
v 4 8 3
v 5 20 2
v 6 2 6
v 7 12 2
v 8 14 1
v 9 0 2
v 10 2 2
v 11 23 2
v 12 3 2
v 13 18 2
v 14 15 2
v 15 5 2
v 16 22 5
v 17 4 2
v 18 10 2
v 19 0 3
v 20 4 1
v 21 8 4
v 22 16 2
v 23 23 1
v 24 21 3
v 25 5 2
v 26 13 1
v 27 2 2
v 28 6 2
v 29 9 1
v 30 9 2
v 31 14 2
e 0 2 0
e 0 27 0
e 1 4 0
e 2 10 0
e 3 7 0
e 3 4 0
e 4 13 0
e 5 13 0
e 5 14 0
e 6 23 0
e 6 24 0
e 6 8 0
e 6 20 0
e 6 19 0
e 6 21 0
e 7 10 0
e 9 11 0
e 9 14 0
e 11 18 0
e 12 15 0
e 12 18 0
e 15 28 0
e 16 22 0
e 16 21 0
e 16 24 0
e 16 26 0
e 16 19 0
e 17 22 0
e 17 25 0
e 19 21 0
e 21 24 0
e 25 28 0
e 27 30 0
e 29 31 0
e 30 31 0
