t 40 40
v 0 11 2
v 1 1 2
v 2 5 2
v 3 17 2
v 4 0 2
v 5 6 2
v 6 5 2
v 7 15 2
v 8 15 3
v 9 0 2
v 10 23 2
v 11 18 2
v 12 12 2
v 13 21 2
v 14 6 1
v 15 1 2
v 16 23 2
v 17 12 3
v 18 10 2
v 19 16 2
v 20 17 1
v 21 15 2
v 22 6 2
v 23 1 2
v 24 7 2
v 25 24 1
v 26 21 1
v 27 0 2
v 28 2 2
v 29 5 2
v 30 13 5
v 31 13 1
v 32 13 2
v 33 10 2
v 34 9 2
v 35 8 2
v 36 21 2
v 37 9 2
v 38 10 2
v 39 17 2
e 0 1 0
e 0 2 0
e 1 23 0
e 2 35 0
e 3 5 0
e 3 37 0
e 4 6 0
e 4 23 0
e 5 38 0
e 6 16 0
e 7 15 0
e 7 36 0
e 8 19 0
e 8 35 0
e 8 31 0
e 9 10 0
e 9 16 0
e 10 11 0
e 11 13 0
e 12 13 0
e 12 27 0
e 14 39 0
e 15 29 0
e 17 21 0
e 17 28 0
e 17 24 0
e 18 34 0
e 18 30 0
e 19 37 0
e 20 30 0
e 21 28 0
e 22 34 0
e 22 33 0
e 24 30 0
e 25 30 0
e 26 30 0
e 27 29 0
e 32 38 0
e 32 39 0
e 33 36 0
