t 32 34
v 0 7 2
v 1 10 1
v 2 3 1
v 3 1 1
v 4 3 5
v 5 23 3
v 6 12 1
v 7 9 1
v 8 9 2
v 9 4 1
v 10 24 2
v 11 17 1
v 12 24 1
v 13 21 2
v 14 19 1
v 15 7 2
v 16 8 2
v 17 13 1
v 18 0 2
v 19 15 1
v 20 10 1
v 21 1 2
v 22 16 1
v 23 16 5
v 24 20 3
v 25 6 2
v 26 9 2
v 27 10 2
v 28 10 2
v 29 5 2
v 30 22 12
v 31 4 1
e 0 10 0
e 0 20 0
e 1 4 0
e 2 4 0
e 3 30 0
e 4 10 0
e 4 15 0
e 4 30 0
e 5 30 0
e 5 6 0
e 5 15 0
e 7 30 0
e 8 17 0
e 8 25 0
e 9 30 0
e 11 30 0
e 12 30 0
e 13 28 0
e 13 23 0
e 14 30 0
e 16 27 0
e 16 30 0
e 18 21 0
e 18 23 0
e 19 30 0
e 21 23 0
e 22 30 0
e 23 28 0
e 23 24 0
e 24 29 0
e 24 25 0
e 26 31 0
e 26 30 0
e 27 29 0
