t 40 45
v 0 5 2
v 1 16 2
v 2 7 4
v 3 8 2
v 4 11 2
v 5 16 2
v 6 22 2
v 7 23 2
v 8 23 2
v 9 11 2
v 10 10 2
v 11 16 2
v 12 11 2
v 13 23 2
v 14 19 2
v 15 5 5
v 16 6 9
v 17 12 2
v 18 19 2
v 19 7 2
v 20 15 2
v 21 8 2
v 22 13 2
v 23 19 5
v 24 13 2
v 25 2 2
v 26 9 2
v 27 7 1
v 28 12 3
v 29 11 2
v 30 11 1
v 31 0 2
v 32 15 1
v 33 12 1
v 34 22 2
v 35 14 1
v 36 14 2
v 37 15 2
v 38 8 1
v 39 4 2
e 0 11 0
e 0 18 0
e 1 13 0
e 1 5 0
e 2 38 0
e 2 33 0
e 2 39 0
e 2 18 0
e 3 4 0
e 3 24 0
e 4 11 0
e 5 24 0
e 6 16 0
e 6 23 0
e 7 26 0
e 7 8 0
e 8 17 0
e 9 31 0
e 9 21 0
e 10 32 0
e 10 39 0
e 12 37 0
e 12 36 0
e 13 26 0
e 14 20 0
e 14 22 0
e 15 25 0
e 15 28 0
e 15 34 0
e 15 23 0
e 15 16 0
e 16 35 0
e 16 25 0
e 16 28 0
e 16 34 0
e 16 27 0
e 16 23 0
e 16 36 0
e 17 19 0
e 19 20 0
e 21 22 0
e 23 29 0
e 23 28 0
e 29 30 0
e 31 37 0
