t 32 34
v 0 14 4
v 1 15 1
v 2 8 2
v 3 23 2
v 4 3 2
v 5 9 2
v 6 14 2
v 7 11 2
v 8 9 2
v 9 0 4
v 10 6 2
v 11 15 2
v 12 17 2
v 13 9 1
v 14 17 2
v 15 14 3
v 16 15 2
v 17 3 4
v 18 0 4
v 19 1 1
v 20 2 2
v 21 21 2
v 22 22 2
v 23 22 2
v 24 16 1
v 25 7 2
v 26 12 2
v 27 3 2
v 28 21 2
v 29 21 2
v 30 8 1
v 31 14 2
e 0 9 0
e 0 20 0
e 0 18 0
e 0 15 0
e 1 25 0
e 2 8 0
e 2 9 0
e 3 11 0
e 3 29 0
e 4 12 0
e 4 10 0
e 5 6 0
e 5 18 0
e 6 8 0
e 7 10 0
e 7 18 0
e 9 16 0
e 9 18 0
e 11 23 0
e 12 25 0
e 13 27 0
e 14 17 0
e 14 21 0
e 15 24 0
e 15 28 0
e 16 23 0
e 17 26 0
e 17 27 0
e 17 21 0
e 19 29 0
e 20 26 0
e 22 30 0
e 22 31 0
e 28 31 0
