t 16 48
v 0 23 11
v 1 16 11
v 2 12 7
v 3 6 4
v 4 10 4
v 5 16 4
v 6 0 7
v 7 5 10
v 8 19 3
v 9 24 14
v 10 18 1
v 11 6 4
v 12 14 3
v 13 9 3
v 14 8 4
v 15 6 6
e 0 3 0
e 0 4 0
e 0 14 0
e 0 11 0
e 0 1 0
e 0 6 0
e 0 8 0
e 0 12 0
e 0 15 0
e 0 7 0
e 0 9 0
e 1 2 0
e 1 3 0
e 1 5 0
e 1 6 0
e 1 7 0
e 1 8 0
e 1 9 0
e 1 13 0
e 1 14 0
e 1 15 0
e 2 5 0
e 2 4 0
e 2 3 0
e 2 15 0
e 2 7 0
e 2 9 0
e 3 9 0
e 4 6 0
e 4 9 0
e 5 7 0
e 5 9 0
e 6 11 0
e 6 15 0
e 6 7 0
e 6 9 0
e 7 13 0
e 7 14 0
e 7 11 0
e 7 15 0
e 7 9 0
e 8 9 0
e 9 13 0
e 9 14 0
e 9 12 0
e 9 11 0
e 9 10 0
e 12 15 0
