t 40 41
v 0 8 1
v 1 16 3
v 2 22 2
v 3 3 2
v 4 17 2
v 5 12 2
v 6 9 1
v 7 1 2
v 8 21 2
v 9 21 2
v 10 19 2
v 11 1 2
v 12 6 2
v 13 6 2
v 14 19 3
v 15 18 2
v 16 2 2
v 17 8 2
v 18 21 2
v 19 8 3
v 20 14 2
v 21 22 1
v 22 10 2
v 23 24 2
v 24 12 1
v 25 8 2
v 26 4 3
v 27 2 2
v 28 16 2
v 29 1 3
v 30 1 2
v 31 4 2
v 32 17 4
v 33 3 2
v 34 20 2
v 35 11 2
v 36 13 2
v 37 2 2
v 38 13 2
v 39 19 1
e 0 25 0
e 1 13 0
e 1 2 0
e 1 17 0
e 2 13 0
e 3 14 0
e 3 23 0
e 4 23 0
e 4 24 0
e 5 6 0
e 5 8 0
e 7 22 0
e 7 26 0
e 8 16 0
e 9 25 0
e 9 18 0
e 10 11 0
e 10 16 0
e 11 15 0
e 12 15 0
e 12 29 0
e 14 28 0
e 14 18 0
e 17 19 0
e 19 21 0
e 19 27 0
e 20 36 0
e 20 37 0
e 22 32 0
e 26 29 0
e 26 28 0
e 27 30 0
e 29 30 0
e 31 35 0
e 31 32 0
e 32 33 0
e 32 34 0
e 33 34 0
e 35 36 0
e 37 38 0
e 38 39 0
