t 40 40
v 0 16 2
v 1 4 2
v 2 22 2
v 3 13 2
v 4 16 3
v 5 4 2
v 6 13 2
v 7 9 2
v 8 0 2
v 9 24 1
v 10 9 1
v 11 17 2
v 12 13 1
v 13 22 3
v 14 19 3
v 15 5 2
v 16 2 3
v 17 5 1
v 18 0 1
v 19 2 2
v 20 11 1
v 21 0 2
v 22 24 3
v 23 21 2
v 24 11 2
v 25 11 2
v 26 13 2
v 27 10 2
v 28 13 2
v 29 23 2
v 30 4 2
v 31 7 3
v 32 23 2
v 33 8 2
v 34 16 3
v 35 7 2
v 36 15 2
v 37 1 2
v 38 13 2
v 39 22 1
e 0 1 0
e 0 36 0
e 1 21 0
e 2 11 0
e 2 28 0
e 3 11 0
e 3 14 0
e 4 14 0
e 4 32 0
e 4 34 0
e 5 6 0
e 5 32 0
e 6 25 0
e 7 22 0
e 7 26 0
e 8 25 0
e 8 9 0
e 10 14 0
e 12 13 0
e 13 18 0
e 13 35 0
e 15 17 0
e 15 16 0
e 16 22 0
e 16 19 0
e 19 33 0
e 20 31 0
e 21 23 0
e 22 34 0
e 23 28 0
e 24 29 0
e 24 26 0
e 27 31 0
e 27 33 0
e 29 31 0
e 30 34 0
e 30 35 0
e 36 37 0
e 37 38 0
e 38 39 0
