t 40 41
v 0 21 2
v 1 4 2
v 2 5 2
v 3 3 2
v 4 6 2
v 5 14 2
v 6 23 2
v 7 17 2
v 8 17 2
v 9 23 2
v 10 19 2
v 11 3 2
v 12 20 2
v 13 12 2
v 14 19 2
v 15 0 2
v 16 7 3
v 17 18 2
v 18 21 2
v 19 20 2
v 20 24 3
v 21 15 3
v 22 24 1
v 23 1 2
v 24 20 2
v 25 6 2
v 26 9 3
v 27 17 2
v 28 4 2
v 29 22 2
v 30 17 2
v 31 9 3
v 32 6 2
v 33 5 2
v 34 2 2
v 35 20 1
v 36 22 2
v 37 9 2
v 38 8 2
v 39 3 1
e 0 37 0
e 0 32 0
e 1 6 0
e 1 32 0
e 2 7 0
e 2 10 0
e 3 4 0
e 3 13 0
e 4 11 0
e 5 11 0
e 5 8 0
e 6 7 0
e 8 9 0
e 9 29 0
e 10 25 0
e 12 18 0
e 12 14 0
e 13 25 0
e 14 36 0
e 15 34 0
e 15 20 0
e 16 31 0
e 16 33 0
e 16 26 0
e 17 28 0
e 17 31 0
e 18 27 0
e 19 20 0
e 19 21 0
e 20 21 0
e 21 22 0
e 23 34 0
e 23 30 0
e 24 38 0
e 24 39 0
e 26 31 0
e 26 36 0
e 27 29 0
e 28 30 0
e 33 35 0
e 37 38 0
