t 40 42
v 0 6 1
v 1 17 1
v 2 9 4
v 3 21 2
v 4 4 6
v 5 4 1
v 6 2 3
v 7 18 2
v 8 8 2
v 9 20 2
v 10 2 2
v 11 4 2
v 12 12 2
v 13 9 3
v 14 23 1
v 15 16 2
v 16 22 3
v 17 18 4
v 18 13 1
v 19 18 1
v 20 23 2
v 21 22 1
v 22 7 2
v 23 20 3
v 24 4 2
v 25 3 2
v 26 18 3
v 27 2 2
v 28 9 1
v 29 9 3
v 30 14 3
v 31 8 2
v 32 15 2
v 33 20 1
v 34 2 2
v 35 13 1
v 36 10 2
v 37 7 2
v 38 9 2
v 39 16 1
e 0 4 0
e 1 4 0
e 2 36 0
e 2 29 0
e 2 34 0
e 2 35 0
e 3 38 0
e 3 39 0
e 4 26 0
e 4 7 0
e 4 13 0
e 4 22 0
e 5 6 0
e 6 22 0
e 6 24 0
e 7 26 0
e 8 9 0
e 8 24 0
e 9 10 0
e 10 11 0
e 11 31 0
e 12 15 0
e 12 30 0
e 13 34 0
e 13 26 0
e 14 23 0
e 15 17 0
e 16 21 0
e 16 19 0
e 16 32 0
e 17 18 0
e 17 28 0
e 17 25 0
e 20 37 0
e 20 38 0
e 23 27 0
e 23 30 0
e 25 32 0
e 27 31 0
e 29 37 0
e 29 36 0
e 30 33 0
