t 40 41
v 0 5 1
v 1 0 2
v 2 16 2
v 3 18 2
v 4 2 2
v 5 18 2
v 6 2 2
v 7 4 2
v 8 11 2
v 9 17 1
v 10 18 2
v 11 21 2
v 12 2 2
v 13 15 4
v 14 9 2
v 15 5 2
v 16 12 1
v 17 11 4
v 18 8 2
v 19 22 2
v 20 18 2
v 21 19 2
v 22 7 2
v 23 14 2
v 24 0 3
v 25 13 2
v 26 19 1
v 27 22 2
v 28 16 2
v 29 19 2
v 30 13 2
v 31 4 2
v 32 6 3
v 33 3 2
v 34 7 2
v 35 8 2
v 36 8 2
v 37 17 2
v 38 20 3
v 39 4 1
e 0 17 0
e 1 12 0
e 1 19 0
e 2 18 0
e 2 28 0
e 3 15 0
e 3 19 0
e 4 5 0
e 4 15 0
e 5 6 0
e 6 8 0
e 7 24 0
e 7 32 0
e 8 10 0
e 9 38 0
e 10 20 0
e 11 36 0
e 11 37 0
e 12 27 0
e 13 16 0
e 13 21 0
e 13 26 0
e 13 32 0
e 14 17 0
e 14 24 0
e 17 24 0
e 17 27 0
e 18 22 0
e 20 25 0
e 21 29 0
e 22 23 0
e 23 29 0
e 25 30 0
e 28 30 0
e 31 32 0
e 31 34 0
e 33 37 0
e 33 38 0
e 34 35 0
e 35 36 0
e 38 39 0
