t 40 46
v 0 24 5
v 1 12 2
v 2 4 4
v 3 12 3
v 4 20 2
v 5 24 1
v 6 0 1
v 7 22 3
v 8 10 1
v 9 4 1
v 10 21 8
v 11 4 1
v 12 2 3
v 13 7 2
v 14 8 2
v 15 20 1
v 16 10 2
v 17 4 2
v 18 10 2
v 19 2 2
v 20 19 4
v 21 15 1
v 22 14 6
v 23 11 1
v 24 12 4
v 25 8 2
v 26 13 1
v 27 3 1
v 28 22 1
v 29 0 5
v 30 12 1
v 31 12 3
v 32 0 1
v 33 18 3
v 34 18 2
v 35 7 1
v 36 10 3
v 37 4 2
v 38 6 1
v 39 18 1
e 0 1 0
e 0 24 0
e 0 16 0
e 0 10 0
e 0 20 0
e 1 2 0
e 2 6 0
e 2 4 0
e 2 18 0
e 3 39 0
e 3 38 0
e 3 37 0
e 4 31 0
e 5 7 0
e 7 10 0
e 7 12 0
e 8 10 0
e 9 22 0
e 10 25 0
e 10 17 0
e 10 20 0
e 10 22 0
e 10 36 0
e 11 31 0
e 12 25 0
e 12 22 0
e 13 28 0
e 13 24 0
e 14 33 0
e 14 21 0
e 15 29 0
e 16 23 0
e 17 20 0
e 18 32 0
e 19 26 0
e 19 36 0
e 20 22 0
e 22 24 0
e 22 29 0
e 24 29 0
e 27 36 0
e 29 33 0
e 29 37 0
e 30 31 0
e 33 34 0
e 34 35 0
