t 32 31
v 0 23 1
v 1 22 1
v 2 3 6
v 3 2 2
v 4 15 1
v 5 14 2
v 6 23 2
v 7 14 2
v 8 11 2
v 9 4 4
v 10 18 2
v 11 4 2
v 12 15 1
v 13 14 1
v 14 19 2
v 15 17 1
v 16 13 1
v 17 20 1
v 18 24 2
v 19 15 2
v 20 9 2
v 21 24 2
v 22 8 2
v 23 14 2
v 24 16 2
v 25 15 2
v 26 19 2
v 27 6 2
v 28 17 2
v 29 3 2
v 30 13 2
v 31 19 2
e 0 2 0
e 1 2 0
e 2 18 0
e 2 23 0
e 2 5 0
e 2 13 0
e 3 24 0
e 3 11 0
e 4 14 0
e 5 15 0
e 6 10 0
e 6 9 0
e 7 11 0
e 7 23 0
e 8 27 0
e 8 30 0
e 9 22 0
e 9 21 0
e 9 17 0
e 10 18 0
e 12 22 0
e 14 21 0
e 16 31 0
e 19 20 0
e 19 27 0
e 20 31 0
e 24 25 0
e 25 26 0
e 26 28 0
e 28 29 0
e 29 30 0
