t 32 40
v 0 12 2
v 1 0 1
v 2 17 1
v 3 3 2
v 4 16 2
v 5 6 9
v 6 10 3
v 7 7 2
v 8 17 2
v 9 5 5
v 10 11 2
v 11 7 3
v 12 11 3
v 13 19 2
v 14 11 1
v 15 18 2
v 16 23 2
v 17 0 1
v 18 22 2
v 19 12 2
v 20 19 5
v 21 4 4
v 22 7 4
v 23 7 3
v 24 4 1
v 25 3 1
v 26 0 2
v 27 3 2
v 28 18 4
v 29 18 2
v 30 18 2
v 31 14 1
e 0 4 0
e 0 21 0
e 1 23 0
e 2 11 0
e 3 29 0
e 3 21 0
e 4 7 0
e 5 18 0
e 5 28 0
e 5 22 0
e 5 17 0
e 5 15 0
e 5 27 0
e 5 9 0
e 5 20 0
e 5 19 0
e 6 10 0
e 6 25 0
e 6 26 0
e 7 21 0
e 8 21 0
e 8 10 0
e 9 28 0
e 9 22 0
e 9 24 0
e 9 19 0
e 11 26 0
e 11 13 0
e 12 14 0
e 12 16 0
e 12 13 0
e 15 20 0
e 16 23 0
e 18 20 0
e 20 28 0
e 20 22 0
e 22 27 0
e 23 28 0
e 29 30 0
e 30 31 0
