t 40 41
v 0 20 1
v 1 7 2
v 2 16 2
v 3 4 2
v 4 12 4
v 5 19 3
v 6 0 1
v 7 24 2
v 8 14 3
v 9 3 2
v 10 12 1
v 11 10 1
v 12 11 2
v 13 11 1
v 14 17 1
v 15 22 3
v 16 24 1
v 17 1 6
v 18 19 2
v 19 4 2
v 20 18 3
v 21 10 2
v 22 10 2
v 23 10 1
v 24 7 2
v 25 8 1
v 26 1 2
v 27 5 2
v 28 6 1
v 29 10 6
v 30 23 2
v 31 15 1
v 32 18 1
v 33 10 3
v 34 0 1
v 35 16 1
v 36 23 2
v 37 17 3
v 38 16 2
v 39 6 2
e 0 4 0
e 1 9 0
e 1 18 0
e 2 5 0
e 2 7 0
e 3 7 0
e 3 26 0
e 4 10 0
e 4 9 0
e 4 26 0
e 5 19 0
e 5 37 0
e 6 17 0
e 8 21 0
e 8 12 0
e 8 29 0
e 11 29 0
e 12 19 0
e 13 27 0
e 14 29 0
e 15 16 0
e 15 24 0
e 15 29 0
e 17 25 0
e 17 28 0
e 17 27 0
e 17 23 0
e 17 20 0
e 18 22 0
e 20 24 0
e 20 29 0
e 21 29 0
e 22 30 0
e 30 31 0
e 32 33 0
e 33 35 0
e 33 36 0
e 34 39 0
e 36 37 0
e 37 38 0
e 38 39 0
