t 32 39
v 0 21 2
v 1 2 3
v 2 16 2
v 3 6 3
v 4 20 3
v 5 19 2
v 6 6 4
v 7 24 1
v 8 9 4
v 9 3 5
v 10 24 1
v 11 18 3
v 12 16 1
v 13 1 2
v 14 14 8
v 15 22 2
v 16 23 2
v 17 12 1
v 18 21 2
v 19 22 5
v 20 3 2
v 21 3 1
v 22 4 2
v 23 15 1
v 24 23 2
v 25 10 1
v 26 3 2
v 27 11 2
v 28 22 2
v 29 5 3
v 30 12 2
v 31 6 2
e 0 6 0
e 0 8 0
e 1 2 0
e 1 8 0
e 1 14 0
e 2 9 0
e 3 25 0
e 3 24 0
e 3 27 0
e 4 20 0
e 4 5 0
e 4 24 0
e 5 6 0
e 6 19 0
e 6 14 0
e 7 9 0
e 8 19 0
e 8 14 0
e 9 17 0
e 9 14 0
e 9 19 0
e 10 11 0
e 11 15 0
e 11 13 0
e 12 15 0
e 13 19 0
e 14 26 0
e 14 29 0
e 14 19 0
e 14 18 0
e 16 22 0
e 16 30 0
e 18 27 0
e 20 21 0
e 22 29 0
e 23 31 0
e 26 28 0
e 28 29 0
e 30 31 0
