t 32 33
v 0 3 1
v 1 20 4
v 2 22 2
v 3 11 3
v 4 23 4
v 5 9 2
v 6 17 2
v 7 12 2
v 8 11 1
v 9 8 4
v 10 12 1
v 11 13 3
v 12 22 4
v 13 21 3
v 14 9 1
v 15 22 1
v 16 24 3
v 17 6 2
v 18 20 4
v 19 5 2
v 20 11 1
v 21 19 1
v 22 6 1
v 23 21 1
v 24 9 1
v 25 14 2
v 26 24 1
v 27 4 1
v 28 24 2
v 29 3 2
v 30 6 2
v 31 21 2
e 0 7 0
e 1 5 0
e 1 9 0
e 1 2 0
e 1 18 0
e 2 16 0
e 3 12 0
e 3 4 0
e 3 16 0
e 4 22 0
e 4 23 0
e 4 14 0
e 5 9 0
e 6 30 0
e 6 31 0
e 7 16 0
e 8 9 0
e 9 20 0
e 10 11 0
e 11 13 0
e 11 18 0
e 12 24 0
e 12 27 0
e 12 25 0
e 13 15 0
e 13 18 0
e 17 31 0
e 17 26 0
e 18 21 0
e 19 29 0
e 19 30 0
e 25 28 0
e 28 29 0
