t 32 35
v 0 10 2
v 1 12 4
v 2 16 2
v 3 15 3
v 4 10 4
v 5 24 1
v 6 11 1
v 7 8 1
v 8 18 2
v 9 13 2
v 10 12 5
v 11 7 1
v 12 5 2
v 13 15 6
v 14 20 2
v 15 3 2
v 16 22 3
v 17 23 3
v 18 5 1
v 19 13 1
v 20 13 2
v 21 24 1
v 22 13 2
v 23 16 2
v 24 0 2
v 25 8 2
v 26 2 1
v 27 17 3
v 28 11 3
v 29 5 1
v 30 16 1
v 31 23 2
e 0 8 0
e 0 13 0
e 1 10 0
e 1 8 0
e 1 19 0
e 1 21 0
e 2 3 0
e 2 13 0
e 3 9 0
e 3 22 0
e 4 17 0
e 4 14 0
e 4 9 0
e 4 12 0
e 5 13 0
e 6 17 0
e 7 13 0
e 10 17 0
e 10 15 0
e 10 12 0
e 10 13 0
e 11 13 0
e 14 15 0
e 16 27 0
e 16 31 0
e 16 30 0
e 18 31 0
e 20 25 0
e 20 27 0
e 22 23 0
e 23 24 0
e 24 25 0
e 26 28 0
e 27 28 0
e 28 29 0
