t 40 45
v 0 20 3
v 1 9 2
v 2 23 1
v 3 10 3
v 4 19 2
v 5 15 2
v 6 10 1
v 7 23 5
v 8 13 1
v 9 15 2
v 10 13 2
v 11 1 2
v 12 19 2
v 13 4 2
v 14 23 2
v 15 8 2
v 16 14 4
v 17 18 2
v 18 22 2
v 19 7 2
v 20 20 1
v 21 5 1
v 22 12 1
v 23 4 3
v 24 6 2
v 25 16 6
v 26 23 3
v 27 3 1
v 28 22 2
v 29 1 2
v 30 6 7
v 31 14 2
v 32 9 2
v 33 11 2
v 34 23 2
v 35 16 2
v 36 9 2
v 37 6 2
v 38 24 2
v 39 2 1
e 0 27 0
e 0 1 0
e 0 15 0
e 1 13 0
e 2 7 0
e 3 16 0
e 3 23 0
e 3 25 0
e 4 9 0
e 4 12 0
e 5 7 0
e 5 12 0
e 6 7 0
e 7 29 0
e 7 26 0
e 8 16 0
e 9 10 0
e 10 11 0
e 11 14 0
e 13 26 0
e 14 31 0
e 15 18 0
e 16 25 0
e 16 17 0
e 17 20 0
e 18 34 0
e 19 26 0
e 19 29 0
e 21 30 0
e 22 30 0
e 23 25 0
e 23 30 0
e 24 33 0
e 24 37 0
e 25 30 0
e 25 28 0
e 25 32 0
e 28 30 0
e 30 32 0
e 30 31 0
e 33 36 0
e 34 35 0
e 35 37 0
e 36 38 0
e 38 39 0
