t 40 42
v 0 6 3
v 1 0 2
v 2 16 2
v 3 7 2
v 4 17 2
v 5 10 3
v 6 20 2
v 7 7 2
v 8 9 2
v 9 9 2
v 10 12 2
v 11 4 2
v 12 10 2
v 13 10 2
v 14 22 2
v 15 20 2
v 16 23 2
v 17 19 2
v 18 22 2
v 19 5 2
v 20 7 4
v 21 16 3
v 22 13 3
v 23 16 2
v 24 24 2
v 25 22 2
v 26 9 3
v 27 23 1
v 28 24 1
v 29 14 2
v 30 8 2
v 31 22 1
v 32 18 2
v 33 10 2
v 34 1 3
v 35 22 3
v 36 19 2
v 37 14 1
v 38 4 2
v 39 18 1
e 0 37 0
e 0 14 0
e 0 38 0
e 1 16 0
e 1 23 0
e 2 4 0
e 2 16 0
e 3 39 0
e 3 38 0
e 4 7 0
e 5 26 0
e 5 30 0
e 5 27 0
e 6 9 0
e 6 8 0
e 7 25 0
e 8 11 0
e 9 12 0
e 10 17 0
e 10 19 0
e 11 25 0
e 12 13 0
e 13 17 0
e 14 23 0
e 15 29 0
e 15 35 0
e 18 36 0
e 18 32 0
e 19 32 0
e 20 28 0
e 20 22 0
e 20 21 0
e 20 34 0
e 21 22 0
e 21 26 0
e 22 34 0
e 24 35 0
e 24 36 0
e 26 34 0
e 29 33 0
e 30 33 0
e 31 35 0
