t 32 38
v 0 15 2
v 1 5 1
v 2 8 2
v 3 22 2
v 4 8 4
v 5 24 2
v 6 1 2
v 7 2 2
v 8 4 2
v 9 14 1
v 10 6 6
v 11 10 2
v 12 11 2
v 13 2 3
v 14 8 4
v 15 3 3
v 16 7 2
v 17 10 3
v 18 8 2
v 19 6 3
v 20 6 2
v 21 19 5
v 22 5 5
v 23 14 1
v 24 4 1
v 25 13 1
v 26 8 2
v 27 0 3
v 28 0 1
v 29 18 2
v 30 1 2
v 31 0 1
e 0 2 0
e 0 4 0
e 1 10 0
e 2 3 0
e 3 11 0
e 4 24 0
e 4 23 0
e 4 5 0
e 5 17 0
e 6 30 0
e 6 31 0
e 7 8 0
e 7 11 0
e 8 10 0
e 9 10 0
e 10 14 0
e 10 15 0
e 10 13 0
e 12 27 0
e 12 29 0
e 13 21 0
e 13 22 0
e 14 15 0
e 14 21 0
e 14 22 0
e 15 19 0
e 16 21 0
e 16 22 0
e 17 25 0
e 17 26 0
e 18 29 0
e 18 30 0
e 19 21 0
e 19 22 0
e 20 26 0
e 20 27 0
e 21 22 0
e 27 28 0
