t 40 41
v 0 5 2
v 1 5 3
v 2 9 2
v 3 9 1
v 4 19 2
v 5 3 2
v 6 2 3
v 7 22 2
v 8 4 3
v 9 1 1
v 10 14 1
v 11 24 2
v 12 20 2
v 13 12 2
v 14 22 2
v 15 4 1
v 16 12 3
v 17 4 2
v 18 10 2
v 19 21 2
v 20 14 2
v 21 22 4
v 22 16 1
v 23 17 4
v 24 5 3
v 25 19 2
v 26 18 2
v 27 0 2
v 28 24 1
v 29 5 3
v 30 9 2
v 31 14 1
v 32 21 2
v 33 8 2
v 34 9 2
v 35 20 2
v 36 7 2
v 37 4 2
v 38 23 2
v 39 19 1
e 0 2 0
e 0 15 0
e 1 21 0
e 1 2 0
e 1 5 0
e 3 23 0
e 4 21 0
e 4 26 0
e 5 16 0
e 6 27 0
e 6 28 0
e 6 34 0
e 7 10 0
e 7 8 0
e 8 31 0
e 8 12 0
e 9 14 0
e 11 12 0
e 11 33 0
e 13 16 0
e 13 33 0
e 14 24 0
e 16 18 0
e 17 29 0
e 17 23 0
e 18 21 0
e 19 20 0
e 19 29 0
e 20 29 0
e 21 24 0
e 22 23 0
e 23 27 0
e 24 36 0
e 25 34 0
e 25 30 0
e 26 32 0
e 30 35 0
e 32 35 0
e 36 37 0
e 37 38 0
e 38 39 0
