t 40 40
v 0 10 2
v 1 14 1
v 2 3 1
v 3 22 1
v 4 14 2
v 5 23 1
v 6 8 2
v 7 1 1
v 8 10 2
v 9 7 2
v 10 14 1
v 11 14 2
v 12 10 1
v 13 11 2
v 14 21 2
v 15 0 3
v 16 2 1
v 17 15 2
v 18 5 2
v 19 14 1
v 20 15 1
v 21 3 6
v 22 10 3
v 23 20 2
v 24 12 4
v 25 3 2
v 26 16 2
v 27 9 2
v 28 11 2
v 29 15 7
v 30 4 2
v 31 2 2
v 32 8 2
v 33 4 1
v 34 2 2
v 35 22 1
v 36 21 2
v 37 17 2
v 38 20 2
v 39 5 1
e 0 14 0
e 0 23 0
e 1 26 0
e 2 25 0
e 3 29 0
e 4 24 0
e 4 9 0
e 5 21 0
e 6 16 0
e 6 21 0
e 7 15 0
e 8 22 0
e 8 27 0
e 9 29 0
e 10 29 0
e 11 18 0
e 11 28 0
e 12 30 0
e 13 18 0
e 13 24 0
e 14 29 0
e 15 36 0
e 15 34 0
e 17 34 0
e 17 32 0
e 19 21 0
e 20 22 0
e 21 35 0
e 21 29 0
e 21 24 0
e 22 36 0
e 23 37 0
e 24 26 0
e 25 29 0
e 27 30 0
e 28 31 0
e 29 33 0
e 31 32 0
e 37 38 0
e 38 39 0
