t 32 32
v 0 15 1
v 1 6 2
v 2 8 1
v 3 15 2
v 4 8 2
v 5 10 1
v 6 12 3
v 7 10 2
v 8 14 2
v 9 20 4
v 10 11 1
v 11 11 2
v 12 4 3
v 13 13 1
v 14 3 2
v 15 8 3
v 16 10 2
v 17 18 3
v 18 12 1
v 19 14 3
v 20 16 3
v 21 10 1
v 22 23 2
v 23 3 1
v 24 7 2
v 25 15 2
v 26 8 2
v 27 4 1
v 28 16 2
v 29 15 2
v 30 12 2
v 31 0 3
e 0 12 0
e 1 2 0
e 1 9 0
e 3 10 0
e 3 7 0
e 4 31 0
e 4 26 0
e 5 29 0
e 6 18 0
e 6 17 0
e 6 12 0
e 7 8 0
e 8 11 0
e 9 15 0
e 9 19 0
e 9 20 0
e 11 15 0
e 12 13 0
e 14 30 0
e 14 22 0
e 15 20 0
e 16 21 0
e 16 20 0
e 17 23 0
e 17 19 0
e 19 24 0
e 22 28 0
e 24 25 0
e 25 31 0
e 26 30 0
e 27 28 0
e 29 31 0
