t 32 120
v 0 17 27
v 1 20 5
v 2 9 2
v 3 11 9
v 4 7 7
v 5 24 7
v 6 2 14
v 7 13 3
v 8 23 7
v 9 20 4
v 10 19 8
v 11 8 23
v 12 7 4
v 13 0 6
v 14 3 4
v 15 23 4
v 16 8 3
v 17 17 4
v 18 6 4
v 19 19 7
v 20 5 11
v 21 22 3
v 22 6 28
v 23 5 5
v 24 10 1
v 25 4 7
v 26 21 4
v 27 8 3
v 28 2 13
v 29 12 5
v 30 16 7
v 31 21 1
e 0 6 0
e 0 9 0
e 0 25 0
e 0 15 0
e 0 22 0
e 0 30 0
e 0 3 0
e 0 16 0
e 0 12 0
e 0 29 0
e 0 28 0
e 0 5 0
e 0 19 0
e 0 13 0
e 0 11 0
e 0 7 0
e 0 8 0
e 0 4 0
e 0 10 0
e 0 1 0
e 0 27 0
e 0 26 0
e 0 17 0
e 0 21 0
e 0 14 0
e 0 20 0
e 0 18 0
e 1 6 0
e 1 22 0
e 1 10 0
e 1 11 0
e 2 3 0
e 2 22 0
e 3 16 0
e 3 5 0
e 3 9 0
e 3 11 0
e 3 18 0
e 3 22 0
e 3 28 0
e 4 9 0
e 4 25 0
e 4 15 0
e 4 22 0
e 4 11 0
e 4 29 0
e 5 6 0
e 5 20 0
e 5 11 0
e 5 22 0
e 5 28 0
e 6 30 0
e 6 25 0
e 6 22 0
e 6 8 0
e 6 10 0
e 6 11 0
e 6 14 0
e 6 20 0
e 6 23 0
e 6 26 0
e 6 28 0
e 7 31 0
e 7 28 0
e 8 10 0
e 8 22 0
e 8 11 0
e 8 13 0
e 8 28 0
e 9 22 0
e 10 20 0
e 10 22 0
e 10 11 0
e 10 29 0
e 11 25 0
e 11 15 0
e 11 22 0
e 11 30 0
e 11 27 0
e 11 26 0
e 11 17 0
e 11 14 0
e 11 20 0
e 11 23 0
e 11 18 0
e 11 12 0
e 11 13 0
e 11 28 0
e 11 29 0
e 12 14 0
e 12 22 0
e 13 22 0
e 13 19 0
e 13 28 0
e 15 22 0
e 16 22 0
e 17 22 0
e 17 19 0
e 18 22 0
e 19 30 0
e 19 20 0
e 19 22 0
e 19 28 0
e 20 25 0
e 20 23 0
e 20 22 0
e 20 21 0
e 20 28 0
e 21 22 0
e 22 24 0
e 22 30 0
e 22 23 0
e 22 25 0
e 22 26 0
e 22 27 0
e 22 28 0
e 22 29 0
e 23 30 0
e 25 28 0
e 28 30 0
