t 40 40
v 0 13 2
v 1 17 2
v 2 4 2
v 3 5 2
v 4 15 2
v 5 24 2
v 6 15 2
v 7 5 3
v 8 8 2
v 9 10 2
v 10 11 2
v 11 8 2
v 12 2 2
v 13 24 1
v 14 4 2
v 15 3 2
v 16 9 3
v 17 0 2
v 18 8 3
v 19 18 1
v 20 6 3
v 21 23 2
v 22 24 2
v 23 1 1
v 24 10 2
v 25 20 2
v 26 5 3
v 27 7 3
v 28 0 2
v 29 9 2
v 30 12 2
v 31 18 3
v 32 7 1
v 33 5 1
v 34 4 2
v 35 3 2
v 36 22 1
v 37 24 1
v 38 2 2
v 39 11 2
e 0 3 0
e 0 14 0
e 1 9 0
e 1 20 0
e 2 17 0
e 2 22 0
e 3 5 0
e 4 11 0
e 4 22 0
e 5 24 0
e 6 9 0
e 6 11 0
e 7 29 0
e 7 28 0
e 7 13 0
e 8 27 0
e 8 21 0
e 10 16 0
e 10 21 0
e 12 29 0
e 12 27 0
e 14 18 0
e 15 18 0
e 15 35 0
e 16 23 0
e 16 30 0
e 17 30 0
e 18 26 0
e 19 20 0
e 20 25 0
e 24 25 0
e 26 31 0
e 26 34 0
e 27 28 0
e 31 33 0
e 31 32 0
e 34 36 0
e 35 39 0
e 37 38 0
e 38 39 0
