t 32 44
v 0 11 2
v 1 13 2
v 2 13 2
v 3 13 3
v 4 19 1
v 5 14 2
v 6 11 10
v 7 5 2
v 8 7 2
v 9 11 2
v 10 13 2
v 11 7 2
v 12 1 3
v 13 3 1
v 14 23 5
v 15 9 2
v 16 13 6
v 17 12 5
v 18 16 3
v 19 9 2
v 20 1 4
v 21 17 2
v 22 12 1
v 23 20 4
v 24 14 1
v 25 19 1
v 26 22 1
v 27 24 2
v 28 1 3
v 29 19 2
v 30 21 5
v 31 18 3
e 0 7 0
e 0 1 0
e 1 2 0
e 2 5 0
e 3 17 0
e 3 23 0
e 3 7 0
e 4 16 0
e 5 28 0
e 6 17 0
e 6 26 0
e 6 14 0
e 6 12 0
e 6 18 0
e 6 24 0
e 6 19 0
e 6 21 0
e 6 16 0
e 6 30 0
e 8 27 0
e 8 23 0
e 9 29 0
e 9 28 0
e 10 29 0
e 10 11 0
e 11 12 0
e 12 30 0
e 13 20 0
e 14 16 0
e 14 17 0
e 14 20 0
e 14 30 0
e 15 22 0
e 15 23 0
e 16 28 0
e 16 23 0
e 16 31 0
e 17 19 0
e 17 25 0
e 18 20 0
e 18 30 0
e 20 31 0
e 21 30 0
e 27 31 0
