t 40 51
v 0 3 2
v 1 12 1
v 2 2 3
v 3 2 1
v 4 12 4
v 5 2 2
v 6 2 2
v 7 2 3
v 8 44 2
v 9 2 1
v 10 36 2
v 11 36 2
v 12 2 5
v 13 3 3
v 14 3 2
v 15 36 2
v 16 39 2
v 17 3 2
v 18 36 2
v 19 36 2
v 20 39 2
v 21 17 2
v 22 3 4
v 23 17 5
v 24 12 3
v 25 12 2
v 26 36 1
v 27 3 2
v 28 36 4
v 29 11 3
v 30 17 3
v 31 3 2
v 32 3 2
v 33 12 3
v 34 24 3
v 35 4 3
v 36 3 2
v 37 3 2
v 38 2 5
v 39 0 4
e 0 4 0
e 0 17 0
e 1 39 0
e 2 6 0
e 2 7 0
e 2 3 0
e 4 7 0
e 4 34 0
e 4 12 0
e 5 6 0
e 5 15 0
e 7 12 0
e 8 10 0
e 8 18 0
e 9 27 0
e 10 23 0
e 11 28 0
e 11 23 0
e 12 14 0
e 12 28 0
e 12 23 0
e 13 24 0
e 13 36 0
e 13 39 0
e 14 20 0
e 15 28 0
e 16 19 0
e 16 20 0
e 17 38 0
e 18 23 0
e 19 31 0
e 21 29 0
e 21 30 0
e 22 24 0
e 22 38 0
e 22 39 0
e 22 29 0
e 23 28 0
e 24 35 0
e 25 26 0
e 25 32 0
e 27 30 0
e 29 39 0
e 30 38 0
e 31 37 0
e 32 33 0
e 33 38 0
e 33 34 0
e 34 35 0
e 35 38 0
e 36 37 0
