t 32 35
v 0 8 2
v 1 3 1
v 2 12 2
v 3 6 2
v 4 3 2
v 5 0 3
v 6 3 2
v 7 4 2
v 8 2 2
v 9 26 2
v 10 22 2
v 11 2 3
v 12 18 2
v 13 0 2
v 14 44 3
v 15 40 3
v 16 2 2
v 17 3 2
v 18 19 3
v 19 26 3
v 20 2 2
v 21 36 2
v 22 0 1
v 23 3 2
v 24 0 2
v 25 0 2
v 26 3 2
v 27 2 2
v 28 3 2
v 29 3 2
v 30 3 3
v 31 0 3
e 0 3 0
e 0 9 0
e 1 6 0
e 2 23 0
e 2 13 0
e 3 5 0
e 4 5 0
e 4 15 0
e 5 11 0
e 6 12 0
e 7 15 0
e 7 12 0
e 8 18 0
e 8 14 0
e 9 21 0
e 10 26 0
e 10 28 0
e 11 15 0
e 11 16 0
e 13 21 0
e 14 18 0
e 14 19 0
e 16 20 0
e 17 29 0
e 17 28 0
e 18 19 0
e 19 20 0
e 22 31 0
e 23 25 0
e 24 31 0
e 24 30 0
e 25 26 0
e 27 29 0
e 27 30 0
e 30 31 0
