t 40 45
v 0 0 1
v 1 3 4
v 2 2 1
v 3 0 3
v 4 26 1
v 5 4 2
v 6 2 5
v 7 17 1
v 8 2 3
v 9 17 2
v 10 26 3
v 11 3 1
v 12 2 1
v 13 24 2
v 14 2 3
v 15 0 2
v 16 3 2
v 17 2 3
v 18 12 2
v 19 2 1
v 20 36 2
v 21 36 1
v 22 6 3
v 23 0 5
v 24 0 2
v 25 0 6
v 26 45 2
v 27 0 2
v 28 16 2
v 29 27 3
v 30 36 1
v 31 0 2
v 32 2 2
v 33 36 2
v 34 0 3
v 35 0 1
v 36 12 4
v 37 14 2
v 38 3 1
v 39 6 1
e 0 37 0
e 1 38 0
e 1 36 0
e 1 37 0
e 1 39 0
e 2 5 0
e 3 5 0
e 3 6 0
e 3 34 0
e 4 10 0
e 6 13 0
e 6 7 0
e 6 8 0
e 6 32 0
e 8 20 0
e 8 24 0
e 9 28 0
e 9 30 0
e 10 28 0
e 10 25 0
e 11 22 0
e 12 14 0
e 13 25 0
e 14 25 0
e 14 36 0
e 15 31 0
e 15 34 0
e 16 17 0
e 16 32 0
e 17 18 0
e 17 29 0
e 18 26 0
e 19 25 0
e 20 22 0
e 21 23 0
e 22 36 0
e 23 35 0
e 23 27 0
e 23 25 0
e 23 31 0
e 24 27 0
e 25 29 0
e 26 33 0
e 29 33 0
e 34 36 0
