t 32 33
v 0 36 1
v 1 16 1
v 2 3 3
v 3 0 1
v 4 2 1
v 5 16 2
v 6 12 1
v 7 3 1
v 8 36 3
v 9 0 1
v 10 2 2
v 11 36 2
v 12 36 1
v 13 12 1
v 14 2 2
v 15 36 2
v 16 26 2
v 17 40 2
v 18 2 6
v 19 3 4
v 20 4 3
v 21 12 3
v 22 6 2
v 23 36 2
v 24 36 2
v 25 2 3
v 26 0 3
v 27 7 1
v 28 12 3
v 29 4 2
v 30 25 1
v 31 24 2
e 0 19 0
e 1 17 0
e 2 17 0
e 2 6 0
e 2 21 0
e 3 26 0
e 4 14 0
e 5 8 0
e 5 18 0
e 7 8 0
e 8 14 0
e 9 25 0
e 10 13 0
e 10 18 0
e 11 12 0
e 11 18 0
e 15 31 0
e 15 18 0
e 16 25 0
e 16 19 0
e 18 22 0
e 18 19 0
e 19 21 0
e 20 28 0
e 20 27 0
e 20 23 0
e 21 29 0
e 22 24 0
e 23 26 0
e 24 25 0
e 26 28 0
e 28 29 0
e 30 31 0
