t 32 33
v 0 2 1
v 1 12 2
v 2 2 3
v 3 2 2
v 4 0 2
v 5 2 2
v 6 0 2
v 7 33 1
v 8 17 2
v 9 3 2
v 10 2 1
v 11 3 2
v 12 17 3
v 13 36 3
v 14 26 2
v 15 36 3
v 16 2 3
v 17 3 2
v 18 0 2
v 19 3 1
v 20 36 2
v 21 3 3
v 22 0 1
v 23 2 2
v 24 3 1
v 25 0 2
v 26 0 2
v 27 2 3
v 28 2 2
v 29 36 2
v 30 36 3
v 31 12 2
e 0 2 0
e 1 20 0
e 1 15 0
e 2 3 0
e 2 5 0
e 3 24 0
e 4 25 0
e 4 16 0
e 5 18 0
e 6 29 0
e 6 28 0
e 7 12 0
e 8 19 0
e 8 25 0
e 9 12 0
e 9 11 0
e 10 20 0
e 11 21 0
e 12 17 0
e 13 22 0
e 13 23 0
e 13 30 0
e 14 15 0
e 14 21 0
e 15 30 0
e 16 26 0
e 16 27 0
e 17 18 0
e 21 31 0
e 23 31 0
e 26 27 0
e 27 28 0
e 29 30 0
