t 32 32
v 0 36 1
v 1 36 1
v 2 2 2
v 3 36 2
v 4 36 3
v 5 24 3
v 6 0 2
v 7 0 3
v 8 3 1
v 9 36 1
v 10 12 2
v 11 3 2
v 12 14 2
v 13 20 1
v 14 2 2
v 15 12 4
v 16 2 2
v 17 3 2
v 18 2 1
v 19 36 3
v 20 36 2
v 21 3 2
v 22 25 1
v 23 4 4
v 24 2 1
v 25 36 2
v 26 2 3
v 27 36 1
v 28 4 1
v 29 0 2
v 30 36 1
v 31 12 4
e 0 3 0
e 1 2 0
e 2 11 0
e 3 25 0
e 4 9 0
e 4 19 0
e 4 26 0
e 5 31 0
e 5 7 0
e 5 11 0
e 6 8 0
e 6 12 0
e 7 29 0
e 7 28 0
e 10 29 0
e 10 30 0
e 12 23 0
e 13 17 0
e 14 25 0
e 14 26 0
e 15 17 0
e 15 16 0
e 15 21 0
e 15 23 0
e 16 24 0
e 18 26 0
e 19 31 0
e 19 20 0
e 20 27 0
e 21 31 0
e 22 23 0
e 23 31 0
