t 32 41
v 0 2 2
v 1 40 2
v 2 3 2
v 3 2 2
v 4 2 3
v 5 3 2
v 6 0 1
v 7 2 2
v 8 2 2
v 9 2 3
v 10 3 3
v 11 2 2
v 12 2 4
v 13 36 7
v 14 1 3
v 15 2 4
v 16 3 2
v 17 17 2
v 18 3 2
v 19 0 5
v 20 0 6
v 21 0 1
v 22 31 2
v 23 0 1
v 24 36 2
v 25 3 2
v 26 3 4
v 27 12 2
v 28 4 1
v 29 3 3
v 30 3 2
v 31 3 1
e 0 4 0
e 0 3 0
e 1 25 0
e 1 26 0
e 2 29 0
e 2 13 0
e 3 5 0
e 4 24 0
e 4 12 0
e 5 8 0
e 6 10 0
e 7 18 0
e 7 11 0
e 8 10 0
e 9 26 0
e 9 17 0
e 9 13 0
e 10 20 0
e 11 22 0
e 12 14 0
e 12 16 0
e 12 26 0
e 13 20 0
e 13 19 0
e 13 29 0
e 13 27 0
e 13 14 0
e 14 19 0
e 15 19 0
e 15 28 0
e 15 27 0
e 15 20 0
e 16 19 0
e 17 23 0
e 18 21 0
e 19 20 0
e 20 22 0
e 20 26 0
e 24 25 0
e 29 30 0
e 30 31 0
