t 32 35
v 0 2 2
v 1 4 1
v 2 3 2
v 3 0 2
v 4 45 1
v 5 40 3
v 6 3 2
v 7 3 3
v 8 2 2
v 9 0 3
v 10 2 2
v 11 3 3
v 12 2 2
v 13 36 2
v 14 22 1
v 15 0 3
v 16 2 2
v 17 2 3
v 18 36 4
v 19 0 1
v 20 2 1
v 21 2 2
v 22 2 2
v 23 14 1
v 24 2 4
v 25 36 1
v 26 12 2
v 27 3 3
v 28 14 2
v 29 0 3
v 30 16 3
v 31 2 2
e 0 17 0
e 0 8 0
e 1 7 0
e 2 7 0
e 2 18 0
e 3 31 0
e 3 10 0
e 4 18 0
e 5 9 0
e 5 27 0
e 5 30 0
e 6 29 0
e 6 11 0
e 7 11 0
e 8 14 0
e 9 13 0
e 9 15 0
e 10 28 0
e 11 18 0
e 12 22 0
e 12 23 0
e 13 19 0
e 15 17 0
e 15 24 0
e 16 18 0
e 16 24 0
e 17 21 0
e 20 31 0
e 21 22 0
e 24 25 0
e 24 26 0
e 26 27 0
e 27 29 0
e 28 30 0
e 29 30 0
