t 40 45
v 0 3 2
v 1 36 2
v 2 2 3
v 3 3 2
v 4 3 2
v 5 40 2
v 6 7 2
v 7 57 3
v 8 36 1
v 9 33 1
v 10 36 4
v 11 2 2
v 12 2 2
v 13 0 2
v 14 3 2
v 15 2 2
v 16 36 5
v 17 0 2
v 18 2 2
v 19 3 2
v 20 0 2
v 21 8 2
v 22 2 3
v 23 0 1
v 24 2 3
v 25 36 3
v 26 36 4
v 27 36 3
v 28 3 2
v 29 36 1
v 30 36 2
v 31 36 2
v 32 36 2
v 33 59 2
v 34 2 2
v 35 7 2
v 36 7 3
v 37 2 2
v 38 36 2
v 39 20 2
e 0 3 0
e 0 28 0
e 1 31 0
e 1 21 0
e 2 17 0
e 2 24 0
e 2 22 0
e 3 4 0
e 4 13 0
e 5 22 0
e 5 13 0
e 6 10 0
e 6 36 0
e 7 35 0
e 7 34 0
e 7 18 0
e 8 28 0
e 9 11 0
e 10 34 0
e 10 26 0
e 10 16 0
e 11 12 0
e 12 15 0
e 14 15 0
e 14 21 0
e 16 26 0
e 16 31 0
e 16 17 0
e 16 36 0
e 18 29 0
e 19 20 0
e 19 24 0
e 20 39 0
e 22 24 0
e 23 25 0
e 25 33 0
e 25 38 0
e 26 30 0
e 26 27 0
e 27 30 0
e 27 36 0
e 32 38 0
e 32 37 0
e 33 39 0
e 35 37 0
