t 40 51
v 0 0 3
v 1 6 1
v 2 33 1
v 3 7 2
v 4 54 2
v 5 4 1
v 6 2 2
v 7 2 3
v 8 12 2
v 9 2 2
v 10 3 2
v 11 2 2
v 12 2 2
v 13 0 4
v 14 12 3
v 15 0 3
v 16 2 1
v 17 14 2
v 18 2 2
v 19 22 4
v 20 2 2
v 21 2 4
v 22 0 4
v 23 2 3
v 24 36 2
v 25 3 2
v 26 0 2
v 27 16 4
v 28 2 3
v 29 2 2
v 30 0 3
v 31 0 2
v 32 0 5
v 33 2 4
v 34 2 5
v 35 2 2
v 36 2 2
v 37 3 2
v 38 2 3
v 39 2 2
e 0 22 0
e 0 3 0
e 0 21 0
e 1 19 0
e 2 19 0
e 3 38 0
e 4 32 0
e 4 39 0
e 5 19 0
e 6 28 0
e 6 9 0
e 7 16 0
e 7 28 0
e 7 34 0
e 8 18 0
e 8 26 0
e 9 11 0
e 10 34 0
e 10 26 0
e 11 23 0
e 12 29 0
e 12 36 0
e 13 30 0
e 13 21 0
e 13 22 0
e 13 33 0
e 14 22 0
e 14 20 0
e 14 15 0
e 15 30 0
e 15 34 0
e 17 27 0
e 17 33 0
e 18 20 0
e 19 21 0
e 21 32 0
e 22 23 0
e 23 29 0
e 24 25 0
e 24 30 0
e 25 31 0
e 27 31 0
e 27 32 0
e 27 38 0
e 28 34 0
e 32 34 0
e 32 33 0
e 33 35 0
e 35 36 0
e 37 38 0
e 37 39 0
