t 32 33
v 0 4 1
v 1 3 2
v 2 2 2
v 3 2 2
v 4 3 3
v 5 12 3
v 6 3 1
v 7 2 1
v 8 12 2
v 9 0 2
v 10 2 2
v 11 17 2
v 12 0 3
v 13 2 2
v 14 3 2
v 15 24 2
v 16 3 3
v 17 2 1
v 18 12 2
v 19 12 3
v 20 2 3
v 21 2 3
v 22 36 3
v 23 58 2
v 24 4 1
v 25 3 2
v 26 39 3
v 27 2 2
v 28 24 2
v 29 12 2
v 30 3 1
v 31 24 1
e 0 1 0
e 1 4 0
e 2 21 0
e 2 13 0
e 3 10 0
e 3 13 0
e 4 5 0
e 4 9 0
e 5 21 0
e 5 31 0
e 6 10 0
e 7 8 0
e 8 18 0
e 9 30 0
e 11 25 0
e 11 26 0
e 12 15 0
e 12 22 0
e 12 28 0
e 14 26 0
e 14 27 0
e 15 19 0
e 16 20 0
e 16 22 0
e 16 27 0
e 17 20 0
e 18 23 0
e 19 21 0
e 19 22 0
e 20 23 0
e 24 25 0
e 26 29 0
e 28 29 0
