t 40 42
v 0 36 3
v 1 36 2
v 2 16 3
v 3 0 3
v 4 3 2
v 5 3 1
v 6 0 4
v 7 0 2
v 8 3 2
v 9 0 1
v 10 36 4
v 11 2 2
v 12 2 1
v 13 2 2
v 14 17 2
v 15 0 2
v 16 2 2
v 17 36 2
v 18 2 2
v 19 32 2
v 20 13 2
v 21 40 4
v 22 3 1
v 23 31 2
v 24 36 2
v 25 17 2
v 26 15 3
v 27 12 1
v 28 1 2
v 29 36 2
v 30 2 1
v 31 36 2
v 32 0 2
v 33 12 2
v 34 3 3
v 35 3 3
v 36 22 1
v 37 2 2
v 38 2 1
v 39 3 2
e 0 1 0
e 0 2 0
e 0 39 0
e 1 3 0
e 2 6 0
e 2 37 0
e 3 10 0
e 3 4 0
e 4 21 0
e 5 6 0
e 6 21 0
e 6 26 0
e 7 8 0
e 7 35 0
e 8 15 0
e 9 15 0
e 10 21 0
e 10 22 0
e 10 11 0
e 11 13 0
e 12 39 0
e 13 18 0
e 14 25 0
e 14 31 0
e 16 20 0
e 16 24 0
e 17 31 0
e 17 33 0
e 18 19 0
e 19 28 0
e 20 25 0
e 21 35 0
e 23 29 0
e 23 32 0
e 24 26 0
e 26 30 0
e 27 35 0
e 28 34 0
e 29 34 0
e 32 33 0
e 34 36 0
e 37 38 0
