t 40 48
v 0 36 4
v 1 2 2
v 2 3 2
v 3 36 4
v 4 3 2
v 5 3 2
v 6 36 2
v 7 16 4
v 8 4 3
v 9 33 4
v 10 0 3
v 11 0 1
v 12 2 3
v 13 0 5
v 14 2 3
v 15 3 2
v 16 2 1
v 17 36 2
v 18 36 3
v 19 36 3
v 20 2 1
v 21 36 1
v 22 12 2
v 23 3 1
v 24 16 2
v 25 39 2
v 26 0 1
v 27 3 3
v 28 2 2
v 29 2 1
v 30 0 1
v 31 17 2
v 32 0 3
v 33 12 5
v 34 0 5
v 35 12 2
v 36 0 2
v 37 2 2
v 38 2 2
v 39 11 1
e 0 10 0
e 0 17 0
e 0 2 0
e 0 6 0
e 1 38 0
e 1 39 0
e 2 19 0
e 3 13 0
e 3 18 0
e 3 15 0
e 3 14 0
e 4 33 0
e 4 5 0
e 5 31 0
e 6 8 0
e 7 33 0
e 7 29 0
e 7 13 0
e 7 14 0
e 8 12 0
e 8 13 0
e 9 10 0
e 9 22 0
e 9 27 0
e 9 33 0
e 10 19 0
e 11 22 0
e 12 18 0
e 12 19 0
e 13 18 0
e 13 24 0
e 14 24 0
e 15 20 0
e 16 36 0
e 17 37 0
e 21 27 0
e 23 25 0
e 25 31 0
e 26 32 0
e 27 34 0
e 28 33 0
e 28 35 0
e 30 34 0
e 32 33 0
e 32 34 0
e 34 36 0
e 34 35 0
e 37 38 0
