t 40 62
v 0 2 2
v 1 16 3
v 2 36 2
v 3 2 4
v 4 12 3
v 5 36 2
v 6 2 2
v 7 4 2
v 8 2 1
v 9 3 4
v 10 17 5
v 11 12 2
v 12 0 3
v 13 2 4
v 14 8 3
v 15 0 6
v 16 2 4
v 17 6 1
v 18 2 3
v 19 0 3
v 20 3 1
v 21 4 1
v 22 3 6
v 23 16 4
v 24 2 3
v 25 36 4
v 26 2 3
v 27 0 8
v 28 36 5
v 29 17 2
v 30 36 1
v 31 2 3
v 32 2 3
v 33 2 2
v 34 3 3
v 35 3 1
v 36 3 2
v 37 13 10
v 38 36 2
v 39 2 1
e 0 25 0
e 0 29 0
e 1 15 0
e 1 13 0
e 1 32 0
e 2 33 0
e 2 29 0
e 3 26 0
e 3 6 0
e 3 8 0
e 3 27 0
e 4 5 0
e 4 33 0
e 4 37 0
e 5 6 0
e 7 12 0
e 7 31 0
e 9 25 0
e 9 10 0
e 9 36 0
e 9 37 0
e 10 18 0
e 10 16 0
e 10 23 0
e 10 37 0
e 11 21 0
e 11 22 0
e 12 16 0
e 12 27 0
e 13 25 0
e 13 27 0
e 13 32 0
e 14 24 0
e 14 17 0
e 14 27 0
e 15 19 0
e 15 22 0
e 15 23 0
e 15 34 0
e 15 35 0
e 16 24 0
e 16 37 0
e 18 22 0
e 18 23 0
e 19 24 0
e 19 28 0
e 20 34 0
e 22 27 0
e 22 28 0
e 22 37 0
e 23 28 0
e 25 37 0
e 26 31 0
e 26 27 0
e 27 30 0
e 27 32 0
e 28 31 0
e 28 37 0
e 34 37 0
e 36 37 0
e 37 38 0
e 38 39 0
