t 32 35
v 0 3 1
v 1 22 3
v 2 2 3
v 3 4 4
v 4 36 2
v 5 33 2
v 6 2 1
v 7 6 2
v 8 0 4
v 9 0 3
v 10 45 1
v 11 40 3
v 12 36 2
v 13 0 1
v 14 2 1
v 15 2 4
v 16 3 2
v 17 2 2
v 18 2 2
v 19 3 3
v 20 0 3
v 21 2 3
v 22 3 2
v 23 16 3
v 24 0 2
v 25 14 1
v 26 0 2
v 27 0 2
v 28 36 1
v 29 3 3
v 30 2 1
v 31 2 1
e 0 3 0
e 1 3 0
e 1 19 0
e 1 29 0
e 2 15 0
e 2 20 0
e 2 30 0
e 3 18 0
e 3 6 0
e 4 15 0
e 4 8 0
e 5 29 0
e 5 31 0
e 7 22 0
e 7 19 0
e 8 16 0
e 8 9 0
e 8 10 0
e 9 11 0
e 9 12 0
e 11 19 0
e 11 23 0
e 12 20 0
e 13 26 0
e 14 16 0
e 15 20 0
e 15 21 0
e 17 28 0
e 17 21 0
e 18 29 0
e 21 27 0
e 22 24 0
e 23 24 0
e 23 25 0
e 26 27 0
