t 40 56
v 0 2 2
v 1 2 2
v 2 16 1
v 3 12 2
v 4 3 2
v 5 0 5
v 6 0 2
v 7 2 4
v 8 2 1
v 9 12 3
v 10 6 1
v 11 33 4
v 12 12 4
v 13 36 5
v 14 2 2
v 15 12 4
v 16 2 8
v 17 3 3
v 18 8 2
v 19 19 1
v 20 2 3
v 21 24 3
v 22 2 2
v 23 2 3
v 24 3 1
v 25 23 3
v 26 36 1
v 27 3 5
v 28 2 2
v 29 2 3
v 30 2 2
v 31 3 2
v 32 2 7
v 33 3 2
v 34 3 2
v 35 3 2
v 36 4 5
v 37 2 2
v 38 36 3
v 39 36 1
e 0 2 0
e 0 14 0
e 1 29 0
e 1 32 0
e 3 38 0
e 3 30 0
e 4 28 0
e 4 10 0
e 5 17 0
e 5 24 0
e 5 35 0
e 5 13 0
e 5 32 0
e 6 31 0
e 6 17 0
e 7 23 0
e 7 16 0
e 7 18 0
e 7 25 0
e 8 9 0
e 9 16 0
e 9 32 0
e 11 12 0
e 11 15 0
e 11 27 0
e 11 36 0
e 12 20 0
e 12 13 0
e 12 21 0
e 13 33 0
e 13 15 0
e 13 34 0
e 14 29 0
e 15 37 0
e 15 21 0
e 16 28 0
e 16 32 0
e 16 35 0
e 16 25 0
e 16 27 0
e 16 36 0
e 17 27 0
e 18 19 0
e 20 27 0
e 20 36 0
e 21 33 0
e 22 32 0
e 22 38 0
e 23 25 0
e 23 36 0
e 26 30 0
e 27 32 0
e 29 32 0
e 31 34 0
e 36 37 0
e 38 39 0
