t 40 43
v 0 3 4
v 1 0 2
v 2 2 2
v 3 0 1
v 4 2 2
v 5 0 2
v 6 0 1
v 7 36 5
v 8 5 2
v 9 16 2
v 10 5 2
v 11 3 1
v 12 4 2
v 13 0 4
v 14 65 2
v 15 12 1
v 16 2 2
v 17 36 2
v 18 0 3
v 19 3 2
v 20 2 2
v 21 0 7
v 22 0 1
v 23 2 2
v 24 24 1
v 25 2 1
v 26 0 1
v 27 36 2
v 28 0 2
v 29 12 3
v 30 24 4
v 31 12 1
v 32 0 2
v 33 12 3
v 34 2 1
v 35 4 3
v 36 0 2
v 37 31 1
v 38 7 2
v 39 2 1
e 0 27 0
e 0 8 0
e 0 11 0
e 0 21 0
e 1 28 0
e 1 32 0
e 2 4 0
e 2 36 0
e 3 30 0
e 4 20 0
e 5 17 0
e 5 9 0
e 6 13 0
e 7 13 0
e 7 10 0
e 7 21 0
e 7 17 0
e 7 29 0
e 8 19 0
e 9 20 0
e 10 33 0
e 12 31 0
e 12 30 0
e 13 22 0
e 13 15 0
e 14 39 0
e 14 38 0
e 16 21 0
e 16 35 0
e 18 26 0
e 18 32 0
e 18 34 0
e 19 38 0
e 21 30 0
e 21 24 0
e 21 33 0
e 21 36 0
e 23 27 0
e 23 35 0
e 25 35 0
e 28 33 0
e 29 37 0
e 29 30 0
