t 32 35
v 0 0 3
v 1 2 2
v 2 36 3
v 3 2 2
v 4 0 4
v 5 0 2
v 6 0 3
v 7 2 3
v 8 0 1
v 9 19 1
v 10 3 4
v 11 2 2
v 12 23 2
v 13 2 3
v 14 6 1
v 15 39 2
v 16 27 2
v 17 8 2
v 18 0 3
v 19 40 2
v 20 2 3
v 21 6 2
v 22 4 1
v 23 2 5
v 24 3 1
v 25 16 1
v 26 17 2
v 27 2 1
v 28 0 2
v 29 27 2
v 30 12 2
v 31 2 1
e 0 19 0
e 0 24 0
e 0 25 0
e 1 27 0
e 1 26 0
e 2 19 0
e 2 3 0
e 2 4 0
e 3 20 0
e 4 10 0
e 4 20 0
e 4 23 0
e 5 30 0
e 5 18 0
e 6 8 0
e 6 10 0
e 6 18 0
e 7 13 0
e 7 17 0
e 7 23 0
e 9 17 0
e 10 11 0
e 10 18 0
e 11 22 0
e 12 23 0
e 12 13 0
e 13 23 0
e 14 15 0
e 15 28 0
e 16 21 0
e 16 23 0
e 20 26 0
e 21 29 0
e 28 29 0
e 30 31 0
