t 32 40
v 0 2 2
v 1 4 2
v 2 17 1
v 3 3 4
v 4 2 3
v 5 3 3
v 6 3 2
v 7 6 1
v 8 2 3
v 9 2 2
v 10 2 3
v 11 3 4
v 12 3 3
v 13 23 3
v 14 8 2
v 15 2 7
v 16 7 2
v 17 2 1
v 18 19 1
v 19 2 1
v 20 12 2
v 21 2 2
v 22 36 2
v 23 36 3
v 24 44 1
v 25 0 2
v 26 2 4
v 27 2 4
v 28 3 2
v 29 3 4
v 30 3 2
v 31 3 2
e 0 1 0
e 0 20 0
e 1 15 0
e 2 26 0
e 3 5 0
e 3 12 0
e 3 15 0
e 3 29 0
e 4 10 0
e 4 13 0
e 4 14 0
e 5 27 0
e 5 6 0
e 6 11 0
e 7 11 0
e 8 27 0
e 8 21 0
e 8 20 0
e 9 11 0
e 9 15 0
e 10 13 0
e 10 15 0
e 11 15 0
e 12 17 0
e 12 31 0
e 13 15 0
e 14 18 0
e 15 16 0
e 16 30 0
e 19 26 0
e 21 22 0
e 22 23 0
e 23 24 0
e 23 25 0
e 25 26 0
e 26 27 0
e 27 28 0
e 28 29 0
e 29 30 0
e 29 31 0
