t 32 41
v 0 28 2
v 1 3 3
v 2 3 2
v 3 17 2
v 4 12 3
v 5 0 5
v 6 8 1
v 7 0 3
v 8 2 1
v 9 36 2
v 10 0 4
v 11 0 3
v 12 2 1
v 13 3 5
v 14 3 4
v 15 28 3
v 16 28 2
v 17 16 3
v 18 3 1
v 19 0 4
v 20 36 2
v 21 0 4
v 22 28 1
v 23 19 3
v 24 44 4
v 25 54 2
v 26 3 2
v 27 3 2
v 28 36 2
v 29 12 2
v 30 12 2
v 31 36 2
e 0 15 0
e 0 22 0
e 1 2 0
e 1 17 0
e 1 27 0
e 2 13 0
e 3 4 0
e 3 9 0
e 4 5 0
e 4 13 0
e 5 21 0
e 5 10 0
e 5 7 0
e 5 11 0
e 6 23 0
e 7 21 0
e 7 10 0
e 8 10 0
e 9 15 0
e 10 11 0
e 11 21 0
e 12 17 0
e 13 14 0
e 13 19 0
e 13 30 0
e 14 20 0
e 14 17 0
e 14 31 0
e 15 16 0
e 16 23 0
e 18 24 0
e 19 20 0
e 19 21 0
e 19 24 0
e 23 25 0
e 24 25 0
e 24 26 0
e 26 28 0
e 27 29 0
e 28 29 0
e 30 31 0
