t 40 49
v 0 0 3
v 1 12 3
v 2 36 3
v 3 40 2
v 4 0 2
v 5 2 2
v 6 0 2
v 7 12 3
v 8 36 2
v 9 2 7
v 10 2 2
v 11 2 1
v 12 0 2
v 13 0 3
v 14 8 2
v 15 2 1
v 16 4 1
v 17 2 2
v 18 12 3
v 19 8 2
v 20 7 3
v 21 36 2
v 22 2 1
v 23 0 5
v 24 16 2
v 25 2 1
v 26 47 1
v 27 4 6
v 28 25 1
v 29 36 2
v 30 2 2
v 31 36 3
v 32 2 4
v 33 24 1
v 34 2 3
v 35 6 2
v 36 0 4
v 37 0 4
v 38 31 2
v 39 36 1
e 0 36 0
e 0 31 0
e 0 3 0
e 1 29 0
e 1 9 0
e 1 34 0
e 2 24 0
e 2 23 0
e 2 36 0
e 3 9 0
e 4 11 0
e 4 12 0
e 5 9 0
e 5 34 0
e 6 8 0
e 6 17 0
e 7 25 0
e 7 35 0
e 7 9 0
e 8 13 0
e 9 23 0
e 9 15 0
e 9 31 0
e 10 34 0
e 10 17 0
e 12 13 0
e 13 30 0
e 14 18 0
e 14 30 0
e 16 35 0
e 18 21 0
e 18 26 0
e 19 31 0
e 19 32 0
e 20 23 0
e 20 27 0
e 20 32 0
e 21 36 0
e 22 32 0
e 23 37 0
e 23 27 0
e 24 37 0
e 27 37 0
e 27 28 0
e 27 36 0
e 27 32 0
e 29 33 0
e 37 38 0
e 38 39 0
