t 32 36
v 0 3 3
v 1 0 2
v 2 0 2
v 3 0 2
v 4 3 4
v 5 36 1
v 6 2 2
v 7 36 2
v 8 12 3
v 9 36 1
v 10 20 3
v 11 36 2
v 12 65 2
v 13 2 1
v 14 24 3
v 15 2 3
v 16 3 2
v 17 12 5
v 18 2 1
v 19 0 4
v 20 0 2
v 21 2 2
v 22 2 2
v 23 2 2
v 24 2 2
v 25 6 2
v 26 2 2
v 27 17 2
v 28 2 3
v 29 2 1
v 30 14 3
v 31 0 1
e 0 17 0
e 0 19 0
e 0 22 0
e 1 3 0
e 1 4 0
e 2 3 0
e 2 17 0
e 4 5 0
e 4 8 0
e 4 10 0
e 6 22 0
e 6 23 0
e 7 14 0
e 7 9 0
e 8 12 0
e 8 15 0
e 10 11 0
e 10 15 0
e 11 19 0
e 12 17 0
e 13 28 0
e 14 17 0
e 14 19 0
e 15 17 0
e 16 23 0
e 16 24 0
e 18 27 0
e 19 25 0
e 20 21 0
e 20 30 0
e 21 31 0
e 24 26 0
e 25 30 0
e 26 27 0
e 28 29 0
e 28 30 0
