t 40 59
v 0 2 2
v 1 0 5
v 2 2 4
v 3 3 5
v 4 20 2
v 5 44 1
v 6 36 4
v 7 0 3
v 8 12 3
v 9 0 3
v 10 36 2
v 11 17 2
v 12 3 2
v 13 33 1
v 14 16 4
v 15 36 2
v 16 17 3
v 17 3 2
v 18 3 2
v 19 24 3
v 20 3 3
v 21 26 3
v 22 12 8
v 23 36 3
v 24 2 5
v 25 2 2
v 26 65 3
v 27 2 2
v 28 2 4
v 29 36 2
v 30 2 2
v 31 0 5
v 32 36 2
v 33 36 3
v 34 2 3
v 35 12 2
v 36 36 1
v 37 29 2
v 38 0 6
v 39 36 2
e 0 3 0
e 0 14 0
e 1 3 0
e 1 10 0
e 1 23 0
e 1 24 0
e 1 38 0
e 2 6 0
e 2 25 0
e 2 27 0
e 2 30 0
e 3 20 0
e 3 22 0
e 3 38 0
e 4 14 0
e 4 24 0
e 5 28 0
e 6 34 0
e 6 28 0
e 6 33 0
e 7 28 0
e 7 31 0
e 7 37 0
e 8 24 0
e 8 26 0
e 8 31 0
e 9 15 0
e 9 33 0
e 9 37 0
e 10 32 0
e 11 15 0
e 11 16 0
e 12 14 0
e 12 31 0
e 13 16 0
e 14 38 0
e 16 17 0
e 17 18 0
e 18 20 0
e 19 22 0
e 19 36 0
e 19 38 0
e 20 21 0
e 21 22 0
e 21 33 0
e 22 29 0
e 22 23 0
e 22 24 0
e 22 26 0
e 22 31 0
e 23 39 0
e 24 35 0
e 25 34 0
e 26 35 0
e 27 39 0
e 28 32 0
e 29 38 0
e 30 34 0
e 31 38 0
