t 40 51
v 0 2 3
v 1 0 2
v 2 4 2
v 3 0 1
v 4 36 1
v 5 24 7
v 6 12 3
v 7 2 3
v 8 36 2
v 9 3 4
v 10 2 2
v 11 2 3
v 12 0 2
v 13 36 2
v 14 16 2
v 15 2 4
v 16 3 2
v 17 36 1
v 18 5 1
v 19 3 3
v 20 24 1
v 21 36 2
v 22 1 2
v 23 2 2
v 24 36 2
v 25 3 4
v 26 44 2
v 27 2 5
v 28 4 2
v 29 25 3
v 30 36 3
v 31 0 4
v 32 7 2
v 33 26 4
v 34 2 2
v 35 3 1
v 36 7 4
v 37 0 4
v 38 12 2
v 39 2 1
e 0 8 0
e 0 23 0
e 0 38 0
e 1 3 0
e 1 19 0
e 2 8 0
e 2 5 0
e 4 10 0
e 5 31 0
e 5 7 0
e 5 15 0
e 5 25 0
e 5 29 0
e 5 37 0
e 6 28 0
e 6 7 0
e 6 22 0
e 7 11 0
e 9 13 0
e 9 30 0
e 9 33 0
e 9 29 0
e 10 28 0
e 11 34 0
e 11 36 0
e 12 26 0
e 12 34 0
e 13 37 0
e 14 21 0
e 14 26 0
e 15 27 0
e 15 19 0
e 15 24 0
e 16 36 0
e 16 21 0
e 17 27 0
e 18 38 0
e 19 25 0
e 20 24 0
e 22 25 0
e 23 39 0
e 25 27 0
e 27 31 0
e 27 37 0
e 29 31 0
e 30 33 0
e 30 35 0
e 31 32 0
e 32 36 0
e 33 36 0
e 33 37 0
