t 40 45
v 0 19 1
v 1 3 2
v 2 2 2
v 3 2 3
v 4 48 1
v 5 2 4
v 6 36 2
v 7 0 1
v 8 14 2
v 9 0 2
v 10 0 2
v 11 2 3
v 12 17 4
v 13 40 2
v 14 36 2
v 15 15 3
v 16 44 1
v 17 36 1
v 18 39 1
v 19 0 1
v 20 4 2
v 21 3 3
v 22 2 4
v 23 3 1
v 24 2 2
v 25 3 1
v 26 36 2
v 27 0 3
v 28 36 2
v 29 2 3
v 30 2 5
v 31 17 2
v 32 3 1
v 33 17 4
v 34 2 2
v 35 2 2
v 36 3 2
v 37 36 1
v 38 2 7
v 39 16 1
e 0 2 0
e 1 38 0
e 1 8 0
e 2 31 0
e 3 38 0
e 3 31 0
e 3 5 0
e 4 34 0
e 5 15 0
e 5 17 0
e 5 33 0
e 6 29 0
e 6 37 0
e 7 29 0
e 8 14 0
e 9 10 0
e 9 14 0
e 10 11 0
e 11 26 0
e 11 30 0
e 12 13 0
e 12 26 0
e 12 30 0
e 12 38 0
e 13 35 0
e 15 32 0
e 15 38 0
e 16 36 0
e 18 27 0
e 19 21 0
e 20 33 0
e 20 28 0
e 21 30 0
e 21 38 0
e 22 30 0
e 22 34 0
e 22 24 0
e 22 38 0
e 23 33 0
e 24 30 0
e 25 35 0
e 27 29 0
e 27 28 0
e 33 36 0
e 38 39 0
