t 32 35
v 0 17 2
v 1 29 2
v 2 36 2
v 3 0 2
v 4 3 2
v 5 17 2
v 6 23 1
v 7 2 4
v 8 2 3
v 9 36 2
v 10 50 2
v 11 0 5
v 12 12 2
v 13 2 2
v 14 2 3
v 15 36 1
v 16 19 2
v 17 2 3
v 18 14 1
v 19 19 1
v 20 8 1
v 21 2 2
v 22 2 3
v 23 43 2
v 24 2 2
v 25 12 2
v 26 2 1
v 27 4 2
v 28 40 4
v 29 2 3
v 30 3 2
v 31 36 2
e 0 1 0
e 0 11 0
e 1 3 0
e 2 26 0
e 2 30 0
e 3 14 0
e 4 9 0
e 4 14 0
e 5 7 0
e 5 17 0
e 6 11 0
e 7 9 0
e 7 29 0
e 7 17 0
e 8 12 0
e 8 17 0
e 8 29 0
e 10 20 0
e 10 11 0
e 11 21 0
e 11 22 0
e 12 16 0
e 13 23 0
e 13 22 0
e 14 18 0
e 15 31 0
e 16 19 0
e 21 22 0
e 23 25 0
e 24 28 0
e 24 30 0
e 25 27 0
e 27 28 0
e 28 29 0
e 28 31 0
