t 32 37
v 0 36 3
v 1 12 2
v 2 17 2
v 3 36 4
v 4 2 3
v 5 2 2
v 6 11 3
v 7 2 2
v 8 12 2
v 9 36 3
v 10 17 1
v 11 12 2
v 12 14 1
v 13 2 1
v 14 17 8
v 15 17 2
v 16 3 2
v 17 0 2
v 18 0 2
v 19 2 4
v 20 3 3
v 21 0 1
v 22 2 2
v 23 2 2
v 24 0 2
v 25 3 2
v 26 2 2
v 27 3 2
v 28 12 2
v 29 2 2
v 30 0 2
v 31 6 1
e 0 8 0
e 0 9 0
e 0 14 0
e 1 9 0
e 1 3 0
e 2 14 0
e 2 19 0
e 3 14 0
e 3 4 0
e 3 6 0
e 4 14 0
e 4 19 0
e 5 7 0
e 5 20 0
e 6 19 0
e 6 14 0
e 7 16 0
e 8 16 0
e 9 13 0
e 10 14 0
e 11 30 0
e 11 29 0
e 12 14 0
e 14 19 0
e 15 18 0
e 15 28 0
e 17 26 0
e 17 27 0
e 18 29 0
e 20 22 0
e 20 21 0
e 22 23 0
e 23 25 0
e 24 27 0
e 24 28 0
e 25 26 0
e 30 31 0
