t 32 35
v 0 16 2
v 1 26 4
v 2 3 1
v 3 8 3
v 4 17 2
v 5 0 2
v 6 2 1
v 7 36 6
v 8 8 1
v 9 11 3
v 10 36 2
v 11 17 1
v 12 6 2
v 13 2 3
v 14 0 4
v 15 17 2
v 16 36 2
v 17 0 1
v 18 14 1
v 19 2 4
v 20 17 1
v 21 26 2
v 22 26 2
v 23 2 2
v 24 36 5
v 25 2 1
v 26 2 1
v 27 11 3
v 28 2 2
v 29 36 2
v 30 0 1
v 31 14 1
e 0 4 0
e 0 9 0
e 1 15 0
e 1 3 0
e 1 8 0
e 1 19 0
e 2 14 0
e 3 5 0
e 3 7 0
e 4 9 0
e 5 10 0
e 6 13 0
e 7 29 0
e 7 24 0
e 7 16 0
e 7 14 0
e 7 27 0
e 9 19 0
e 10 12 0
e 11 19 0
e 12 14 0
e 13 25 0
e 13 27 0
e 14 31 0
e 15 18 0
e 16 28 0
e 17 19 0
e 20 22 0
e 21 22 0
e 21 23 0
e 23 24 0
e 24 26 0
e 24 27 0
e 24 28 0
e 29 30 0
