t 32 35
v 0 3 5
v 1 3 2
v 2 6 2
v 3 0 4
v 4 6 2
v 5 8 1
v 6 0 5
v 7 2 1
v 8 36 3
v 9 3 1
v 10 4 2
v 11 18 2
v 12 36 1
v 13 2 2
v 14 2 2
v 15 0 1
v 16 31 2
v 17 0 2
v 18 8 2
v 19 7 3
v 20 3 2
v 21 16 4
v 22 36 2
v 23 36 2
v 24 36 1
v 25 0 2
v 26 3 2
v 27 36 3
v 28 12 2
v 29 0 2
v 30 36 1
v 31 4 2
e 0 13 0
e 0 3 0
e 0 4 0
e 0 1 0
e 0 21 0
e 1 14 0
e 2 17 0
e 2 26 0
e 3 11 0
e 3 19 0
e 3 20 0
e 4 18 0
e 5 6 0
e 6 10 0
e 6 14 0
e 6 16 0
e 6 18 0
e 7 10 0
e 8 9 0
e 8 29 0
e 8 31 0
e 11 13 0
e 12 23 0
e 15 16 0
e 17 25 0
e 19 21 0
e 19 22 0
e 20 21 0
e 21 27 0
e 22 23 0
e 24 25 0
e 26 27 0
e 27 28 0
e 28 29 0
e 30 31 0
