t 32 34
v 0 36 2
v 1 2 2
v 2 2 2
v 3 2 2
v 4 0 3
v 5 36 2
v 6 2 3
v 7 7 2
v 8 3 1
v 9 2 5
v 10 36 2
v 11 0 3
v 12 12 1
v 13 8 2
v 14 19 1
v 15 36 2
v 16 2 2
v 17 23 3
v 18 0 2
v 19 2 2
v 20 2 4
v 21 36 2
v 22 30 1
v 23 2 2
v 24 2 1
v 25 0 3
v 26 2 2
v 27 2 2
v 28 2 2
v 29 0 2
v 30 36 2
v 31 36 1
e 0 21 0
e 0 10 0
e 1 16 0
e 1 3 0
e 2 12 0
e 2 16 0
e 3 6 0
e 4 15 0
e 4 22 0
e 4 18 0
e 5 30 0
e 5 27 0
e 6 9 0
e 6 17 0
e 7 27 0
e 7 29 0
e 8 11 0
e 9 19 0
e 9 13 0
e 9 17 0
e 9 20 0
e 10 11 0
e 11 20 0
e 13 14 0
e 15 23 0
e 17 20 0
e 18 21 0
e 19 20 0
e 23 25 0
e 24 25 0
e 25 26 0
e 26 28 0
e 28 29 0
e 30 31 0
