t 40 54
v 0 12 2
v 1 2 1
v 2 12 4
v 3 36 2
v 4 0 4
v 5 16 4
v 6 2 3
v 7 18 1
v 8 0 2
v 9 40 2
v 10 2 1
v 11 4 2
v 12 3 4
v 13 2 1
v 14 36 4
v 15 3 4
v 16 2 4
v 17 33 3
v 18 3 2
v 19 2 3
v 20 3 3
v 21 3 6
v 22 16 4
v 23 3 2
v 24 22 2
v 25 46 1
v 26 2 4
v 27 3 2
v 28 3 2
v 29 36 2
v 30 2 1
v 31 12 6
v 32 33 3
v 33 4 2
v 34 16 3
v 35 44 1
v 36 0 3
v 37 3 2
v 38 3 4
v 39 36 2
e 0 22 0
e 0 34 0
e 1 15 0
e 2 5 0
e 2 3 0
e 2 21 0
e 2 28 0
e 3 16 0
e 4 15 0
e 4 31 0
e 4 12 0
e 4 39 0
e 5 12 0
e 5 14 0
e 5 22 0
e 6 10 0
e 6 11 0
e 6 12 0
e 7 8 0
e 8 11 0
e 9 34 0
e 9 38 0
e 12 13 0
e 14 17 0
e 14 18 0
e 14 37 0
e 15 22 0
e 15 27 0
e 16 18 0
e 16 21 0
e 16 27 0
e 17 39 0
e 17 38 0
e 19 21 0
e 19 24 0
e 19 26 0
e 20 21 0
e 20 24 0
e 20 26 0
e 21 31 0
e 21 26 0
e 22 36 0
e 23 36 0
e 23 31 0
e 25 33 0
e 26 30 0
e 28 36 0
e 29 31 0
e 29 32 0
e 31 34 0
e 31 38 0
e 32 35 0
e 32 38 0
e 33 37 0
