t 32 33
v 0 24 2
v 1 2 1
v 2 16 2
v 3 12 5
v 4 0 1
v 5 36 1
v 6 2 4
v 7 2 3
v 8 2 1
v 9 2 2
v 10 20 2
v 11 2 2
v 12 0 2
v 13 0 4
v 14 36 2
v 15 11 3
v 16 33 1
v 17 10 2
v 18 7 2
v 19 36 3
v 20 3 2
v 21 36 1
v 22 3 2
v 23 36 2
v 24 17 2
v 25 36 1
v 26 2 4
v 27 17 1
v 28 0 1
v 29 2 1
v 30 36 3
v 31 22 1
e 0 3 0
e 0 20 0
e 1 13 0
e 2 19 0
e 2 12 0
e 3 22 0
e 3 25 0
e 3 13 0
e 3 12 0
e 4 13 0
e 5 30 0
e 6 7 0
e 6 8 0
e 6 13 0
e 6 15 0
e 7 9 0
e 7 15 0
e 9 23 0
e 10 16 0
e 10 18 0
e 11 19 0
e 11 24 0
e 14 21 0
e 14 23 0
e 15 30 0
e 17 26 0
e 17 30 0
e 18 24 0
e 19 20 0
e 22 31 0
e 26 28 0
e 26 27 0
e 26 29 0
