t 32 37
v 0 0 3
v 1 3 6
v 2 0 3
v 3 2 2
v 4 7 2
v 5 2 1
v 6 0 4
v 7 3 3
v 8 22 2
v 9 12 2
v 10 2 1
v 11 3 2
v 12 12 4
v 13 0 3
v 14 0 1
v 15 2 2
v 16 0 3
v 17 2 2
v 18 0 2
v 19 2 2
v 20 8 1
v 21 43 2
v 22 7 2
v 23 0 2
v 24 0 4
v 25 0 1
v 26 2 4
v 27 24 1
v 28 3 1
v 29 8 3
v 30 2 2
v 31 36 1
e 0 13 0
e 0 23 0
e 0 24 0
e 1 25 0
e 1 12 0
e 1 6 0
e 1 29 0
e 1 13 0
e 1 20 0
e 2 10 0
e 2 26 0
e 2 7 0
e 3 5 0
e 3 4 0
e 4 8 0
e 6 12 0
e 6 24 0
e 6 16 0
e 7 13 0
e 7 26 0
e 8 9 0
e 9 21 0
e 11 31 0
e 11 26 0
e 12 15 0
e 12 16 0
e 14 30 0
e 15 19 0
e 16 24 0
e 17 21 0
e 17 19 0
e 18 30 0
e 18 29 0
e 22 28 0
e 22 29 0
e 23 24 0
e 26 27 0
