t 32 45
v 0 36 2
v 1 0 3
v 2 16 3
v 3 36 2
v 4 2 3
v 5 16 2
v 6 40 4
v 7 3 2
v 8 36 2
v 9 7 2
v 10 2 2
v 11 12 3
v 12 36 2
v 13 12 1
v 14 2 4
v 15 36 5
v 16 3 1
v 17 24 4
v 18 0 4
v 19 2 3
v 20 0 4
v 21 16 1
v 22 0 2
v 23 2 5
v 24 3 4
v 25 12 5
v 26 2 3
v 27 0 3
v 28 12 2
v 29 7 4
v 30 32 2
v 31 12 1
e 0 2 0
e 0 3 0
e 1 3 0
e 1 4 0
e 1 23 0
e 2 20 0
e 2 22 0
e 4 18 0
e 4 29 0
e 5 8 0
e 5 18 0
e 6 14 0
e 6 15 0
e 6 24 0
e 6 26 0
e 7 27 0
e 7 26 0
e 8 10 0
e 9 27 0
e 9 29 0
e 10 11 0
e 11 23 0
e 11 17 0
e 12 14 0
e 12 15 0
e 13 17 0
e 14 19 0
e 14 25 0
e 15 29 0
e 15 19 0
e 15 25 0
e 16 20 0
e 17 25 0
e 17 19 0
e 18 24 0
e 18 23 0
e 20 21 0
e 20 27 0
e 22 23 0
e 23 24 0
e 24 25 0
e 25 26 0
e 28 30 0
e 28 31 0
e 29 30 0
