t 40 46
v 0 24 2
v 1 3 2
v 2 15 1
v 3 7 2
v 4 12 1
v 5 36 2
v 6 2 3
v 7 1 4
v 8 2 2
v 9 14 1
v 10 12 2
v 11 26 1
v 12 36 2
v 13 20 3
v 14 2 2
v 15 2 1
v 16 15 2
v 17 33 2
v 18 0 3
v 19 0 2
v 20 17 3
v 21 36 2
v 22 0 1
v 23 12 1
v 24 8 1
v 25 20 3
v 26 12 5
v 27 36 2
v 28 19 2
v 29 36 5
v 30 7 2
v 31 0 2
v 32 4 4
v 33 37 2
v 34 0 2
v 35 13 5
v 36 36 4
v 37 17 3
v 38 36 2
v 39 2 1
e 0 10 0
e 0 32 0
e 1 3 0
e 1 2 0
e 3 8 0
e 4 29 0
e 5 30 0
e 5 33 0
e 6 7 0
e 6 33 0
e 6 35 0
e 7 37 0
e 7 17 0
e 7 35 0
e 8 30 0
e 9 20 0
e 10 29 0
e 11 20 0
e 12 13 0
e 12 26 0
e 13 18 0
e 13 25 0
e 14 21 0
e 14 29 0
e 15 18 0
e 16 34 0
e 16 31 0
e 17 20 0
e 18 32 0
e 19 31 0
e 19 35 0
e 21 36 0
e 22 36 0
e 23 34 0
e 24 37 0
e 25 26 0
e 25 28 0
e 26 36 0
e 26 29 0
e 26 35 0
e 27 38 0
e 27 39 0
e 28 36 0
e 29 32 0
e 32 38 0
e 35 37 0
