t 32 34
v 0 6 2
v 1 36 1
v 2 36 3
v 3 4 2
v 4 2 4
v 5 36 3
v 6 2 3
v 7 2 2
v 8 3 2
v 9 2 3
v 10 36 2
v 11 38 2
v 12 24 2
v 13 2 3
v 14 3 2
v 15 3 1
v 16 2 2
v 17 44 2
v 18 4 1
v 19 12 2
v 20 2 2
v 21 3 2
v 22 2 2
v 23 36 3
v 24 12 2
v 25 4 2
v 26 0 2
v 27 12 2
v 28 2 3
v 29 24 2
v 30 36 1
v 31 22 1
e 0 14 0
e 0 9 0
e 1 2 0
e 2 4 0
e 2 17 0
e 3 13 0
e 3 18 0
e 4 20 0
e 4 14 0
e 4 8 0
e 5 22 0
e 5 21 0
e 5 23 0
e 6 7 0
e 6 13 0
e 6 15 0
e 7 19 0
e 8 11 0
e 9 11 0
e 9 13 0
e 10 23 0
e 10 24 0
e 12 24 0
e 12 25 0
e 16 26 0
e 16 29 0
e 17 19 0
e 20 21 0
e 22 23 0
e 25 27 0
e 26 28 0
e 27 29 0
e 28 30 0
e 28 31 0
