t 40 44
v 0 0 3
v 1 22 1
v 2 12 2
v 3 0 3
v 4 43 1
v 5 15 2
v 6 23 1
v 7 2 2
v 8 0 4
v 9 0 6
v 10 36 2
v 11 36 2
v 12 3 3
v 13 17 2
v 14 2 2
v 15 2 2
v 16 3 2
v 17 16 2
v 18 2 4
v 19 2 3
v 20 2 3
v 21 0 1
v 22 36 2
v 23 2 3
v 24 2 2
v 25 36 3
v 26 0 2
v 27 36 2
v 28 2 2
v 29 3 2
v 30 2 1
v 31 36 1
v 32 3 1
v 33 12 2
v 34 17 3
v 35 2 2
v 36 3 2
v 37 36 2
v 38 4 2
v 39 3 1
e 0 9 0
e 0 37 0
e 0 5 0
e 1 34 0
e 2 17 0
e 2 26 0
e 3 11 0
e 3 19 0
e 3 14 0
e 4 24 0
e 5 8 0
e 6 9 0
e 7 14 0
e 7 34 0
e 8 21 0
e 8 9 0
e 8 26 0
e 9 28 0
e 9 27 0
e 9 18 0
e 10 27 0
e 10 11 0
e 12 31 0
e 12 32 0
e 12 33 0
e 13 38 0
e 13 39 0
e 15 23 0
e 15 34 0
e 16 29 0
e 16 36 0
e 17 19 0
e 18 24 0
e 18 28 0
e 18 25 0
e 19 22 0
e 20 23 0
e 20 29 0
e 20 35 0
e 22 25 0
e 23 35 0
e 25 30 0
e 33 36 0
e 37 38 0
