t 40 45
v 0 2 3
v 1 7 2
v 2 0 4
v 3 6 2
v 4 2 2
v 5 6 1
v 6 0 6
v 7 0 1
v 8 2 2
v 9 3 2
v 10 2 2
v 11 3 2
v 12 12 2
v 13 3 5
v 14 22 1
v 15 3 6
v 16 15 2
v 17 2 1
v 18 0 1
v 19 0 1
v 20 2 1
v 21 2 1
v 22 3 2
v 23 3 2
v 24 3 2
v 25 2 2
v 26 12 3
v 27 2 1
v 28 17 3
v 29 2 2
v 30 2 3
v 31 2 3
v 32 6 1
v 33 17 1
v 34 2 5
v 35 16 1
v 36 36 3
v 37 3 2
v 38 4 2
v 39 2 2
e 0 1 0
e 0 33 0
e 0 34 0
e 1 31 0
e 2 6 0
e 2 15 0
e 2 20 0
e 2 38 0
e 3 5 0
e 3 6 0
e 4 15 0
e 4 25 0
e 6 30 0
e 6 34 0
e 6 7 0
e 6 26 0
e 8 9 0
e 8 29 0
e 9 22 0
e 10 30 0
e 10 32 0
e 11 12 0
e 11 22 0
e 12 13 0
e 13 36 0
e 13 37 0
e 13 23 0
e 13 26 0
e 14 28 0
e 15 18 0
e 15 19 0
e 15 24 0
e 15 34 0
e 16 24 0
e 16 34 0
e 17 39 0
e 21 28 0
e 23 34 0
e 25 28 0
e 26 31 0
e 27 29 0
e 30 31 0
e 35 36 0
e 36 37 0
e 38 39 0
