t 40 48
v 0 0 2
v 1 6 2
v 2 0 3
v 3 12 3
v 4 36 4
v 5 12 2
v 6 2 4
v 7 2 2
v 8 2 2
v 9 3 2
v 10 2 2
v 11 46 2
v 12 3 7
v 13 2 2
v 14 7 3
v 15 2 2
v 16 3 2
v 17 7 1
v 18 36 2
v 19 12 2
v 20 0 1
v 21 36 3
v 22 0 3
v 23 0 3
v 24 39 1
v 25 2 2
v 26 2 2
v 27 3 2
v 28 2 2
v 29 2 2
v 30 2 2
v 31 6 2
v 32 36 4
v 33 2 3
v 34 0 2
v 35 0 1
v 36 2 2
v 37 36 3
v 38 36 1
v 39 2 4
e 0 34 0
e 0 23 0
e 1 2 0
e 1 31 0
e 2 37 0
e 2 18 0
e 3 27 0
e 3 12 0
e 3 16 0
e 4 12 0
e 4 20 0
e 4 22 0
e 4 32 0
e 5 10 0
e 5 30 0
e 6 14 0
e 6 7 0
e 6 37 0
e 6 19 0
e 7 16 0
e 8 9 0
e 8 30 0
e 9 11 0
e 10 23 0
e 11 19 0
e 12 34 0
e 12 14 0
e 12 32 0
e 12 21 0
e 12 39 0
e 13 17 0
e 13 15 0
e 14 15 0
e 18 32 0
e 21 39 0
e 21 32 0
e 22 39 0
e 22 37 0
e 23 38 0
e 24 31 0
e 25 26 0
e 25 28 0
e 26 27 0
e 28 33 0
e 29 39 0
e 29 36 0
e 33 36 0
e 33 35 0
