t 32 33
v 0 0 4
v 1 23 2
v 2 2 1
v 3 2 1
v 4 2 1
v 5 0 2
v 6 0 3
v 7 2 2
v 8 0 3
v 9 0 2
v 10 4 1
v 11 24 2
v 12 0 2
v 13 2 4
v 14 16 5
v 15 48 2
v 16 8 2
v 17 0 2
v 18 2 2
v 19 19 1
v 20 2 3
v 21 0 2
v 22 2 2
v 23 2 2
v 24 2 2
v 25 2 2
v 26 12 2
v 27 3 1
v 28 3 1
v 29 2 2
v 30 12 2
v 31 0 1
e 0 8 0
e 0 12 0
e 0 5 0
e 0 9 0
e 1 20 0
e 1 13 0
e 2 13 0
e 3 14 0
e 4 8 0
e 5 21 0
e 6 11 0
e 6 14 0
e 6 15 0
e 7 25 0
e 7 18 0
e 8 9 0
e 10 14 0
e 11 17 0
e 12 17 0
e 13 20 0
e 13 16 0
e 14 30 0
e 14 31 0
e 15 20 0
e 16 19 0
e 18 26 0
e 21 22 0
e 22 24 0
e 23 25 0
e 23 24 0
e 26 27 0
e 28 29 0
e 29 30 0
