t 40 56
v 0 2 2
v 1 44 2
v 2 12 2
v 3 0 1
v 4 3 4
v 5 0 2
v 6 36 2
v 7 0 2
v 8 12 2
v 9 36 3
v 10 2 2
v 11 6 1
v 12 4 3
v 13 12 4
v 14 0 2
v 15 0 5
v 16 24 4
v 17 40 3
v 18 2 3
v 19 12 7
v 20 36 4
v 21 36 3
v 22 36 4
v 23 3 2
v 24 5 1
v 25 36 4
v 26 12 4
v 27 12 5
v 28 4 2
v 29 2 2
v 30 6 3
v 31 3 2
v 32 36 1
v 33 6 2
v 34 0 7
v 35 2 3
v 36 0 2
v 37 0 3
v 38 0 1
v 39 0 1
e 0 4 0
e 0 27 0
e 1 4 0
e 1 15 0
e 2 31 0
e 2 10 0
e 3 15 0
e 4 13 0
e 4 19 0
e 5 14 0
e 5 15 0
e 6 7 0
e 6 35 0
e 7 26 0
e 8 23 0
e 8 12 0
e 9 25 0
e 9 20 0
e 9 21 0
e 10 18 0
e 11 33 0
e 12 16 0
e 12 34 0
e 13 30 0
e 13 16 0
e 13 20 0
e 14 35 0
e 15 17 0
e 15 19 0
e 16 19 0
e 16 22 0
e 17 28 0
e 17 34 0
e 18 27 0
e 18 34 0
e 19 30 0
e 19 20 0
e 19 34 0
e 19 28 0
e 20 32 0
e 21 25 0
e 21 29 0
e 22 30 0
e 22 31 0
e 22 35 0
e 23 26 0
e 24 26 0
e 25 29 0
e 25 34 0
e 26 27 0
e 27 34 0
e 27 36 0
e 33 34 0
e 36 37 0
e 37 38 0
e 37 39 0
