t 40 43
v 0 40 2
v 1 36 1
v 2 12 2
v 3 2 2
v 4 3 2
v 5 12 2
v 6 12 2
v 7 2 2
v 8 3 2
v 9 2 3
v 10 26 3
v 11 0 3
v 12 3 3
v 13 36 3
v 14 2 2
v 15 7 2
v 16 0 1
v 17 2 2
v 18 2 1
v 19 14 3
v 20 3 1
v 21 4 2
v 22 16 3
v 23 2 2
v 24 12 1
v 25 40 1
v 26 4 2
v 27 0 1
v 28 17 3
v 29 2 1
v 30 2 1
v 31 64 2
v 32 2 3
v 33 36 5
v 34 0 4
v 35 36 4
v 36 3 2
v 37 12 2
v 38 36 1
v 39 0 2
e 0 1 0
e 0 14 0
e 2 35 0
e 2 22 0
e 3 12 0
e 3 10 0
e 4 31 0
e 4 9 0
e 5 21 0
e 5 22 0
e 6 33 0
e 6 7 0
e 7 30 0
e 8 11 0
e 8 12 0
e 9 35 0
e 9 22 0
e 10 33 0
e 10 13 0
e 11 24 0
e 11 34 0
e 12 20 0
e 13 35 0
e 13 33 0
e 14 17 0
e 15 36 0
e 15 26 0
e 16 19 0
e 17 32 0
e 18 32 0
e 19 23 0
e 19 34 0
e 21 25 0
e 23 28 0
e 26 34 0
e 27 37 0
e 28 29 0
e 28 32 0
e 31 39 0
e 33 36 0
e 33 35 0
e 34 37 0
e 38 39 0
