t 40 46
v 0 40 6
v 1 17 1
v 2 3 4
v 3 2 3
v 4 4 3
v 5 12 2
v 6 12 2
v 7 2 2
v 8 2 3
v 9 16 2
v 10 4 1
v 11 4 3
v 12 36 2
v 13 36 3
v 14 3 3
v 15 36 1
v 16 12 4
v 17 36 1
v 18 3 2
v 19 17 2
v 20 2 1
v 21 12 3
v 22 2 3
v 23 2 1
v 24 2 2
v 25 16 2
v 26 2 1
v 27 12 2
v 28 0 2
v 29 2 3
v 30 47 2
v 31 14 2
v 32 36 2
v 33 0 2
v 34 2 3
v 35 36 1
v 36 31 2
v 37 0 2
v 38 2 5
v 39 2 1
e 0 11 0
e 0 6 0
e 0 10 0
e 0 29 0
e 0 34 0
e 0 38 0
e 1 21 0
e 2 4 0
e 2 30 0
e 2 38 0
e 2 29 0
e 3 4 0
e 3 29 0
e 3 30 0
e 4 5 0
e 5 8 0
e 6 36 0
e 7 13 0
e 7 12 0
e 8 13 0
e 8 20 0
e 9 27 0
e 9 26 0
e 11 27 0
e 11 16 0
e 12 13 0
e 14 35 0
e 14 32 0
e 14 31 0
e 15 22 0
e 16 22 0
e 16 34 0
e 16 38 0
e 17 18 0
e 18 22 0
e 19 24 0
e 19 23 0
e 21 24 0
e 21 32 0
e 25 31 0
e 25 33 0
e 28 33 0
e 28 34 0
e 36 37 0
e 37 38 0
e 38 39 0
