t 40 53
v 0 36 2
v 1 2 6
v 2 7 3
v 3 16 3
v 4 0 3
v 5 2 2
v 6 2 3
v 7 16 1
v 8 0 2
v 9 16 4
v 10 45 2
v 11 3 6
v 12 0 2
v 13 36 2
v 14 36 2
v 15 24 2
v 16 23 1
v 17 2 2
v 18 2 2
v 19 2 2
v 20 7 4
v 21 36 3
v 22 0 2
v 23 0 4
v 24 36 2
v 25 16 4
v 26 0 4
v 27 0 3
v 28 2 3
v 29 7 2
v 30 2 2
v 31 2 1
v 32 12 2
v 33 36 3
v 34 2 2
v 35 36 2
v 36 3 2
v 37 3 4
v 38 2 4
v 39 3 1
e 0 36 0
e 0 37 0
e 1 11 0
e 1 25 0
e 1 7 0
e 1 4 0
e 1 9 0
e 1 28 0
e 2 20 0
e 2 21 0
e 2 29 0
e 3 6 0
e 3 18 0
e 3 21 0
e 4 16 0
e 4 26 0
e 5 28 0
e 5 34 0
e 6 14 0
e 6 18 0
e 8 9 0
e 8 28 0
e 9 25 0
e 9 30 0
e 10 21 0
e 10 32 0
e 11 30 0
e 11 23 0
e 11 26 0
e 11 32 0
e 11 38 0
e 12 27 0
e 12 22 0
e 13 20 0
e 13 35 0
e 14 34 0
e 15 23 0
e 15 26 0
e 17 19 0
e 17 33 0
e 19 24 0
e 20 29 0
e 20 33 0
e 22 26 0
e 23 25 0
e 23 37 0
e 24 27 0
e 25 38 0
e 27 31 0
e 33 35 0
e 36 37 0
e 37 38 0
e 38 39 0
