t 32 37
v 0 18 1
v 1 7 2
v 2 3 2
v 3 48 2
v 4 2 2
v 5 36 1
v 6 36 4
v 7 3 4
v 8 12 3
v 9 2 1
v 10 2 3
v 11 12 3
v 12 0 4
v 13 36 2
v 14 0 3
v 15 36 4
v 16 18 2
v 17 3 1
v 18 4 2
v 19 12 2
v 20 4 5
v 21 25 2
v 22 54 2
v 23 24 1
v 24 2 2
v 25 2 1
v 26 36 2
v 27 36 3
v 28 2 2
v 29 7 1
v 30 36 1
v 31 12 4
e 0 14 0
e 1 14 0
e 1 31 0
e 2 8 0
e 2 11 0
e 3 5 0
e 3 12 0
e 4 28 0
e 4 20 0
e 6 7 0
e 6 16 0
e 6 27 0
e 6 31 0
e 7 18 0
e 7 17 0
e 7 10 0
e 8 19 0
e 8 20 0
e 9 15 0
e 10 16 0
e 10 31 0
e 11 20 0
e 11 15 0
e 12 13 0
e 12 15 0
e 12 20 0
e 13 31 0
e 14 22 0
e 15 26 0
e 18 19 0
e 20 21 0
e 21 23 0
e 22 24 0
e 24 25 0
e 26 27 0
e 27 29 0
e 28 30 0
