t 40 42
v 0 2 4
v 1 36 2
v 2 0 1
v 3 2 1
v 4 3 2
v 5 2 2
v 6 6 4
v 7 0 2
v 8 0 5
v 9 36 2
v 10 2 2
v 11 36 2
v 12 2 3
v 13 12 1
v 14 4 2
v 15 0 1
v 16 36 2
v 17 2 1
v 18 7 2
v 19 0 1
v 20 3 5
v 21 0 2
v 22 2 1
v 23 8 1
v 24 14 2
v 25 3 1
v 26 36 3
v 27 2 3
v 28 0 3
v 29 24 2
v 30 26 2
v 31 2 1
v 32 4 1
v 33 2 2
v 34 3 3
v 35 3 2
v 36 2 1
v 37 3 4
v 38 2 1
v 39 2 2
e 0 3 0
e 0 38 0
e 0 39 0
e 0 10 0
e 1 9 0
e 1 18 0
e 2 5 0
e 4 25 0
e 4 39 0
e 5 12 0
e 6 11 0
e 6 13 0
e 6 20 0
e 6 37 0
e 7 10 0
e 7 34 0
e 8 19 0
e 8 21 0
e 8 28 0
e 8 34 0
e 8 20 0
e 9 14 0
e 11 30 0
e 12 14 0
e 12 34 0
e 15 21 0
e 16 24 0
e 16 37 0
e 17 29 0
e 18 23 0
e 20 31 0
e 20 27 0
e 20 22 0
e 24 27 0
e 26 35 0
e 26 30 0
e 26 37 0
e 27 28 0
e 28 36 0
e 29 35 0
e 32 33 0
e 33 37 0
