t 32 41
v 0 38 2
v 1 24 3
v 2 0 1
v 3 3 2
v 4 3 4
v 5 17 3
v 6 3 1
v 7 2 1
v 8 3 2
v 9 0 2
v 10 16 4
v 11 0 1
v 12 6 3
v 13 16 1
v 14 36 2
v 15 12 4
v 16 13 5
v 17 36 2
v 18 2 2
v 19 16 2
v 20 36 2
v 21 0 2
v 22 2 1
v 23 2 5
v 24 60 2
v 25 36 3
v 26 3 5
v 27 17 3
v 28 44 4
v 29 0 3
v 30 36 3
v 31 2 2
e 0 3 0
e 0 5 0
e 1 15 0
e 1 29 0
e 1 30 0
e 2 31 0
e 3 23 0
e 4 5 0
e 4 8 0
e 4 7 0
e 4 16 0
e 5 23 0
e 6 28 0
e 8 16 0
e 9 11 0
e 9 16 0
e 10 23 0
e 10 26 0
e 10 24 0
e 10 27 0
e 12 15 0
e 12 29 0
e 12 30 0
e 13 21 0
e 14 27 0
e 14 28 0
e 15 25 0
e 15 18 0
e 16 23 0
e 16 26 0
e 17 26 0
e 17 24 0
e 18 20 0
e 19 21 0
e 19 20 0
e 22 26 0
e 23 25 0
e 25 26 0
e 27 28 0
e 28 29 0
e 30 31 0
