t 40 40
v 0 2 2
v 1 12 2
v 2 0 2
v 3 12 2
v 4 0 1
v 5 0 3
v 6 36 1
v 7 0 2
v 8 36 2
v 9 4 2
v 10 2 2
v 11 31 2
v 12 2 2
v 13 40 2
v 14 0 2
v 15 36 2
v 16 4 2
v 17 2 2
v 18 8 2
v 19 36 2
v 20 17 2
v 21 11 3
v 22 2 2
v 23 0 2
v 24 8 2
v 25 2 3
v 26 2 2
v 27 0 2
v 28 2 1
v 29 0 2
v 30 2 3
v 31 36 2
v 32 36 2
v 33 24 2
v 34 7 2
v 35 32 2
v 36 36 2
v 37 8 2
v 38 2 2
v 39 6 1
e 0 3 0
e 0 37 0
e 1 11 0
e 1 33 0
e 2 5 0
e 2 11 0
e 3 16 0
e 4 5 0
e 5 27 0
e 6 8 0
e 7 27 0
e 7 9 0
e 8 31 0
e 9 13 0
e 10 14 0
e 10 26 0
e 12 26 0
e 12 30 0
e 13 17 0
e 14 29 0
e 15 22 0
e 15 31 0
e 16 33 0
e 17 30 0
e 18 19 0
e 18 23 0
e 19 21 0
e 20 29 0
e 20 32 0
e 21 32 0
e 21 25 0
e 22 25 0
e 23 35 0
e 24 37 0
e 24 38 0
e 25 34 0
e 28 30 0
e 34 36 0
e 35 36 0
e 38 39 0
