t 32 32
v 0 2 3
v 1 3 1
v 2 2 1
v 3 2 3
v 4 36 2
v 5 14 2
v 6 36 3
v 7 3 2
v 8 0 1
v 9 0 2
v 10 0 2
v 11 36 2
v 12 3 2
v 13 2 2
v 14 4 3
v 15 16 2
v 16 0 2
v 17 2 2
v 18 12 2
v 19 12 3
v 20 2 2
v 21 2 1
v 22 36 1
v 23 36 2
v 24 36 2
v 25 36 2
v 26 7 2
v 27 7 2
v 28 3 2
v 29 2 2
v 30 2 2
v 31 16 2
e 0 4 0
e 0 20 0
e 0 14 0
e 1 17 0
e 2 3 0
e 3 17 0
e 3 9 0
e 4 21 0
e 5 15 0
e 5 10 0
e 6 14 0
e 6 27 0
e 6 28 0
e 7 30 0
e 7 26 0
e 8 20 0
e 9 10 0
e 11 24 0
e 11 23 0
e 12 26 0
e 12 29 0
e 13 14 0
e 13 16 0
e 15 19 0
e 16 19 0
e 18 31 0
e 18 30 0
e 19 31 0
e 22 23 0
e 24 25 0
e 25 27 0
e 28 29 0
