t 32 37
v 0 28 2
v 1 28 1
v 2 40 2
v 3 17 2
v 4 44 2
v 5 0 4
v 6 6 1
v 7 3 4
v 8 36 1
v 9 0 1
v 10 16 2
v 11 6 2
v 12 36 2
v 13 0 5
v 14 2 2
v 15 12 2
v 16 8 1
v 17 39 2
v 18 36 3
v 19 8 2
v 20 0 2
v 21 28 2
v 22 3 3
v 23 28 1
v 24 19 3
v 25 44 3
v 26 2 3
v 27 54 2
v 28 0 2
v 29 0 3
v 30 6 2
v 31 3 5
e 0 21 0
e 0 18 0
e 1 24 0
e 2 26 0
e 2 29 0
e 3 15 0
e 3 18 0
e 4 13 0
e 4 22 0
e 5 22 0
e 5 14 0
e 5 12 0
e 5 31 0
e 6 19 0
e 7 29 0
e 7 26 0
e 7 25 0
e 7 31 0
e 8 13 0
e 9 13 0
e 10 31 0
e 10 26 0
e 11 30 0
e 11 17 0
e 12 25 0
e 13 18 0
e 13 19 0
e 14 31 0
e 15 22 0
e 16 24 0
e 17 28 0
e 20 28 0
e 20 31 0
e 21 23 0
e 24 27 0
e 25 27 0
e 29 30 0
