t 40 43
v 0 12 3
v 1 3 2
v 2 17 2
v 3 0 2
v 4 4 5
v 5 4 3
v 6 3 3
v 7 2 2
v 8 0 2
v 9 2 1
v 10 2 4
v 11 0 3
v 12 0 1
v 13 40 5
v 14 2 1
v 15 3 4
v 16 2 1
v 17 0 2
v 18 2 3
v 19 2 2
v 20 24 1
v 21 2 3
v 22 2 2
v 23 12 3
v 24 0 1
v 25 12 1
v 26 0 2
v 27 7 2
v 28 2 1
v 29 4 2
v 30 4 2
v 31 19 1
v 32 2 2
v 33 16 2
v 34 14 2
v 35 2 1
v 36 20 2
v 37 7 2
v 38 36 2
v 39 36 1
e 0 10 0
e 0 36 0
e 0 37 0
e 1 2 0
e 1 20 0
e 2 3 0
e 3 11 0
e 4 6 0
e 4 25 0
e 4 11 0
e 4 13 0
e 4 23 0
e 5 29 0
e 5 13 0
e 5 30 0
e 6 15 0
e 6 21 0
e 7 21 0
e 7 8 0
e 8 10 0
e 9 10 0
e 10 16 0
e 11 24 0
e 12 26 0
e 13 21 0
e 13 14 0
e 13 15 0
e 15 18 0
e 15 19 0
e 17 22 0
e 17 36 0
e 18 28 0
e 18 19 0
e 22 26 0
e 23 33 0
e 23 32 0
e 27 38 0
e 27 37 0
e 29 31 0
e 30 32 0
e 33 34 0
e 34 35 0
e 38 39 0
