t 40 49
v 0 44 4
v 1 66 2
v 2 36 1
v 3 3 4
v 4 31 2
v 5 31 3
v 6 36 1
v 7 3 1
v 8 40 3
v 9 3 1
v 10 2 2
v 11 3 4
v 12 38 2
v 13 24 2
v 14 2 3
v 15 12 5
v 16 0 3
v 17 3 1
v 18 2 1
v 19 36 2
v 20 40 2
v 21 36 4
v 22 22 2
v 23 3 4
v 24 36 2
v 25 0 7
v 26 0 6
v 27 44 1
v 28 0 3
v 29 2 2
v 30 0 3
v 31 0 2
v 32 3 1
v 33 2 1
v 34 24 2
v 35 36 1
v 36 0 1
v 37 7 3
v 38 3 2
v 39 3 2
e 0 30 0
e 0 32 0
e 0 7 0
e 0 9 0
e 1 20 0
e 1 35 0
e 2 5 0
e 3 8 0
e 3 23 0
e 3 26 0
e 3 25 0
e 4 16 0
e 4 15 0
e 5 25 0
e 5 15 0
e 6 21 0
e 8 21 0
e 8 11 0
e 10 20 0
e 10 23 0
e 11 25 0
e 11 12 0
e 11 15 0
e 12 13 0
e 13 25 0
e 14 22 0
e 14 26 0
e 14 29 0
e 15 21 0
e 15 23 0
e 16 28 0
e 16 31 0
e 17 39 0
e 18 28 0
e 19 25 0
e 19 24 0
e 21 26 0
e 22 25 0
e 23 26 0
e 24 27 0
e 25 37 0
e 26 37 0
e 26 34 0
e 28 36 0
e 29 33 0
e 30 31 0
e 30 34 0
e 37 38 0
e 38 39 0
