t 24 33
v 0 2 5
v 1 36 2
v 2 40 1
v 3 27 2
v 4 12 2
v 5 0 1
v 6 3 2
v 7 2 3
v 8 36 3
v 9 2 2
v 10 3 2
v 11 17 4
v 12 3 4
v 13 36 5
v 14 36 5
v 15 2 1
v 16 3 2
v 17 36 4
v 18 36 2
v 19 36 5
v 20 36 2
v 21 0 4
v 22 31 2
v 23 0 1
e 0 7 0
e 0 13 0
e 0 8 0
e 0 11 0
e 0 14 0
e 1 3 0
e 1 11 0
e 2 16 0
e 3 4 0
e 4 12 0
e 5 12 0
e 6 12 0
e 6 9 0
e 7 13 0
e 7 17 0
e 8 13 0
e 8 17 0
e 9 10 0
e 10 16 0
e 11 19 0
e 11 21 0
e 12 21 0
e 13 14 0
e 13 19 0
e 14 19 0
e 14 17 0
e 14 15 0
e 17 18 0
e 18 19 0
e 19 20 0
e 20 21 0
e 21 22 0
e 22 23 0
