t 40 50
v 0 4 1
v 1 3 1
v 2 12 4
v 3 24 2
v 4 36 2
v 5 2 8
v 6 36 3
v 7 44 1
v 8 7 2
v 9 36 4
v 10 3 5
v 11 17 3
v 12 17 1
v 13 2 3
v 14 36 2
v 15 3 2
v 16 3 1
v 17 7 2
v 18 2 1
v 19 3 2
v 20 40 2
v 21 2 5
v 22 0 1
v 23 3 3
v 24 3 2
v 25 12 1
v 26 36 2
v 27 0 1
v 28 2 2
v 29 2 2
v 30 15 3
v 31 3 5
v 32 36 2
v 33 8 3
v 34 6 2
v 35 3 3
v 36 7 3
v 37 3 3
v 38 40 4
v 39 36 1
e 0 10 0
e 1 10 0
e 2 34 0
e 2 21 0
e 2 15 0
e 2 3 0
e 3 26 0
e 4 6 0
e 4 31 0
e 5 20 0
e 5 23 0
e 5 31 0
e 5 10 0
e 5 39 0
e 5 13 0
e 5 33 0
e 5 38 0
e 6 9 0
e 6 32 0
e 7 9 0
e 8 19 0
e 8 37 0
e 9 11 0
e 9 12 0
e 10 15 0
e 10 35 0
e 11 28 0
e 11 32 0
e 13 21 0
e 13 31 0
e 14 17 0
e 14 28 0
e 16 30 0
e 17 18 0
e 19 29 0
e 20 21 0
e 21 23 0
e 21 38 0
e 22 23 0
e 24 27 0
e 24 38 0
e 25 29 0
e 26 31 0
e 30 36 0
e 30 31 0
e 33 34 0
e 33 35 0
e 35 36 0
e 36 37 0
e 37 38 0
