t 32 32
v 0 0 2
v 1 3 2
v 2 3 2
v 3 0 1
v 4 12 2
v 5 4 1
v 6 0 2
v 7 14 1
v 8 3 2
v 9 2 3
v 10 0 2
v 11 36 2
v 12 2 1
v 13 36 1
v 14 2 4
v 15 32 2
v 16 7 2
v 17 36 2
v 18 36 2
v 19 36 2
v 20 2 2
v 21 36 3
v 22 3 2
v 23 7 2
v 24 3 3
v 25 12 2
v 26 0 2
v 27 3 2
v 28 16 2
v 29 0 2
v 30 14 2
v 31 26 2
e 0 4 0
e 0 23 0
e 1 17 0
e 1 15 0
e 2 22 0
e 2 25 0
e 3 19 0
e 4 24 0
e 5 6 0
e 6 9 0
e 7 9 0
e 8 31 0
e 8 30 0
e 9 24 0
e 10 27 0
e 10 26 0
e 11 31 0
e 11 18 0
e 12 14 0
e 13 14 0
e 14 21 0
e 14 20 0
e 15 16 0
e 16 23 0
e 17 25 0
e 18 19 0
e 20 21 0
e 21 24 0
e 22 26 0
e 27 29 0
e 28 29 0
e 28 30 0
