t 40 53
v 0 3 2
v 1 4 1
v 2 3 1
v 3 3 2
v 4 12 2
v 5 3 2
v 6 40 2
v 7 2 3
v 8 2 7
v 9 2 3
v 10 3 5
v 11 2 4
v 12 2 5
v 13 2 3
v 14 0 1
v 15 2 1
v 16 3 2
v 17 3 1
v 18 32 2
v 19 36 2
v 20 36 2
v 21 36 2
v 22 2 2
v 23 3 8
v 24 12 1
v 25 36 5
v 26 12 2
v 27 0 3
v 28 2 4
v 29 2 4
v 30 2 4
v 31 36 2
v 32 14 1
v 33 2 4
v 34 40 2
v 35 3 1
v 36 36 3
v 37 3 2
v 38 0 2
v 39 0 1
e 0 23 0
e 0 30 0
e 1 10 0
e 2 23 0
e 3 32 0
e 3 34 0
e 4 5 0
e 4 34 0
e 5 7 0
e 6 29 0
e 6 25 0
e 7 26 0
e 7 8 0
e 8 9 0
e 8 11 0
e 8 12 0
e 8 13 0
e 8 28 0
e 8 33 0
e 9 11 0
e 9 12 0
e 10 21 0
e 10 16 0
e 10 23 0
e 10 18 0
e 11 12 0
e 11 28 0
e 12 28 0
e 12 33 0
e 13 19 0
e 13 22 0
e 14 33 0
e 15 26 0
e 16 24 0
e 17 20 0
e 18 23 0
e 19 35 0
e 20 25 0
e 21 31 0
e 22 27 0
e 23 25 0
e 23 27 0
e 23 29 0
e 23 31 0
e 25 36 0
e 25 30 0
e 27 30 0
e 28 33 0
e 29 36 0
e 29 30 0
e 36 37 0
e 37 38 0
e 38 39 0
