t 40 57
v 0 36 1
v 1 36 3
v 2 2 4
v 3 40 3
v 4 12 2
v 5 2 2
v 6 16 2
v 7 3 3
v 8 36 3
v 9 4 2
v 10 3 1
v 11 2 3
v 12 16 5
v 13 12 3
v 14 3 3
v 15 36 2
v 16 0 1
v 17 3 2
v 18 2 2
v 19 3 3
v 20 24 1
v 21 31 2
v 22 36 4
v 23 2 3
v 24 0 2
v 25 18 3
v 26 4 3
v 27 2 2
v 28 17 1
v 29 22 1
v 30 3 5
v 31 0 8
v 32 0 2
v 33 2 3
v 34 12 1
v 35 36 8
v 36 3 6
v 37 0 3
v 38 2 2
v 39 24 4
e 0 37 0
e 1 15 0
e 1 18 0
e 1 35 0
e 2 30 0
e 2 13 0
e 2 6 0
e 2 35 0
e 3 11 0
e 3 35 0
e 3 30 0
e 4 13 0
e 4 38 0
e 5 24 0
e 5 31 0
e 6 37 0
e 7 8 0
e 7 24 0
e 7 12 0
e 8 11 0
e 8 35 0
e 9 30 0
e 9 36 0
e 10 36 0
e 11 36 0
e 12 22 0
e 12 26 0
e 12 39 0
e 12 17 0
e 13 23 0
e 14 22 0
e 14 29 0
e 14 36 0
e 15 35 0
e 16 32 0
e 17 19 0
e 18 32 0
e 19 35 0
e 19 33 0
e 20 39 0
e 21 22 0
e 21 31 0
e 22 25 0
e 23 25 0
e 23 33 0
e 25 31 0
e 26 31 0
e 26 27 0
e 27 28 0
e 30 36 0
e 30 31 0
e 31 33 0
e 31 35 0
e 31 39 0
e 34 37 0
e 35 36 0
e 38 39 0
