t 32 34
v 0 2 2
v 1 2 5
v 2 3 3
v 3 36 2
v 4 0 2
v 5 17 2
v 6 12 2
v 7 40 2
v 8 3 2
v 9 0 3
v 10 26 1
v 11 6 4
v 12 2 3
v 13 3 1
v 14 2 2
v 15 0 2
v 16 2 1
v 17 36 3
v 18 2 1
v 19 36 2
v 20 36 1
v 21 0 2
v 22 3 2
v 23 2 2
v 24 0 2
v 25 0 3
v 26 2 1
v 27 2 1
v 28 36 3
v 29 2 3
v 30 2 2
v 31 2 1
e 0 3 0
e 0 15 0
e 1 24 0
e 1 2 0
e 1 14 0
e 1 16 0
e 1 29 0
e 2 28 0
e 2 17 0
e 3 5 0
e 4 22 0
e 4 25 0
e 5 7 0
e 6 11 0
e 6 15 0
e 7 12 0
e 8 11 0
e 8 12 0
e 9 11 0
e 9 10 0
e 9 19 0
e 11 21 0
e 12 14 0
e 13 25 0
e 17 29 0
e 17 21 0
e 18 19 0
e 20 28 0
e 22 24 0
e 23 30 0
e 23 31 0
e 25 27 0
e 26 28 0
e 29 30 0
