t 40 43
v 0 2 3
v 1 8 2
v 2 2 4
v 3 6 2
v 4 12 2
v 5 2 2
v 6 3 2
v 7 0 2
v 8 14 2
v 9 2 2
v 10 2 5
v 11 3 2
v 12 22 2
v 13 2 2
v 14 2 3
v 15 5 1
v 16 36 1
v 17 2 3
v 18 2 5
v 19 2 1
v 20 36 3
v 21 2 2
v 22 2 1
v 23 3 2
v 24 3 1
v 25 16 2
v 26 2 2
v 27 3 2
v 28 2 1
v 29 12 2
v 30 2 2
v 31 17 4
v 32 3 2
v 33 0 2
v 34 33 1
v 35 36 2
v 36 0 2
v 37 2 2
v 38 36 2
v 39 36 1
e 0 2 0
e 0 18 0
e 0 25 0
e 1 25 0
e 1 3 0
e 2 30 0
e 2 5 0
e 2 18 0
e 3 4 0
e 4 7 0
e 5 18 0
e 6 10 0
e 6 27 0
e 7 8 0
e 8 9 0
e 9 12 0
e 10 19 0
e 10 22 0
e 10 24 0
e 10 28 0
e 11 35 0
e 11 36 0
e 12 14 0
e 13 18 0
e 13 37 0
e 14 15 0
e 14 17 0
e 16 17 0
e 17 33 0
e 18 30 0
e 20 21 0
e 20 31 0
e 20 33 0
e 21 26 0
e 23 32 0
e 23 31 0
e 26 29 0
e 27 32 0
e 29 36 0
e 31 35 0
e 31 34 0
e 37 38 0
e 38 39 0
