t 40 42
v 0 17 3
v 1 2 2
v 2 0 2
v 3 45 2
v 4 36 3
v 5 12 2
v 6 2 2
v 7 22 1
v 8 0 5
v 9 3 1
v 10 0 2
v 11 2 2
v 12 36 3
v 13 45 2
v 14 12 2
v 15 2 2
v 16 2 2
v 17 12 3
v 18 0 3
v 19 0 2
v 20 2 1
v 21 6 1
v 22 36 2
v 23 45 2
v 24 36 2
v 25 12 2
v 26 12 3
v 27 2 2
v 28 12 1
v 29 2 2
v 30 20 3
v 31 6 1
v 32 36 2
v 33 36 2
v 34 3 3
v 35 2 2
v 36 3 1
v 37 2 3
v 38 2 2
v 39 54 1
e 0 37 0
e 0 7 0
e 0 1 0
e 1 11 0
e 2 11 0
e 2 35 0
e 3 23 0
e 3 32 0
e 4 8 0
e 4 28 0
e 4 17 0
e 5 29 0
e 5 35 0
e 6 12 0
e 6 8 0
e 8 10 0
e 8 17 0
e 8 34 0
e 9 29 0
e 10 34 0
e 12 21 0
e 12 30 0
e 13 31 0
e 13 23 0
e 14 16 0
e 14 25 0
e 15 16 0
e 15 32 0
e 17 37 0
e 18 19 0
e 18 25 0
e 18 26 0
e 19 30 0
e 20 22 0
e 22 33 0
e 24 33 0
e 24 26 0
e 26 30 0
e 27 38 0
e 27 39 0
e 34 36 0
e 37 38 0
