t 40 47
v 0 3 3
v 1 2 1
v 2 3 3
v 3 14 2
v 4 12 7
v 5 36 2
v 6 2 1
v 7 16 6
v 8 0 2
v 9 3 4
v 10 8 1
v 11 36 2
v 12 0 4
v 13 12 3
v 14 4 4
v 15 0 1
v 16 36 2
v 17 36 1
v 18 3 1
v 19 7 2
v 20 44 1
v 21 2 2
v 22 40 4
v 23 17 1
v 24 36 2
v 25 2 1
v 26 39 2
v 27 0 5
v 28 33 2
v 29 0 1
v 30 6 1
v 31 36 1
v 32 36 1
v 33 8 4
v 34 0 2
v 35 0 2
v 36 36 2
v 37 2 2
v 38 36 5
v 39 16 1
e 0 1 0
e 0 6 0
e 0 36 0
e 2 4 0
e 2 5 0
e 2 3 0
e 3 7 0
e 4 7 0
e 4 11 0
e 4 12 0
e 4 14 0
e 4 19 0
e 4 24 0
e 5 13 0
e 7 38 0
e 7 8 0
e 7 9 0
e 7 27 0
e 8 31 0
e 9 30 0
e 9 33 0
e 9 15 0
e 10 33 0
e 11 27 0
e 12 38 0
e 12 22 0
e 12 27 0
e 13 23 0
e 13 21 0
e 14 27 0
e 14 38 0
e 14 34 0
e 16 34 0
e 16 32 0
e 17 33 0
e 18 26 0
e 19 22 0
e 20 28 0
e 21 26 0
e 22 33 0
e 22 25 0
e 24 28 0
e 27 35 0
e 29 35 0
e 36 37 0
e 37 38 0
e 38 39 0
