t 32 37
v 0 12 3
v 1 12 2
v 2 36 4
v 3 2 4
v 4 2 4
v 5 2 1
v 6 3 1
v 7 2 4
v 8 36 3
v 9 3 1
v 10 2 1
v 11 0 3
v 12 40 1
v 13 2 2
v 14 2 1
v 15 3 3
v 16 3 2
v 17 0 3
v 18 15 2
v 19 4 6
v 20 12 1
v 21 17 4
v 22 3 1
v 23 0 1
v 24 4 3
v 25 16 1
v 26 16 2
v 27 16 2
v 28 3 1
v 29 2 3
v 30 24 2
v 31 2 2
e 0 25 0
e 0 27 0
e 0 2 0
e 1 27 0
e 1 19 0
e 2 11 0
e 2 17 0
e 2 19 0
e 3 4 0
e 3 28 0
e 3 19 0
e 3 30 0
e 4 8 0
e 4 10 0
e 4 11 0
e 5 8 0
e 6 31 0
e 7 18 0
e 7 29 0
e 7 21 0
e 7 19 0
e 8 21 0
e 9 16 0
e 11 23 0
e 12 21 0
e 13 29 0
e 13 19 0
e 14 15 0
e 15 24 0
e 15 19 0
e 16 26 0
e 17 26 0
e 17 21 0
e 18 29 0
e 20 24 0
e 22 24 0
e 30 31 0
