t 40 47
v 0 36 2
v 1 36 3
v 2 17 1
v 3 2 3
v 4 36 2
v 5 4 2
v 6 2 3
v 7 6 2
v 8 3 2
v 9 0 2
v 10 2 1
v 11 4 3
v 12 0 4
v 13 50 2
v 14 2 2
v 15 16 3
v 16 36 2
v 17 8 2
v 18 20 3
v 19 12 3
v 20 27 2
v 21 22 2
v 22 3 1
v 23 3 2
v 24 0 2
v 25 23 2
v 26 2 2
v 27 12 4
v 28 17 4
v 29 2 4
v 30 0 3
v 31 3 2
v 32 36 2
v 33 4 2
v 34 27 3
v 35 39 3
v 36 6 2
v 37 3 2
v 38 12 2
v 39 19 1
e 0 32 0
e 0 1 0
e 1 27 0
e 1 3 0
e 2 3 0
e 3 5 0
e 4 30 0
e 4 33 0
e 5 24 0
e 6 23 0
e 6 12 0
e 6 19 0
e 7 34 0
e 7 20 0
e 8 14 0
e 8 15 0
e 9 20 0
e 9 35 0
e 10 24 0
e 11 23 0
e 11 17 0
e 11 14 0
e 12 32 0
e 12 13 0
e 12 30 0
e 13 21 0
e 15 34 0
e 15 16 0
e 16 18 0
e 17 30 0
e 18 29 0
e 18 19 0
e 19 26 0
e 21 27 0
e 22 28 0
e 25 36 0
e 25 28 0
e 26 29 0
e 27 29 0
e 27 37 0
e 28 33 0
e 28 35 0
e 29 34 0
e 31 37 0
e 31 38 0
e 35 36 0
e 38 39 0
