t 32 33
v 0 16 4
v 1 16 2
v 2 36 2
v 3 2 2
v 4 2 2
v 5 0 1
v 6 2 2
v 7 18 2
v 8 12 2
v 9 2 2
v 10 2 1
v 11 2 4
v 12 2 3
v 13 57 2
v 14 3 1
v 15 2 2
v 16 2 1
v 17 36 3
v 18 2 2
v 19 3 2
v 20 2 2
v 21 3 1
v 22 2 3
v 23 2 2
v 24 2 3
v 25 2 3
v 26 2 2
v 27 2 1
v 28 36 2
v 29 3 2
v 30 17 2
v 31 2 1
e 0 17 0
e 0 8 0
e 0 11 0
e 0 22 0
e 1 2 0
e 1 18 0
e 2 3 0
e 3 6 0
e 4 24 0
e 4 26 0
e 5 8 0
e 6 7 0
e 7 12 0
e 9 15 0
e 9 29 0
e 10 20 0
e 11 16 0
e 11 13 0
e 11 22 0
e 12 14 0
e 12 31 0
e 13 25 0
e 15 30 0
e 17 18 0
e 17 21 0
e 19 24 0
e 19 25 0
e 20 30 0
e 22 23 0
e 23 25 0
e 24 28 0
e 26 27 0
e 28 29 0
