t 32 39
v 0 12 3
v 1 32 3
v 2 7 1
v 3 20 2
v 4 36 2
v 5 8 2
v 6 0 3
v 7 6 2
v 8 12 1
v 9 20 2
v 10 0 5
v 11 0 3
v 12 0 4
v 13 3 3
v 14 2 2
v 15 3 1
v 16 24 5
v 17 12 2
v 18 33 1
v 19 0 4
v 20 3 3
v 21 7 2
v 22 36 3
v 23 36 2
v 24 19 1
v 25 2 2
v 26 3 3
v 27 2 3
v 28 24 2
v 29 0 2
v 30 0 3
v 31 3 1
e 0 1 0
e 0 8 0
e 0 26 0
e 1 2 0
e 1 24 0
e 3 4 0
e 3 27 0
e 4 6 0
e 5 7 0
e 5 15 0
e 6 28 0
e 6 16 0
e 7 17 0
e 9 18 0
e 9 21 0
e 10 19 0
e 10 12 0
e 10 11 0
e 10 13 0
e 10 30 0
e 11 12 0
e 11 19 0
e 12 23 0
e 12 30 0
e 13 16 0
e 13 27 0
e 14 23 0
e 14 31 0
e 16 22 0
e 16 17 0
e 16 20 0
e 19 29 0
e 19 30 0
e 20 22 0
e 20 21 0
e 22 26 0
e 25 26 0
e 25 27 0
e 28 29 0
