t 40 48
v 0 2 1
v 1 0 2
v 2 5 2
v 3 0 4
v 4 2 4
v 5 8 1
v 6 36 2
v 7 4 4
v 8 3 2
v 9 2 1
v 10 36 1
v 11 0 2
v 12 2 3
v 13 16 3
v 14 6 2
v 15 3 2
v 16 2 3
v 17 0 3
v 18 2 2
v 19 6 1
v 20 16 5
v 21 3 4
v 22 2 2
v 23 0 3
v 24 4 3
v 25 2 1
v 26 2 2
v 27 2 2
v 28 0 2
v 29 3 1
v 30 7 2
v 31 2 4
v 32 2 2
v 33 16 2
v 34 2 2
v 35 2 4
v 36 2 6
v 37 45 2
v 38 36 1
v 39 2 1
e 0 13 0
e 1 6 0
e 1 5 0
e 2 30 0
e 2 7 0
e 3 11 0
e 3 7 0
e 3 20 0
e 3 33 0
e 4 17 0
e 4 20 0
e 4 15 0
e 4 33 0
e 6 11 0
e 7 28 0
e 7 38 0
e 8 20 0
e 8 15 0
e 9 12 0
e 10 12 0
e 12 14 0
e 13 26 0
e 13 30 0
e 14 24 0
e 16 31 0
e 16 35 0
e 16 36 0
e 17 20 0
e 17 24 0
e 18 22 0
e 18 27 0
e 19 23 0
e 20 37 0
e 21 27 0
e 21 31 0
e 21 37 0
e 21 36 0
e 22 25 0
e 23 24 0
e 23 26 0
e 28 39 0
e 29 31 0
e 31 36 0
e 32 35 0
e 32 36 0
e 34 35 0
e 34 36 0
e 35 36 0
