t 32 32
v 0 12 2
v 1 17 1
v 2 2 2
v 3 3 1
v 4 0 2
v 5 2 2
v 6 17 2
v 7 4 2
v 8 2 2
v 9 36 2
v 10 0 3
v 11 6 2
v 12 36 3
v 13 0 2
v 14 2 2
v 15 6 1
v 16 8 1
v 17 16 3
v 18 0 2
v 19 6 1
v 20 8 3
v 21 3 2
v 22 0 3
v 23 5 1
v 24 33 3
v 25 16 4
v 26 2 2
v 27 4 2
v 28 2 2
v 29 26 1
v 30 0 2
v 31 0 1
e 0 2 0
e 0 8 0
e 1 5 0
e 2 21 0
e 3 6 0
e 4 31 0
e 4 30 0
e 5 8 0
e 6 7 0
e 7 9 0
e 9 13 0
e 10 11 0
e 10 14 0
e 10 24 0
e 11 18 0
e 12 25 0
e 12 17 0
e 12 18 0
e 13 20 0
e 14 20 0
e 15 24 0
e 16 25 0
e 17 25 0
e 17 21 0
e 19 20 0
e 22 28 0
e 22 29 0
e 22 30 0
e 23 24 0
e 25 26 0
e 26 27 0
e 27 28 0
