t 32 36
v 0 12 2
v 1 36 3
v 2 2 3
v 3 12 3
v 4 3 1
v 5 2 3
v 6 3 2
v 7 36 1
v 8 2 2
v 9 7 3
v 10 16 2
v 11 0 1
v 12 0 2
v 13 12 2
v 14 3 2
v 15 0 2
v 16 2 3
v 17 0 3
v 18 45 3
v 19 3 3
v 20 2 2
v 21 2 3
v 22 2 2
v 23 6 2
v 24 36 3
v 25 2 1
v 26 7 2
v 27 36 1
v 28 36 1
v 29 36 2
v 30 4 6
v 31 25 1
e 0 8 0
e 0 16 0
e 1 11 0
e 1 15 0
e 1 19 0
e 2 19 0
e 2 10 0
e 2 30 0
e 3 14 0
e 3 30 0
e 3 12 0
e 4 13 0
e 5 21 0
e 5 24 0
e 5 25 0
e 6 18 0
e 6 27 0
e 7 10 0
e 8 14 0
e 9 21 0
e 9 26 0
e 9 29 0
e 12 13 0
e 15 17 0
e 16 20 0
e 16 30 0
e 17 19 0
e 17 30 0
e 18 26 0
e 18 28 0
e 20 22 0
e 21 24 0
e 22 24 0
e 23 29 0
e 23 30 0
e 30 31 0
