t 32 35
v 0 26 2
v 1 2 3
v 2 3 3
v 3 2 3
v 4 2 2
v 5 7 2
v 6 36 2
v 7 36 3
v 8 2 2
v 9 24 2
v 10 3 2
v 11 3 2
v 12 36 2
v 13 2 2
v 14 3 3
v 15 16 1
v 16 2 1
v 17 11 1
v 18 12 2
v 19 36 3
v 20 1 2
v 21 3 2
v 22 12 2
v 23 3 1
v 24 36 2
v 25 2 2
v 26 36 2
v 27 2 2
v 28 7 2
v 29 2 5
v 30 36 2
v 31 2 3
e 0 1 0
e 0 24 0
e 1 12 0
e 1 19 0
e 2 21 0
e 2 23 0
e 2 14 0
e 3 31 0
e 3 29 0
e 3 22 0
e 4 5 0
e 4 9 0
e 5 14 0
e 6 30 0
e 6 20 0
e 7 26 0
e 7 20 0
e 7 24 0
e 8 31 0
e 8 29 0
e 9 12 0
e 10 11 0
e 10 15 0
e 11 14 0
e 13 28 0
e 13 27 0
e 16 19 0
e 17 25 0
e 18 21 0
e 18 19 0
e 22 29 0
e 25 27 0
e 26 29 0
e 28 30 0
e 29 31 0
