t 40 42
v 0 2 3
v 1 40 4
v 2 3 2
v 3 12 2
v 4 4 1
v 5 36 1
v 6 44 2
v 7 12 1
v 8 0 2
v 9 2 1
v 10 36 2
v 11 12 2
v 12 2 3
v 13 58 2
v 14 33 2
v 15 18 2
v 16 7 2
v 17 3 2
v 18 12 2
v 19 14 2
v 20 12 1
v 21 2 2
v 22 36 3
v 23 0 3
v 24 2 2
v 25 12 2
v 26 0 3
v 27 2 2
v 28 36 3
v 29 2 2
v 30 36 1
v 31 2 2
v 32 36 3
v 33 32 2
v 34 36 3
v 35 16 2
v 36 12 2
v 37 3 3
v 38 12 2
v 39 0 1
e 0 30 0
e 0 36 0
e 0 1 0
e 1 2 0
e 1 37 0
e 1 22 0
e 2 32 0
e 3 17 0
e 3 34 0
e 4 28 0
e 5 6 0
e 6 8 0
e 7 15 0
e 8 19 0
e 9 12 0
e 10 16 0
e 10 33 0
e 11 35 0
e 11 12 0
e 12 13 0
e 13 18 0
e 14 18 0
e 14 26 0
e 15 26 0
e 16 31 0
e 17 32 0
e 19 35 0
e 20 25 0
e 21 24 0
e 21 34 0
e 22 25 0
e 22 27 0
e 23 33 0
e 23 29 0
e 23 32 0
e 24 27 0
e 26 29 0
e 28 31 0
e 28 34 0
e 36 37 0
e 37 38 0
e 38 39 0
