t 32 43
v 0 12 3
v 1 0 1
v 2 0 1
v 3 2 5
v 4 2 3
v 5 33 3
v 6 2 2
v 7 0 6
v 8 0 1
v 9 16 1
v 10 36 4
v 11 0 2
v 12 0 2
v 13 3 6
v 14 0 2
v 15 3 2
v 16 3 1
v 17 36 2
v 18 3 1
v 19 36 2
v 20 2 3
v 21 0 2
v 22 3 1
v 23 0 4
v 24 4 5
v 25 25 1
v 26 0 1
v 27 16 4
v 28 0 2
v 29 12 1
v 30 0 8
v 31 3 4
e 0 1 0
e 0 5 0
e 0 30 0
e 2 4 0
e 3 31 0
e 3 9 0
e 3 10 0
e 3 24 0
e 3 30 0
e 4 13 0
e 4 17 0
e 5 17 0
e 5 13 0
e 6 7 0
e 6 20 0
e 7 10 0
e 7 15 0
e 7 27 0
e 7 30 0
e 7 31 0
e 8 21 0
e 10 31 0
e 10 20 0
e 11 14 0
e 11 21 0
e 12 24 0
e 12 30 0
e 13 15 0
e 13 16 0
e 13 24 0
e 13 30 0
e 14 24 0
e 18 23 0
e 19 28 0
e 19 29 0
e 20 30 0
e 22 23 0
e 23 27 0
e 23 30 0
e 24 25 0
e 26 27 0
e 27 28 0
e 30 31 0
