t 40 46
v 0 40 1
v 1 3 3
v 2 36 2
v 3 2 2
v 4 2 3
v 5 11 2
v 6 3 2
v 7 36 2
v 8 0 5
v 9 16 2
v 10 6 2
v 11 13 5
v 12 24 2
v 13 36 3
v 14 36 5
v 15 8 1
v 16 36 6
v 17 2 1
v 18 12 1
v 19 3 1
v 20 3 2
v 21 1 3
v 22 36 3
v 23 3 1
v 24 2 2
v 25 3 2
v 26 36 3
v 27 2 4
v 28 36 2
v 29 17 1
v 30 2 3
v 31 3 1
v 32 2 2
v 33 36 1
v 34 16 2
v 35 36 1
v 36 4 1
v 37 0 2
v 38 3 2
v 39 2 3
e 0 1 0
e 1 8 0
e 1 33 0
e 2 19 0
e 2 14 0
e 3 14 0
e 3 16 0
e 4 21 0
e 4 31 0
e 4 34 0
e 5 14 0
e 5 16 0
e 6 17 0
e 6 11 0
e 7 12 0
e 7 11 0
e 8 10 0
e 8 38 0
e 8 16 0
e 8 21 0
e 9 18 0
e 9 39 0
e 10 26 0
e 11 27 0
e 11 13 0
e 11 23 0
e 12 37 0
e 13 14 0
e 13 16 0
e 14 16 0
e 15 16 0
e 20 22 0
e 20 35 0
e 21 26 0
e 22 28 0
e 22 37 0
e 24 27 0
e 24 30 0
e 25 26 0
e 25 39 0
e 27 32 0
e 27 30 0
e 28 38 0
e 29 34 0
e 30 32 0
e 36 39 0
