t 40 44
v 0 68 2
v 1 2 2
v 2 12 2
v 3 2 2
v 4 2 2
v 5 0 3
v 6 0 1
v 7 12 2
v 8 0 2
v 9 39 1
v 10 36 2
v 11 2 1
v 12 0 2
v 13 0 2
v 14 36 2
v 15 0 4
v 16 36 3
v 17 3 3
v 18 3 2
v 19 2 2
v 20 3 2
v 21 4 4
v 22 33 3
v 23 36 2
v 24 12 2
v 25 3 2
v 26 2 2
v 27 0 2
v 28 36 1
v 29 36 1
v 30 36 1
v 31 0 2
v 32 36 1
v 33 0 3
v 34 36 4
v 35 37 2
v 36 3 3
v 37 3 3
v 38 3 2
v 39 36 4
e 0 2 0
e 0 37 0
e 1 2 0
e 1 4 0
e 3 15 0
e 3 26 0
e 4 5 0
e 5 6 0
e 5 24 0
e 7 18 0
e 7 23 0
e 8 9 0
e 8 25 0
e 10 34 0
e 10 35 0
e 11 33 0
e 12 33 0
e 12 13 0
e 13 27 0
e 14 15 0
e 14 17 0
e 15 37 0
e 15 39 0
e 16 21 0
e 16 27 0
e 16 36 0
e 17 22 0
e 17 19 0
e 18 31 0
e 19 21 0
e 20 26 0
e 20 31 0
e 21 22 0
e 21 39 0
e 22 36 0
e 23 36 0
e 24 25 0
e 28 34 0
e 29 34 0
e 30 34 0
e 32 39 0
e 33 35 0
e 37 38 0
e 38 39 0
