t 32 32
v 0 7 2
v 1 12 2
v 2 2 3
v 3 31 2
v 4 0 3
v 5 2 1
v 6 33 2
v 7 0 2
v 8 3 1
v 9 0 1
v 10 2 2
v 11 2 1
v 12 12 2
v 13 3 3
v 14 16 4
v 15 0 1
v 16 36 1
v 17 16 4
v 18 16 2
v 19 0 3
v 20 14 2
v 21 2 2
v 22 4 1
v 23 36 3
v 24 0 2
v 25 14 1
v 26 0 2
v 27 2 1
v 28 3 2
v 29 2 2
v 30 2 2
v 31 0 2
e 0 3 0
e 0 12 0
e 1 18 0
e 1 14 0
e 2 24 0
e 2 26 0
e 2 25 0
e 3 4 0
e 4 7 0
e 4 19 0
e 5 7 0
e 6 12 0
e 6 13 0
e 8 31 0
e 9 19 0
e 10 30 0
e 10 31 0
e 11 14 0
e 13 17 0
e 13 16 0
e 14 17 0
e 14 23 0
e 15 19 0
e 17 18 0
e 17 20 0
e 20 21 0
e 21 24 0
e 22 26 0
e 23 29 0
e 23 28 0
e 27 28 0
e 29 30 0
