t 24 32
v 0 36 2
v 1 6 1
v 2 33 2
v 3 2 4
v 4 2 3
v 5 36 3
v 6 23 3
v 7 2 3
v 8 12 6
v 9 6 1
v 10 2 2
v 11 36 2
v 12 3 5
v 13 44 1
v 14 19 1
v 15 2 3
v 16 8 2
v 17 2 7
v 18 2 2
v 19 36 3
v 20 7 3
v 21 3 2
v 22 40 2
v 23 0 1
e 0 8 0
e 0 11 0
e 1 5 0
e 2 5 0
e 2 13 0
e 3 15 0
e 3 6 0
e 3 16 0
e 3 17 0
e 4 7 0
e 4 17 0
e 4 19 0
e 5 8 0
e 6 17 0
e 6 15 0
e 7 8 0
e 7 20 0
e 8 12 0
e 8 17 0
e 8 19 0
e 9 12 0
e 10 12 0
e 10 17 0
e 11 18 0
e 12 17 0
e 12 20 0
e 14 16 0
e 15 17 0
e 18 19 0
e 20 21 0
e 21 22 0
e 22 23 0
