t 40 52
v 0 36 2
v 1 7 2
v 2 2 2
v 3 36 2
v 4 2 2
v 5 25 2
v 6 17 4
v 7 4 3
v 8 3 3
v 9 36 2
v 10 24 2
v 11 3 4
v 12 33 2
v 13 36 2
v 14 4 4
v 15 12 1
v 16 6 2
v 17 2 3
v 18 7 3
v 19 36 1
v 20 0 1
v 21 36 2
v 22 20 5
v 23 2 5
v 24 4 3
v 25 19 2
v 26 2 3
v 27 40 5
v 28 0 2
v 29 6 2
v 30 7 2
v 31 0 2
v 32 2 6
v 33 0 3
v 34 6 1
v 35 36 3
v 36 16 4
v 37 0 2
v 38 2 1
v 39 16 2
e 0 12 0
e 0 8 0
e 1 2 0
e 1 8 0
e 2 3 0
e 3 18 0
e 4 6 0
e 4 13 0
e 5 10 0
e 5 14 0
e 6 27 0
e 6 11 0
e 6 30 0
e 7 26 0
e 7 31 0
e 7 32 0
e 8 23 0
e 9 10 0
e 9 30 0
e 11 28 0
e 11 23 0
e 11 17 0
e 12 36 0
e 13 18 0
e 14 27 0
e 14 32 0
e 14 24 0
e 15 24 0
e 16 17 0
e 16 24 0
e 17 26 0
e 18 35 0
e 19 23 0
e 20 21 0
e 21 25 0
e 22 31 0
e 22 37 0
e 22 39 0
e 22 25 0
e 22 32 0
e 23 32 0
e 23 27 0
e 26 33 0
e 27 35 0
e 27 33 0
e 28 32 0
e 29 33 0
e 29 34 0
e 32 35 0
e 36 37 0
e 36 38 0
e 36 39 0
