t 32 32
v 0 3 2
v 1 8 2
v 2 14 1
v 3 36 2
v 4 0 2
v 5 36 2
v 6 2 1
v 7 12 1
v 8 3 2
v 9 2 3
v 10 3 1
v 11 2 3
v 12 2 2
v 13 17 2
v 14 36 3
v 15 36 2
v 16 14 2
v 17 3 2
v 18 2 2
v 19 22 1
v 20 36 2
v 21 13 2
v 22 2 2
v 23 3 2
v 24 2 3
v 25 3 2
v 26 12 2
v 27 2 2
v 28 7 2
v 29 3 2
v 30 3 2
v 31 2 3
e 0 8 0
e 0 2 0
e 1 3 0
e 1 4 0
e 3 20 0
e 4 5 0
e 5 8 0
e 6 9 0
e 7 9 0
e 9 15 0
e 10 31 0
e 11 18 0
e 11 14 0
e 11 31 0
e 12 22 0
e 12 24 0
e 13 18 0
e 13 19 0
e 14 15 0
e 14 24 0
e 16 24 0
e 16 25 0
e 17 30 0
e 17 31 0
e 20 21 0
e 21 23 0
e 22 23 0
e 25 26 0
e 26 27 0
e 27 28 0
e 28 29 0
e 29 30 0
