t 32 45
v 0 24 2
v 1 4 5
v 2 25 2
v 3 6 2
v 4 26 2
v 5 4 2
v 6 0 2
v 7 36 3
v 8 2 2
v 9 12 4
v 10 36 1
v 11 44 2
v 12 36 1
v 13 36 2
v 14 36 1
v 15 36 2
v 16 36 4
v 17 3 3
v 18 0 8
v 19 36 3
v 20 31 3
v 21 36 3
v 22 2 4
v 23 2 3
v 24 0 2
v 25 20 4
v 26 3 2
v 27 12 2
v 28 43 3
v 29 36 2
v 30 36 4
v 31 36 5
e 0 2 0
e 0 15 0
e 1 28 0
e 1 18 0
e 1 2 0
e 1 23 0
e 1 5 0
e 3 5 0
e 3 8 0
e 4 28 0
e 4 29 0
e 6 7 0
e 6 27 0
e 7 28 0
e 7 18 0
e 8 18 0
e 9 20 0
e 9 22 0
e 9 31 0
e 9 15 0
e 10 16 0
e 11 19 0
e 11 16 0
e 12 30 0
e 13 30 0
e 13 31 0
e 14 20 0
e 16 21 0
e 16 19 0
e 17 18 0
e 17 26 0
e 17 27 0
e 18 20 0
e 18 21 0
e 18 22 0
e 18 31 0
e 19 21 0
e 22 24 0
e 22 25 0
e 23 25 0
e 23 31 0
e 24 25 0
e 25 26 0
e 29 30 0
e 30 31 0
