t 40 50
v 0 3 2
v 1 39 2
v 2 36 2
v 3 26 1
v 4 2 4
v 5 0 2
v 6 2 2
v 7 3 5
v 8 3 5
v 9 39 1
v 10 36 2
v 11 39 2
v 12 0 1
v 13 36 2
v 14 2 5
v 15 0 2
v 16 16 2
v 17 8 2
v 18 0 2
v 19 27 3
v 20 12 3
v 21 3 4
v 22 0 6
v 23 2 2
v 24 36 2
v 25 36 2
v 26 2 4
v 27 2 2
v 28 7 2
v 29 36 2
v 30 3 2
v 31 0 2
v 32 36 2
v 33 0 2
v 34 14 2
v 35 2 3
v 36 0 2
v 37 16 3
v 38 36 3
v 39 4 1
e 0 7 0
e 0 2 0
e 1 13 0
e 1 9 0
e 2 19 0
e 3 22 0
e 4 11 0
e 4 5 0
e 4 8 0
e 4 19 0
e 5 6 0
e 6 26 0
e 7 14 0
e 7 20 0
e 7 21 0
e 7 22 0
e 8 12 0
e 8 17 0
e 8 21 0
e 8 22 0
e 10 13 0
e 10 25 0
e 11 22 0
e 14 17 0
e 14 21 0
e 14 15 0
e 14 22 0
e 15 26 0
e 16 22 0
e 16 37 0
e 18 36 0
e 18 34 0
e 19 20 0
e 20 26 0
e 21 37 0
e 23 32 0
e 23 33 0
e 24 25 0
e 24 28 0
e 26 27 0
e 27 30 0
e 28 29 0
e 29 32 0
e 30 34 0
e 31 33 0
e 31 35 0
e 35 38 0
e 35 36 0
e 37 38 0
e 38 39 0
