t 40 49
v 0 3 2
v 1 2 1
v 2 3 3
v 3 2 3
v 4 0 2
v 5 36 4
v 6 0 1
v 7 2 3
v 8 0 3
v 9 12 3
v 10 17 2
v 11 36 2
v 12 28 2
v 13 5 1
v 14 2 1
v 15 28 1
v 16 28 2
v 17 3 1
v 18 3 2
v 19 12 5
v 20 3 6
v 21 0 1
v 22 28 3
v 23 28 1
v 24 0 2
v 25 6 2
v 26 12 2
v 27 2 6
v 28 0 6
v 29 0 3
v 30 0 2
v 31 36 2
v 32 24 2
v 33 12 2
v 34 40 3
v 35 0 2
v 36 39 2
v 37 19 1
v 38 16 4
v 39 24 2
e 0 11 0
e 0 13 0
e 1 3 0
e 2 32 0
e 2 17 0
e 2 25 0
e 3 27 0
e 3 7 0
e 4 8 0
e 4 14 0
e 5 24 0
e 5 28 0
e 5 19 0
e 5 34 0
e 6 30 0
e 7 33 0
e 7 19 0
e 8 9 0
e 8 35 0
e 9 20 0
e 9 10 0
e 10 31 0
e 11 38 0
e 12 16 0
e 12 22 0
e 15 16 0
e 18 34 0
e 18 19 0
e 19 38 0
e 19 20 0
e 20 33 0
e 20 26 0
e 20 27 0
e 20 34 0
e 21 28 0
e 22 23 0
e 22 31 0
e 24 32 0
e 25 37 0
e 26 27 0
e 27 36 0
e 27 28 0
e 27 29 0
e 28 36 0
e 28 38 0
e 28 39 0
e 29 38 0
e 29 39 0
e 30 35 0
