t 32 36
v 0 36 4
v 1 0 5
v 2 36 2
v 3 0 2
v 4 31 2
v 5 6 2
v 6 2 2
v 7 17 2
v 8 14 2
v 9 14 1
v 10 3 2
v 11 2 2
v 12 36 3
v 13 2 4
v 14 11 2
v 15 18 2
v 16 17 5
v 17 28 1
v 18 17 1
v 19 2 2
v 20 57 2
v 21 12 2
v 22 8 1
v 23 2 2
v 24 0 1
v 25 44 2
v 26 36 3
v 27 28 3
v 28 28 2
v 29 28 2
v 30 19 3
v 31 3 1
e 0 13 0
e 0 2 0
e 0 12 0
e 0 19 0
e 1 24 0
e 1 25 0
e 1 26 0
e 1 14 0
e 1 23 0
e 2 3 0
e 3 15 0
e 4 11 0
e 4 6 0
e 5 31 0
e 5 30 0
e 6 8 0
e 7 21 0
e 7 26 0
e 8 13 0
e 9 16 0
e 10 21 0
e 10 25 0
e 11 15 0
e 12 16 0
e 12 20 0
e 13 16 0
e 13 20 0
e 14 16 0
e 16 18 0
e 17 29 0
e 19 23 0
e 22 30 0
e 26 27 0
e 27 28 0
e 27 29 0
e 28 30 0
