t 40 46
v 0 3 4
v 1 0 1
v 2 0 3
v 3 4 3
v 4 2 4
v 5 0 2
v 6 8 3
v 7 0 1
v 8 2 1
v 9 20 1
v 10 3 2
v 11 2 3
v 12 0 1
v 13 6 1
v 14 0 1
v 15 2 1
v 16 2 1
v 17 25 3
v 18 12 5
v 19 36 2
v 20 4 7
v 21 3 2
v 22 25 2
v 23 3 1
v 24 18 2
v 25 2 1
v 26 7 3
v 27 3 1
v 28 24 5
v 29 22 1
v 30 33 2
v 31 0 3
v 32 14 2
v 33 44 1
v 34 16 1
v 35 0 2
v 36 2 3
v 37 0 2
v 38 16 3
v 39 12 5
e 0 38 0
e 0 23 0
e 0 17 0
e 0 20 0
e 1 24 0
e 2 13 0
e 2 15 0
e 2 20 0
e 3 6 0
e 3 24 0
e 3 39 0
e 4 8 0
e 4 16 0
e 4 25 0
e 4 36 0
e 5 36 0
e 5 6 0
e 6 26 0
e 7 18 0
e 9 26 0
e 10 28 0
e 10 26 0
e 11 28 0
e 11 20 0
e 11 31 0
e 12 31 0
e 14 36 0
e 17 22 0
e 17 28 0
e 18 19 0
e 18 20 0
e 18 28 0
e 18 38 0
e 19 30 0
e 20 32 0
e 20 27 0
e 20 22 0
e 21 29 0
e 21 39 0
e 28 39 0
e 30 33 0
e 31 39 0
e 32 37 0
e 34 35 0
e 35 37 0
e 38 39 0
