t 40 52
v 0 3 3
v 1 0 2
v 2 40 2
v 3 2 3
v 4 36 2
v 5 12 6
v 6 0 3
v 7 2 1
v 8 27 2
v 9 16 3
v 10 36 5
v 11 36 1
v 12 4 2
v 13 33 1
v 14 3 4
v 15 2 2
v 16 2 3
v 17 3 1
v 18 2 1
v 19 2 2
v 20 2 2
v 21 0 1
v 22 12 2
v 23 16 2
v 24 12 2
v 25 16 4
v 26 16 3
v 27 2 2
v 28 2 6
v 29 0 6
v 30 6 1
v 31 0 2
v 32 0 5
v 33 8 3
v 34 36 2
v 35 12 4
v 36 2 1
v 37 17 2
v 38 3 3
v 39 0 2
e 0 25 0
e 0 28 0
e 0 35 0
e 1 16 0
e 1 36 0
e 2 9 0
e 2 10 0
e 3 16 0
e 3 4 0
e 3 7 0
e 4 23 0
e 5 26 0
e 5 38 0
e 5 14 0
e 5 10 0
e 5 15 0
e 5 29 0
e 6 31 0
e 6 25 0
e 6 32 0
e 8 24 0
e 8 28 0
e 9 10 0
e 9 25 0
e 10 19 0
e 10 35 0
e 11 29 0
e 12 37 0
e 12 34 0
e 13 14 0
e 14 32 0
e 14 35 0
e 15 20 0
e 16 22 0
e 17 37 0
e 18 20 0
e 19 38 0
e 21 28 0
e 22 28 0
e 23 25 0
e 24 26 0
e 26 32 0
e 27 32 0
e 27 33 0
e 28 31 0
e 28 32 0
e 29 39 0
e 29 35 0
e 29 34 0
e 29 33 0
e 30 33 0
e 38 39 0
