t 40 49
v 0 2 4
v 1 36 5
v 2 2 2
v 3 36 1
v 4 0 2
v 5 0 2
v 6 6 5
v 7 2 2
v 8 2 2
v 9 2 2
v 10 12 3
v 11 2 2
v 12 31 2
v 13 16 2
v 14 2 2
v 15 0 2
v 16 1 3
v 17 0 1
v 18 3 2
v 19 40 3
v 20 3 3
v 21 4 2
v 22 2 1
v 23 36 4
v 24 16 3
v 25 2 2
v 26 6 2
v 27 2 3
v 28 12 1
v 29 3 2
v 30 2 2
v 31 0 2
v 32 0 3
v 33 3 1
v 34 36 3
v 35 2 2
v 36 36 2
v 37 36 2
v 38 0 6
v 39 0 3
e 0 19 0
e 0 9 0
e 0 22 0
e 0 38 0
e 1 18 0
e 1 9 0
e 1 27 0
e 1 28 0
e 1 38 0
e 2 18 0
e 2 4 0
e 3 39 0
e 4 5 0
e 5 30 0
e 6 23 0
e 6 10 0
e 6 19 0
e 6 34 0
e 6 38 0
e 7 17 0
e 7 35 0
e 8 25 0
e 8 11 0
e 10 12 0
e 10 29 0
e 11 26 0
e 12 15 0
e 13 36 0
e 13 31 0
e 14 16 0
e 14 33 0
e 15 24 0
e 16 34 0
e 16 39 0
e 19 25 0
e 20 37 0
e 20 21 0
e 20 38 0
e 21 26 0
e 23 24 0
e 23 32 0
e 23 35 0
e 24 39 0
e 27 37 0
e 27 36 0
e 29 38 0
e 30 34 0
e 31 32 0
e 32 38 0
