t 40 58
v 0 0 6
v 1 2 2
v 2 3 3
v 3 0 5
v 4 2 2
v 5 2 3
v 6 3 2
v 7 24 6
v 8 2 2
v 9 12 5
v 10 3 1
v 11 2 2
v 12 2 2
v 13 4 9
v 14 4 5
v 15 12 3
v 16 7 3
v 17 2 1
v 18 25 3
v 19 2 2
v 20 6 2
v 21 25 2
v 22 16 3
v 23 2 1
v 24 0 2
v 25 0 2
v 26 54 3
v 27 0 3
v 28 6 1
v 29 8 1
v 30 2 3
v 31 36 1
v 32 4 4
v 33 24 1
v 34 2 3
v 35 0 5
v 36 40 5
v 37 2 3
v 38 17 2
v 39 17 2
e 0 27 0
e 0 1 0
e 0 7 0
e 0 13 0
e 0 18 0
e 0 34 0
e 1 2 0
e 2 11 0
e 2 17 0
e 3 25 0
e 3 28 0
e 3 13 0
e 3 23 0
e 3 24 0
e 4 5 0
e 4 11 0
e 5 6 0
e 5 35 0
e 6 7 0
e 7 36 0
e 7 18 0
e 7 32 0
e 7 35 0
e 8 36 0
e 8 15 0
e 9 22 0
e 9 12 0
e 9 27 0
e 9 13 0
e 9 16 0
e 10 22 0
e 12 14 0
e 13 26 0
e 13 36 0
e 13 21 0
e 13 16 0
e 13 32 0
e 13 35 0
e 14 30 0
e 14 37 0
e 14 33 0
e 14 16 0
e 15 27 0
e 15 30 0
e 18 21 0
e 19 37 0
e 19 30 0
e 20 35 0
e 20 36 0
e 22 36 0
e 24 25 0
e 26 29 0
e 26 32 0
e 31 39 0
e 32 34 0
e 34 35 0
e 37 38 0
e 38 39 0
