t 32 35
v 0 36 3
v 1 12 1
v 2 5 2
v 3 18 2
v 4 40 2
v 5 4 4
v 6 14 1
v 7 31 2
v 8 0 4
v 9 3 2
v 10 7 2
v 11 2 2
v 12 2 2
v 13 0 3
v 14 14 1
v 15 3 1
v 16 2 3
v 17 36 4
v 18 36 2
v 19 2 3
v 20 2 3
v 21 3 2
v 22 12 1
v 23 7 2
v 24 17 1
v 25 36 1
v 26 3 2
v 27 0 5
v 28 2 2
v 29 3 2
v 30 36 2
v 31 19 1
e 0 12 0
e 0 3 0
e 0 5 0
e 1 26 0
e 2 30 0
e 2 10 0
e 3 19 0
e 4 27 0
e 4 20 0
e 5 27 0
e 5 17 0
e 5 28 0
e 6 19 0
e 7 19 0
e 7 11 0
e 8 27 0
e 8 21 0
e 8 17 0
e 8 20 0
e 9 13 0
e 9 12 0
e 10 23 0
e 11 14 0
e 13 22 0
e 13 24 0
e 15 16 0
e 16 27 0
e 16 21 0
e 17 18 0
e 17 23 0
e 18 20 0
e 25 29 0
e 26 27 0
e 28 29 0
e 30 31 0
