t 32 32
v 0 22 1
v 1 19 1
v 2 2 1
v 3 2 2
v 4 8 2
v 5 0 1
v 6 36 2
v 7 2 2
v 8 3 3
v 9 0 2
v 10 16 1
v 11 36 2
v 12 12 5
v 13 36 1
v 14 19 1
v 15 20 4
v 16 45 5
v 17 3 1
v 18 14 1
v 19 36 2
v 20 12 3
v 21 14 1
v 22 17 2
v 23 0 2
v 24 0 2
v 25 0 2
v 26 0 3
v 27 2 1
v 28 0 1
v 29 0 1
v 30 16 4
v 31 0 2
e 0 16 0
e 1 16 0
e 2 7 0
e 3 6 0
e 3 11 0
e 4 8 0
e 4 10 0
e 5 19 0
e 6 19 0
e 7 12 0
e 8 9 0
e 8 12 0
e 9 15 0
e 11 20 0
e 12 30 0
e 12 15 0
e 12 23 0
e 13 16 0
e 14 15 0
e 15 31 0
e 16 22 0
e 16 21 0
e 17 24 0
e 18 30 0
e 20 30 0
e 20 25 0
e 22 23 0
e 24 30 0
e 25 26 0
e 26 28 0
e 26 29 0
e 27 31 0
