t 32 36
v 0 12 2
v 1 22 2
v 2 36 2
v 3 3 2
v 4 36 2
v 5 44 2
v 6 2 2
v 7 2 2
v 8 2 5
v 9 2 6
v 10 2 2
v 11 2 2
v 12 23 3
v 13 2 3
v 14 16 2
v 15 36 2
v 16 2 3
v 17 8 2
v 18 36 2
v 19 36 1
v 20 19 1
v 21 2 1
v 22 26 2
v 23 2 4
v 24 17 1
v 25 3 2
v 26 36 2
v 27 7 2
v 28 45 2
v 29 36 2
v 30 3 2
v 31 8 2
e 0 2 0
e 0 22 0
e 1 29 0
e 1 28 0
e 2 3 0
e 3 15 0
e 4 14 0
e 4 23 0
e 5 10 0
e 5 15 0
e 6 7 0
e 6 10 0
e 7 8 0
e 8 9 0
e 8 11 0
e 8 12 0
e 8 13 0
e 9 11 0
e 9 13 0
e 9 12 0
e 9 16 0
e 9 17 0
e 12 16 0
e 13 16 0
e 14 22 0
e 17 20 0
e 18 25 0
e 18 23 0
e 19 31 0
e 21 23 0
e 23 24 0
e 25 26 0
e 26 28 0
e 27 29 0
e 27 30 0
e 30 31 0
