t 40 58
v 0 3 4
v 1 3 3
v 2 6 1
v 3 3 4
v 4 0 5
v 5 40 3
v 6 2 4
v 7 26 2
v 8 3 3
v 9 3 3
v 10 2 2
v 11 2 3
v 12 57 2
v 13 2 2
v 14 4 3
v 15 4 2
v 16 2 4
v 17 3 4
v 18 22 3
v 19 12 2
v 20 3 6
v 21 12 2
v 22 3 3
v 23 36 4
v 24 0 5
v 25 26 2
v 26 44 1
v 27 3 5
v 28 36 2
v 29 0 2
v 30 14 2
v 31 8 2
v 32 16 4
v 33 26 1
v 34 31 1
v 35 3 5
v 36 3 3
v 37 3 2
v 38 36 2
v 39 8 3
e 0 21 0
e 0 5 0
e 0 9 0
e 0 20 0
e 1 4 0
e 1 24 0
e 1 9 0
e 2 35 0
e 3 4 0
e 3 18 0
e 3 16 0
e 3 20 0
e 4 8 0
e 4 27 0
e 4 32 0
e 5 14 0
e 5 15 0
e 6 8 0
e 6 32 0
e 6 7 0
e 6 16 0
e 7 25 0
e 8 16 0
e 9 35 0
e 10 30 0
e 10 34 0
e 11 38 0
e 11 25 0
e 11 28 0
e 12 13 0
e 12 23 0
e 13 38 0
e 14 31 0
e 14 19 0
e 15 20 0
e 16 27 0
e 17 24 0
e 17 20 0
e 17 36 0
e 17 37 0
e 18 27 0
e 18 35 0
e 19 32 0
e 20 35 0
e 20 27 0
e 21 29 0
e 22 37 0
e 22 24 0
e 22 30 0
e 23 28 0
e 23 26 0
e 23 24 0
e 24 31 0
e 27 39 0
e 29 39 0
e 32 36 0
e 33 39 0
e 35 36 0
