t 32 40
v 0 36 4
v 1 3 4
v 2 24 2
v 3 0 5
v 4 35 2
v 5 3 4
v 6 0 4
v 7 16 2
v 8 0 1
v 9 36 2
v 10 0 8
v 11 14 2
v 12 0 2
v 13 4 7
v 14 25 2
v 15 2 1
v 16 10 2
v 17 12 1
v 18 16 2
v 19 3 1
v 20 36 1
v 21 19 1
v 22 2 1
v 23 12 1
v 24 24 1
v 25 7 2
v 26 12 2
v 27 0 5
v 28 4 3
v 29 2 1
v 30 3 3
v 31 36 1
e 0 17 0
e 0 20 0
e 0 3 0
e 0 10 0
e 1 3 0
e 1 10 0
e 1 21 0
e 1 30 0
e 2 23 0
e 2 28 0
e 3 13 0
e 3 16 0
e 3 27 0
e 4 13 0
e 4 8 0
e 5 18 0
e 5 19 0
e 5 6 0
e 5 13 0
e 6 12 0
e 6 27 0
e 6 28 0
e 7 10 0
e 7 11 0
e 9 10 0
e 9 25 0
e 10 18 0
e 10 31 0
e 10 13 0
e 10 27 0
e 11 15 0
e 12 16 0
e 13 30 0
e 13 14 0
e 13 22 0
e 14 24 0
e 25 26 0
e 26 27 0
e 27 30 0
e 28 29 0
