t 32 33
v 0 2 2
v 1 14 2
v 2 12 1
v 3 2 3
v 4 0 2
v 5 0 2
v 6 2 3
v 7 4 1
v 8 2 3
v 9 0 1
v 10 17 3
v 11 3 2
v 12 17 2
v 13 36 2
v 14 0 2
v 15 26 2
v 16 0 1
v 17 26 2
v 18 0 2
v 19 1 2
v 20 17 2
v 21 0 4
v 22 6 2
v 23 0 1
v 24 14 1
v 25 30 2
v 26 36 2
v 27 3 5
v 28 2 2
v 29 2 1
v 30 6 2
v 31 0 2
e 0 6 0
e 0 21 0
e 1 4 0
e 1 2 0
e 3 11 0
e 3 17 0
e 3 21 0
e 4 6 0
e 5 14 0
e 5 30 0
e 6 7 0
e 8 9 0
e 8 10 0
e 8 27 0
e 10 12 0
e 10 27 0
e 11 21 0
e 12 19 0
e 13 15 0
e 13 19 0
e 14 31 0
e 15 17 0
e 16 18 0
e 18 22 0
e 20 24 0
e 20 26 0
e 21 22 0
e 23 25 0
e 25 31 0
e 26 27 0
e 27 28 0
e 27 30 0
e 28 29 0
