t 24 31
v 0 3 3
v 1 2 2
v 2 3 2
v 3 24 4
v 4 2 3
v 5 36 3
v 6 3 2
v 7 0 3
v 8 2 1
v 9 17 2
v 10 2 3
v 11 23 3
v 12 19 1
v 13 12 2
v 14 7 2
v 15 3 1
v 16 8 2
v 17 2 6
v 18 2 2
v 19 3 3
v 20 2 5
v 21 16 2
v 22 3 4
v 23 12 1
e 0 19 0
e 0 15 0
e 0 1 0
e 1 13 0
e 2 3 0
e 2 14 0
e 3 7 0
e 3 13 0
e 3 20 0
e 4 11 0
e 4 16 0
e 4 17 0
e 5 6 0
e 5 21 0
e 5 22 0
e 6 22 0
e 7 10 0
e 7 17 0
e 8 17 0
e 9 10 0
e 9 14 0
e 10 20 0
e 11 17 0
e 11 18 0
e 12 16 0
e 17 20 0
e 17 18 0
e 19 22 0
e 19 20 0
e 20 21 0
e 22 23 0
