t 40 47
v 0 12 1
v 1 0 1
v 2 32 2
v 3 7 2
v 4 7 2
v 5 0 2
v 6 0 3
v 7 0 2
v 8 12 2
v 9 45 1
v 10 12 3
v 11 36 5
v 12 0 5
v 13 4 2
v 14 2 1
v 15 3 2
v 16 12 2
v 17 2 3
v 18 0 2
v 19 36 2
v 20 36 3
v 21 20 4
v 22 2 4
v 23 2 2
v 24 0 2
v 25 19 2
v 26 3 3
v 27 14 2
v 28 0 2
v 29 0 2
v 30 0 6
v 31 3 2
v 32 2 1
v 33 0 2
v 34 2 2
v 35 40 2
v 36 2 2
v 37 4 2
v 38 4 3
v 39 39 1
e 0 10 0
e 1 20 0
e 2 3 0
e 2 10 0
e 3 4 0
e 4 12 0
e 5 33 0
e 5 24 0
e 6 12 0
e 6 28 0
e 6 30 0
e 7 26 0
e 7 18 0
e 8 9 0
e 8 13 0
e 10 37 0
e 11 30 0
e 11 12 0
e 11 23 0
e 11 28 0
e 11 17 0
e 12 21 0
e 12 22 0
e 13 29 0
e 14 15 0
e 15 16 0
e 16 35 0
e 17 21 0
e 17 31 0
e 18 31 0
e 19 20 0
e 19 23 0
e 20 25 0
e 21 30 0
e 21 25 0
e 22 36 0
e 22 35 0
e 22 38 0
e 24 30 0
e 26 27 0
e 26 30 0
e 27 34 0
e 29 30 0
e 32 33 0
e 34 36 0
e 37 38 0
e 38 39 0
