t 32 43
v 0 2 1
v 1 8 1
v 2 2 3
v 3 36 3
v 4 2 2
v 5 2 1
v 6 36 2
v 7 12 4
v 8 58 2
v 9 36 4
v 10 20 4
v 11 36 2
v 12 36 1
v 13 0 3
v 14 2 3
v 15 65 2
v 16 24 3
v 17 12 2
v 18 2 3
v 19 14 1
v 20 36 2
v 21 12 7
v 22 26 2
v 23 3 4
v 24 0 2
v 25 17 5
v 26 3 5
v 27 36 1
v 28 26 3
v 29 0 3
v 30 12 2
v 31 3 3
e 0 4 0
e 1 14 0
e 2 3 0
e 2 5 0
e 2 8 0
e 3 26 0
e 3 9 0
e 4 8 0
e 6 16 0
e 6 9 0
e 7 26 0
e 7 14 0
e 7 15 0
e 7 23 0
e 9 25 0
e 9 28 0
e 10 23 0
e 10 11 0
e 10 26 0
e 10 18 0
e 11 21 0
e 12 20 0
e 13 16 0
e 13 31 0
e 13 29 0
e 14 24 0
e 15 21 0
e 16 21 0
e 17 18 0
e 17 23 0
e 18 21 0
e 19 25 0
e 20 21 0
e 21 22 0
e 21 29 0
e 22 25 0
e 23 30 0
e 24 31 0
e 25 27 0
e 25 26 0
e 26 28 0
e 28 29 0
e 30 31 0
