t 40 55
v 0 2 2
v 1 36 3
v 2 12 1
v 3 1 1
v 4 36 1
v 5 2 3
v 6 17 1
v 7 1 3
v 8 2 2
v 9 2 3
v 10 2 3
v 11 13 6
v 12 36 8
v 13 36 2
v 14 23 2
v 15 36 2
v 16 2 2
v 17 0 3
v 18 2 5
v 19 3 3
v 20 11 4
v 21 2 4
v 22 36 6
v 23 2 3
v 24 2 5
v 25 2 3
v 26 36 1
v 27 0 1
v 28 36 2
v 29 3 3
v 30 36 2
v 31 14 1
v 32 2 6
v 33 12 2
v 34 4 2
v 35 2 2
v 36 3 2
v 37 2 2
v 38 2 2
v 39 2 1
e 0 22 0
e 0 11 0
e 1 12 0
e 1 11 0
e 1 28 0
e 2 17 0
e 3 12 0
e 4 12 0
e 5 12 0
e 5 23 0
e 5 20 0
e 6 7 0
e 7 8 0
e 7 23 0
e 8 9 0
e 9 22 0
e 9 25 0
e 10 25 0
e 10 14 0
e 10 36 0
e 11 23 0
e 11 19 0
e 11 22 0
e 11 12 0
e 12 24 0
e 12 20 0
e 12 32 0
e 13 15 0
e 13 30 0
e 14 25 0
e 15 26 0
e 16 38 0
e 16 39 0
e 17 27 0
e 17 22 0
e 18 21 0
e 18 31 0
e 18 24 0
e 18 32 0
e 18 35 0
e 19 37 0
e 19 38 0
e 20 24 0
e 20 37 0
e 21 24 0
e 21 30 0
e 21 32 0
e 22 28 0
e 22 29 0
e 24 32 0
e 29 34 0
e 29 36 0
e 32 35 0
e 32 33 0
e 33 34 0
