t 40 40
v 0 26 2
v 1 0 2
v 2 26 2
v 3 2 2
v 4 0 2
v 5 36 1
v 6 25 2
v 7 3 2
v 8 12 2
v 9 25 2
v 10 17 2
v 11 2 3
v 12 36 2
v 13 3 3
v 14 2 2
v 15 3 2
v 16 36 2
v 17 14 1
v 18 3 1
v 19 3 2
v 20 2 3
v 21 12 2
v 22 3 3
v 23 1 1
v 24 0 2
v 25 31 2
v 26 6 1
v 27 16 3
v 28 2 3
v 29 16 1
v 30 8 1
v 31 44 1
v 32 36 3
v 33 2 1
v 34 12 4
v 35 3 2
v 36 33 3
v 37 29 2
v 38 36 2
v 39 17 1
e 0 2 0
e 0 12 0
e 1 34 0
e 1 3 0
e 2 7 0
e 3 33 0
e 4 24 0
e 4 7 0
e 5 11 0
e 6 9 0
e 6 8 0
e 8 35 0
e 9 24 0
e 10 38 0
e 10 39 0
e 11 13 0
e 11 17 0
e 12 37 0
e 13 35 0
e 13 22 0
e 14 15 0
e 14 22 0
e 15 16 0
e 16 25 0
e 18 19 0
e 19 34 0
e 20 21 0
e 20 28 0
e 20 34 0
e 21 22 0
e 23 32 0
e 25 34 0
e 26 32 0
e 27 30 0
e 27 36 0
e 27 28 0
e 28 29 0
e 31 36 0
e 32 36 0
e 37 38 0
