t 40 53
v 0 36 2
v 1 36 4
v 2 30 2
v 3 0 3
v 4 0 2
v 5 24 3
v 6 3 4
v 7 12 2
v 8 0 2
v 9 36 2
v 10 0 4
v 11 2 2
v 12 2 3
v 13 7 1
v 14 36 3
v 15 0 1
v 16 0 4
v 17 0 1
v 18 0 2
v 19 0 3
v 20 0 2
v 21 40 3
v 22 0 3
v 23 26 3
v 24 2 3
v 25 36 6
v 26 2 4
v 27 12 1
v 28 0 7
v 29 0 3
v 30 36 1
v 31 3 1
v 32 0 6
v 33 36 3
v 34 3 1
v 35 0 2
v 36 2 2
v 37 16 2
v 38 36 2
v 39 6 1
e 0 1 0
e 0 14 0
e 1 5 0
e 1 23 0
e 1 33 0
e 2 3 0
e 2 18 0
e 3 8 0
e 3 15 0
e 4 8 0
e 4 7 0
e 5 28 0
e 5 32 0
e 6 16 0
e 6 26 0
e 6 32 0
e 6 38 0
e 7 25 0
e 9 33 0
e 9 14 0
e 10 22 0
e 10 16 0
e 10 29 0
e 10 35 0
e 11 14 0
e 11 25 0
e 12 20 0
e 12 17 0
e 12 30 0
e 13 26 0
e 16 29 0
e 16 39 0
e 18 28 0
e 19 21 0
e 19 31 0
e 19 32 0
e 20 29 0
e 21 24 0
e 21 36 0
e 22 32 0
e 22 35 0
e 23 37 0
e 23 28 0
e 24 26 0
e 24 28 0
e 25 32 0
e 25 28 0
e 25 26 0
e 25 27 0
e 28 36 0
e 28 33 0
e 32 34 0
e 37 38 0
