t 40 50
v 0 36 2
v 1 61 2
v 2 3 2
v 3 3 2
v 4 2 4
v 5 2 3
v 6 6 1
v 7 36 6
v 8 24 2
v 9 2 2
v 10 11 3
v 11 3 2
v 12 12 2
v 13 36 2
v 14 3 2
v 15 3 2
v 16 33 4
v 17 0 2
v 18 17 2
v 19 0 3
v 20 3 2
v 21 12 3
v 22 43 2
v 23 14 1
v 24 3 1
v 25 3 3
v 26 2 1
v 27 2 2
v 28 2 1
v 29 2 2
v 30 16 1
v 31 3 4
v 32 17 5
v 33 4 4
v 34 3 3
v 35 3 2
v 36 12 6
v 37 0 4
v 38 4 2
v 39 17 1
e 0 24 0
e 0 37 0
e 1 2 0
e 1 6 0
e 2 19 0
e 3 20 0
e 3 28 0
e 4 29 0
e 4 5 0
e 4 31 0
e 4 26 0
e 5 9 0
e 5 29 0
e 7 36 0
e 7 18 0
e 7 32 0
e 7 21 0
e 7 10 0
e 7 33 0
e 8 22 0
e 8 33 0
e 9 22 0
e 10 32 0
e 10 37 0
e 11 14 0
e 11 33 0
e 12 30 0
e 12 16 0
e 13 37 0
e 13 38 0
e 14 15 0
e 15 36 0
e 16 36 0
e 16 21 0
e 16 33 0
e 17 25 0
e 17 31 0
e 18 32 0
e 19 25 0
e 19 31 0
e 20 34 0
e 21 37 0
e 23 32 0
e 25 36 0
e 27 35 0
e 27 34 0
e 31 36 0
e 32 34 0
e 35 36 0
e 38 39 0
