t 32 32
v 0 40 2
v 1 0 2
v 2 3 2
v 3 16 2
v 4 0 2
v 5 3 2
v 6 14 2
v 7 2 2
v 8 68 3
v 9 2 3
v 10 24 2
v 11 3 2
v 12 4 2
v 13 2 2
v 14 3 1
v 15 7 2
v 16 2 1
v 17 33 2
v 18 0 4
v 19 12 1
v 20 17 2
v 21 3 2
v 22 2 3
v 23 3 1
v 24 14 1
v 25 2 2
v 26 26 1
v 27 2 3
v 28 2 2
v 29 0 3
v 30 0 2
v 31 8 1
e 0 5 0
e 0 2 0
e 1 3 0
e 1 5 0
e 2 8 0
e 3 6 0
e 4 26 0
e 4 21 0
e 6 23 0
e 7 13 0
e 7 27 0
e 8 9 0
e 8 19 0
e 9 18 0
e 9 20 0
e 10 17 0
e 10 18 0
e 11 17 0
e 11 18 0
e 12 29 0
e 12 22 0
e 13 28 0
e 14 15 0
e 15 20 0
e 16 25 0
e 18 22 0
e 21 27 0
e 22 25 0
e 24 27 0
e 28 29 0
e 29 30 0
e 30 31 0
