t 32 32
v 0 36 2
v 1 3 2
v 2 27 3
v 3 39 2
v 4 0 2
v 5 36 1
v 6 6 2
v 7 3 3
v 8 17 4
v 9 36 3
v 10 36 1
v 11 11 2
v 12 4 3
v 13 3 2
v 14 27 2
v 15 2 1
v 16 0 2
v 17 17 1
v 18 3 2
v 19 14 1
v 20 36 1
v 21 36 2
v 22 2 3
v 23 2 1
v 24 36 3
v 25 0 2
v 26 2 2
v 27 2 2
v 28 2 2
v 29 2 1
v 30 2 1
v 31 2 3
e 0 24 0
e 0 12 0
e 1 17 0
e 1 31 0
e 2 6 0
e 2 12 0
e 2 22 0
e 3 4 0
e 3 5 0
e 4 14 0
e 6 14 0
e 7 27 0
e 7 30 0
e 7 31 0
e 8 10 0
e 8 9 0
e 8 11 0
e 8 21 0
e 9 20 0
e 9 31 0
e 11 24 0
e 12 19 0
e 13 29 0
e 13 28 0
e 15 25 0
e 16 22 0
e 16 26 0
e 18 24 0
e 18 25 0
e 21 23 0
e 22 28 0
e 26 27 0
