t 32 35
v 0 12 2
v 1 36 2
v 2 11 3
v 3 2 2
v 4 36 2
v 5 2 2
v 6 2 2
v 7 3 2
v 8 4 3
v 9 2 2
v 10 2 2
v 11 36 2
v 12 2 2
v 13 2 2
v 14 2 2
v 15 17 3
v 16 36 2
v 17 2 2
v 18 7 3
v 19 2 2
v 20 22 1
v 21 2 2
v 22 2 2
v 23 2 2
v 24 3 2
v 25 2 3
v 26 7 4
v 27 2 2
v 28 2 2
v 29 2 2
v 30 0 1
v 31 0 3
e 0 21 0
e 0 2 0
e 1 2 0
e 1 4 0
e 2 18 0
e 3 15 0
e 3 6 0
e 4 11 0
e 5 9 0
e 5 18 0
e 6 10 0
e 7 23 0
e 7 24 0
e 8 25 0
e 8 12 0
e 8 26 0
e 9 10 0
e 11 18 0
e 12 29 0
e 13 19 0
e 13 16 0
e 14 22 0
e 14 23 0
e 15 19 0
e 15 20 0
e 16 31 0
e 17 27 0
e 17 28 0
e 21 22 0
e 24 25 0
e 25 26 0
e 26 28 0
e 26 31 0
e 27 29 0
e 30 31 0
