t 32 32
v 0 4 2
v 1 4 2
v 2 0 1
v 3 12 3
v 4 2 1
v 5 2 2
v 6 4 1
v 7 4 2
v 8 14 2
v 9 2 2
v 10 26 3
v 11 24 1
v 12 2 3
v 13 3 2
v 14 36 3
v 15 6 3
v 16 36 1
v 17 2 2
v 18 0 2
v 19 3 5
v 20 0 1
v 21 2 1
v 22 6 1
v 23 12 1
v 24 36 2
v 25 2 3
v 26 0 2
v 27 3 1
v 28 0 4
v 29 36 2
v 30 0 2
v 31 2 1
e 0 1 0
e 0 12 0
e 1 3 0
e 2 19 0
e 3 17 0
e 3 5 0
e 4 12 0
e 5 7 0
e 6 10 0
e 7 9 0
e 8 12 0
e 8 22 0
e 9 19 0
e 10 14 0
e 10 24 0
e 11 13 0
e 13 14 0
e 14 15 0
e 15 19 0
e 15 23 0
e 16 28 0
e 17 21 0
e 18 20 0
e 18 28 0
e 19 28 0
e 19 25 0
e 24 25 0
e 25 26 0
e 26 27 0
e 28 29 0
e 29 30 0
e 30 31 0
