t 40 40
v 0 36 2
v 1 40 2
v 2 36 2
v 3 7 2
v 4 3 5
v 5 4 2
v 6 2 2
v 7 3 2
v 8 2 1
v 9 2 2
v 10 17 3
v 11 2 1
v 12 3 4
v 13 14 1
v 14 12 2
v 15 2 2
v 16 16 1
v 17 36 2
v 18 2 2
v 19 3 3
v 20 3 2
v 21 2 1
v 22 12 5
v 23 2 2
v 24 26 1
v 25 2 3
v 26 3 1
v 27 36 3
v 28 22 1
v 29 16 2
v 30 3 3
v 31 16 2
v 32 36 1
v 33 3 1
v 34 12 2
v 35 3 1
v 36 3 1
v 37 22 1
v 38 3 3
v 39 36 1
e 0 16 0
e 0 12 0
e 1 2 0
e 1 9 0
e 2 22 0
e 3 18 0
e 3 22 0
e 4 19 0
e 4 12 0
e 4 26 0
e 4 21 0
e 4 38 0
e 5 12 0
e 5 36 0
e 6 8 0
e 6 10 0
e 7 20 0
e 7 38 0
e 9 14 0
e 10 28 0
e 10 23 0
e 11 15 0
e 12 37 0
e 13 31 0
e 14 31 0
e 15 20 0
e 17 27 0
e 17 24 0
e 18 23 0
e 19 22 0
e 19 25 0
e 22 30 0
e 22 27 0
e 25 27 0
e 25 29 0
e 29 32 0
e 30 33 0
e 30 34 0
e 34 35 0
e 38 39 0
