t 40 47
v 0 0 5
v 1 2 3
v 2 36 2
v 3 0 3
v 4 0 2
v 5 2 2
v 6 2 2
v 7 2 1
v 8 2 3
v 9 2 2
v 10 36 2
v 11 6 4
v 12 0 2
v 13 17 1
v 14 36 2
v 15 14 1
v 16 36 3
v 17 36 3
v 18 36 2
v 19 36 2
v 20 0 2
v 21 45 4
v 22 20 3
v 23 19 1
v 24 36 2
v 25 12 5
v 26 36 3
v 27 16 2
v 28 0 3
v 29 4 1
v 30 3 4
v 31 36 2
v 32 2 3
v 33 36 4
v 34 0 1
v 35 8 2
v 36 2 2
v 37 19 1
v 38 22 1
v 39 36 1
e 0 11 0
e 0 26 0
e 0 17 0
e 0 8 0
e 0 1 0
e 1 33 0
e 1 3 0
e 2 18 0
e 2 39 0
e 3 10 0
e 3 20 0
e 4 7 0
e 4 20 0
e 5 8 0
e 5 32 0
e 6 11 0
e 6 27 0
e 8 16 0
e 9 14 0
e 9 19 0
e 10 29 0
e 11 16 0
e 11 25 0
e 12 13 0
e 12 25 0
e 14 31 0
e 15 21 0
e 16 30 0
e 17 33 0
e 17 34 0
e 18 31 0
e 19 33 0
e 21 24 0
e 21 37 0
e 21 38 0
e 22 28 0
e 22 25 0
e 22 23 0
e 24 32 0
e 25 30 0
e 25 32 0
e 26 28 0
e 26 36 0
e 27 35 0
e 28 30 0
e 30 35 0
e 33 36 0
