t 40 42
v 0 8 2
v 1 0 2
v 2 0 2
v 3 2 2
v 4 2 2
v 5 2 2
v 6 0 1
v 7 0 2
v 8 14 2
v 9 36 2
v 10 3 3
v 11 0 3
v 12 2 3
v 13 36 3
v 14 2 2
v 15 2 2
v 16 0 1
v 17 8 1
v 18 16 2
v 19 26 2
v 20 39 2
v 21 39 4
v 22 0 2
v 23 0 2
v 24 18 2
v 25 36 4
v 26 3 2
v 27 0 3
v 28 3 2
v 29 0 1
v 30 0 2
v 31 0 2
v 32 31 2
v 33 36 2
v 34 39 2
v 35 36 2
v 36 36 3
v 37 24 2
v 38 3 1
v 39 2 1
e 0 14 0
e 0 1 0
e 1 3 0
e 2 29 0
e 2 4 0
e 3 4 0
e 5 26 0
e 5 8 0
e 6 11 0
e 7 10 0
e 7 18 0
e 8 18 0
e 9 35 0
e 9 24 0
e 10 11 0
e 10 39 0
e 11 30 0
e 12 15 0
e 12 14 0
e 12 27 0
e 13 21 0
e 13 31 0
e 13 34 0
e 15 28 0
e 16 26 0
e 17 21 0
e 19 33 0
e 19 25 0
e 20 21 0
e 20 25 0
e 21 34 0
e 22 25 0
e 22 24 0
e 23 35 0
e 23 30 0
e 25 36 0
e 27 31 0
e 27 32 0
e 28 36 0
e 32 33 0
e 36 37 0
e 37 38 0
