t 40 40
v 0 36 1
v 1 12 4
v 2 0 2
v 3 0 2
v 4 22 1
v 5 17 2
v 6 2 2
v 7 44 3
v 8 2 2
v 9 2 1
v 10 16 1
v 11 2 3
v 12 3 1
v 13 0 1
v 14 0 2
v 15 0 4
v 16 36 2
v 17 16 1
v 18 2 1
v 19 16 3
v 20 2 2
v 21 36 6
v 22 3 1
v 23 17 3
v 24 36 2
v 25 44 1
v 26 0 2
v 27 17 2
v 28 36 2
v 29 2 1
v 30 17 2
v 31 2 2
v 32 4 2
v 33 57 1
v 34 2 1
v 35 12 2
v 36 3 4
v 37 0 2
v 38 2 2
v 39 0 1
e 0 19 0
e 1 16 0
e 1 22 0
e 1 29 0
e 1 36 0
e 2 37 0
e 2 19 0
e 3 5 0
e 3 37 0
e 4 32 0
e 5 6 0
e 6 31 0
e 7 38 0
e 7 35 0
e 7 19 0
e 8 31 0
e 8 11 0
e 9 11 0
e 10 38 0
e 11 36 0
e 12 28 0
e 13 16 0
e 14 28 0
e 14 15 0
e 15 17 0
e 15 21 0
e 15 36 0
e 18 21 0
e 20 23 0
e 20 33 0
e 21 25 0
e 21 26 0
e 21 23 0
e 21 24 0
e 23 24 0
e 26 27 0
e 27 30 0
e 30 32 0
e 34 36 0
e 35 39 0
