t 40 43
v 0 36 4
v 1 26 2
v 2 3 2
v 3 36 2
v 4 3 2
v 5 3 2
v 6 16 1
v 7 2 4
v 8 26 3
v 9 36 2
v 10 12 2
v 11 36 2
v 12 17 2
v 13 12 5
v 14 3 1
v 15 3 2
v 16 6 1
v 17 0 2
v 18 36 3
v 19 36 1
v 20 0 2
v 21 4 1
v 22 27 2
v 23 16 1
v 24 2 3
v 25 2 2
v 26 2 2
v 27 36 2
v 28 36 3
v 29 3 1
v 30 0 3
v 31 2 2
v 32 39 2
v 33 2 1
v 34 2 4
v 35 2 2
v 36 2 2
v 37 2 2
v 38 2 2
v 39 2 2
e 0 13 0
e 0 7 0
e 0 8 0
e 0 38 0
e 1 13 0
e 1 11 0
e 2 13 0
e 2 4 0
e 3 7 0
e 3 27 0
e 4 11 0
e 5 17 0
e 5 21 0
e 6 9 0
e 7 17 0
e 7 34 0
e 8 24 0
e 8 27 0
e 9 24 0
e 10 12 0
e 10 35 0
e 12 18 0
e 13 20 0
e 13 34 0
e 14 15 0
e 15 18 0
e 16 22 0
e 18 19 0
e 20 37 0
e 22 30 0
e 23 28 0
e 24 35 0
e 25 28 0
e 25 36 0
e 26 33 0
e 26 39 0
e 28 29 0
e 30 32 0
e 30 34 0
e 31 32 0
e 31 36 0
e 34 37 0
e 38 39 0
