t 32 32
v 0 8 1
v 1 0 4
v 2 0 2
v 3 7 2
v 4 16 2
v 5 36 3
v 6 12 4
v 7 2 1
v 8 3 2
v 9 0 1
v 10 36 1
v 11 2 1
v 12 3 2
v 13 2 2
v 14 19 2
v 15 20 3
v 16 12 4
v 17 0 2
v 18 36 2
v 19 36 3
v 20 2 1
v 21 2 2
v 22 2 1
v 23 0 3
v 24 0 1
v 25 0 1
v 26 4 2
v 27 2 2
v 28 2 3
v 29 0 1
v 30 3 1
v 31 0 2
e 0 2 0
e 1 4 0
e 1 3 0
e 1 5 0
e 1 15 0
e 2 3 0
e 4 6 0
e 5 7 0
e 5 20 0
e 6 12 0
e 6 15 0
e 6 26 0
e 8 12 0
e 8 16 0
e 9 19 0
e 10 19 0
e 11 16 0
e 13 16 0
e 13 21 0
e 14 15 0
e 14 19 0
e 16 17 0
e 17 23 0
e 18 28 0
e 18 31 0
e 21 22 0
e 23 24 0
e 23 25 0
e 26 27 0
e 27 28 0
e 28 30 0
e 29 31 0
