t 32 35
v 0 3 2
v 1 36 1
v 2 12 7
v 3 3 2
v 4 0 3
v 5 20 4
v 6 4 2
v 7 3 2
v 8 59 2
v 9 3 1
v 10 36 3
v 11 36 2
v 12 36 1
v 13 3 2
v 14 3 2
v 15 31 1
v 16 3 1
v 17 3 1
v 18 36 4
v 19 33 3
v 20 8 2
v 21 0 3
v 22 22 2
v 23 0 3
v 24 3 2
v 25 2 1
v 26 7 3
v 27 36 2
v 28 12 1
v 29 3 2
v 30 3 2
v 31 0 1
e 0 6 0
e 0 13 0
e 1 26 0
e 2 10 0
e 2 19 0
e 2 5 0
e 2 13 0
e 2 14 0
e 2 21 0
e 2 23 0
e 3 22 0
e 3 30 0
e 4 5 0
e 4 15 0
e 4 21 0
e 5 18 0
e 5 8 0
e 6 9 0
e 7 25 0
e 7 30 0
e 8 10 0
e 10 11 0
e 11 12 0
e 14 31 0
e 16 20 0
e 17 26 0
e 18 19 0
e 18 23 0
e 18 27 0
e 19 29 0
e 20 21 0
e 22 24 0
e 23 26 0
e 24 29 0
e 27 28 0
