t 32 55
v 0 36 4
v 1 12 4
v 2 5 2
v 3 0 7
v 4 36 4
v 5 2 6
v 6 0 1
v 7 16 3
v 8 36 3
v 9 12 5
v 10 36 2
v 11 36 2
v 12 16 4
v 13 12 4
v 14 12 3
v 15 0 7
v 16 12 2
v 17 36 3
v 18 0 3
v 19 3 3
v 20 3 3
v 21 2 5
v 22 2 1
v 23 36 4
v 24 2 2
v 25 0 5
v 26 3 3
v 27 3 4
v 28 3 1
v 29 16 2
v 30 2 7
v 31 17 1
e 0 2 0
e 0 9 0
e 0 22 0
e 0 24 0
e 1 7 0
e 1 4 0
e 1 12 0
e 1 30 0
e 2 14 0
e 3 17 0
e 3 11 0
e 3 25 0
e 3 16 0
e 3 27 0
e 3 9 0
e 3 21 0
e 4 25 0
e 4 9 0
e 4 21 0
e 5 8 0
e 5 15 0
e 5 14 0
e 5 19 0
e 5 23 0
e 5 30 0
e 6 8 0
e 7 12 0
e 7 13 0
e 8 10 0
e 9 12 0
e 9 19 0
e 10 11 0
e 12 21 0
e 13 30 0
e 13 26 0
e 13 15 0
e 14 21 0
e 15 25 0
e 15 16 0
e 15 21 0
e 15 27 0
e 15 30 0
e 17 18 0
e 17 23 0
e 18 28 0
e 18 29 0
e 19 20 0
e 20 26 0
e 20 23 0
e 23 27 0
e 24 25 0
e 25 30 0
e 26 27 0
e 29 30 0
e 30 31 0
