t 32 34
v 0 28 2
v 1 36 1
v 2 36 3
v 3 28 2
v 4 2 2
v 5 2 1
v 6 36 3
v 7 36 2
v 8 36 3
v 9 3 1
v 10 17 1
v 11 0 3
v 12 2 1
v 13 2 1
v 14 36 2
v 15 3 1
v 16 12 2
v 17 3 4
v 18 28 1
v 19 0 1
v 20 28 2
v 21 38 3
v 22 2 3
v 23 40 4
v 24 3 2
v 25 0 2
v 26 12 2
v 27 0 3
v 28 2 2
v 29 0 3
v 30 2 2
v 31 2 3
e 0 3 0
e 0 20 0
e 1 2 0
e 2 17 0
e 2 23 0
e 3 6 0
e 4 5 0
e 4 17 0
e 6 24 0
e 6 10 0
e 7 11 0
e 7 8 0
e 8 14 0
e 8 23 0
e 9 11 0
e 11 26 0
e 12 29 0
e 13 30 0
e 14 22 0
e 15 21 0
e 16 19 0
e 16 31 0
e 17 28 0
e 17 21 0
e 18 20 0
e 21 28 0
e 22 25 0
e 22 23 0
e 23 27 0
e 24 26 0
e 25 27 0
e 27 29 0
e 29 31 0
e 30 31 0
