t 32 34
v 0 24 4
v 1 4 6
v 2 25 1
v 3 20 1
v 4 2 1
v 5 16 3
v 6 59 1
v 7 39 3
v 8 12 3
v 9 27 1
v 10 0 4
v 11 2 2
v 12 16 3
v 13 7 2
v 14 3 2
v 15 2 2
v 16 3 3
v 17 7 1
v 18 2 2
v 19 20 2
v 20 3 2
v 21 25 1
v 22 18 3
v 23 2 2
v 24 14 1
v 25 0 3
v 26 24 1
v 27 2 1
v 28 12 1
v 29 0 2
v 30 3 3
v 31 2 1
e 0 2 0
e 0 10 0
e 0 14 0
e 0 25 0
e 1 7 0
e 1 4 0
e 1 8 0
e 1 17 0
e 1 10 0
e 1 18 0
e 3 13 0
e 5 12 0
e 5 29 0
e 5 30 0
e 6 16 0
e 7 16 0
e 7 19 0
e 8 9 0
e 8 22 0
e 10 12 0
e 10 22 0
e 11 18 0
e 11 19 0
e 12 15 0
e 13 14 0
e 15 31 0
e 16 30 0
e 20 29 0
e 20 28 0
e 21 22 0
e 23 25 0
e 23 26 0
e 24 30 0
e 25 27 0
