t 40 58
v 0 2 2
v 1 38 1
v 2 24 5
v 3 12 2
v 4 2 2
v 5 0 4
v 6 2 1
v 7 2 4
v 8 57 4
v 9 7 2
v 10 2 3
v 11 36 3
v 12 0 2
v 13 0 3
v 14 2 3
v 15 36 4
v 16 3 5
v 17 0 1
v 18 36 3
v 19 36 3
v 20 36 2
v 21 20 4
v 22 0 2
v 23 2 4
v 24 2 1
v 25 19 2
v 26 36 4
v 27 36 3
v 28 0 6
v 29 13 6
v 30 10 1
v 31 2 3
v 32 0 6
v 33 36 3
v 34 3 4
v 35 24 1
v 36 36 1
v 37 7 1
v 38 2 3
v 39 36 2
e 0 23 0
e 0 31 0
e 1 2 0
e 2 28 0
e 2 3 0
e 2 4 0
e 2 32 0
e 3 34 0
e 4 31 0
e 5 34 0
e 5 16 0
e 5 21 0
e 5 27 0
e 6 10 0
e 7 10 0
e 7 39 0
e 7 8 0
e 7 23 0
e 8 23 0
e 8 9 0
e 8 38 0
e 9 29 0
e 10 15 0
e 11 13 0
e 11 21 0
e 11 27 0
e 12 16 0
e 12 22 0
e 13 19 0
e 13 28 0
e 14 36 0
e 14 35 0
e 14 18 0
e 15 20 0
e 15 16 0
e 15 29 0
e 16 24 0
e 16 33 0
e 17 19 0
e 18 28 0
e 18 29 0
e 19 25 0
e 20 33 0
e 21 32 0
e 21 25 0
e 22 29 0
e 23 29 0
e 26 33 0
e 26 28 0
e 26 29 0
e 26 32 0
e 27 32 0
e 28 30 0
e 28 34 0
e 31 32 0
e 32 34 0
e 37 38 0
e 38 39 0
