t 32 32
v 0 17 3
v 1 44 3
v 2 19 1
v 3 20 2
v 4 3 4
v 5 3 1
v 6 4 2
v 7 2 1
v 8 2 3
v 9 2 2
v 10 18 2
v 11 54 1
v 12 36 3
v 13 40 2
v 14 22 3
v 15 2 2
v 16 19 2
v 17 26 3
v 18 36 2
v 19 6 1
v 20 2 2
v 21 0 2
v 22 2 2
v 23 22 1
v 24 6 3
v 25 19 2
v 26 12 2
v 27 3 1
v 28 3 1
v 29 3 2
v 30 0 2
v 31 2 1
e 0 2 0
e 0 12 0
e 0 21 0
e 1 7 0
e 1 16 0
e 1 17 0
e 3 8 0
e 3 18 0
e 4 12 0
e 4 5 0
e 4 10 0
e 4 18 0
e 6 13 0
e 6 10 0
e 8 28 0
e 8 29 0
e 9 13 0
e 9 15 0
e 11 25 0
e 12 27 0
e 14 22 0
e 14 23 0
e 14 24 0
e 15 20 0
e 16 17 0
e 17 20 0
e 19 26 0
e 21 22 0
e 24 25 0
e 24 26 0
e 29 30 0
e 30 31 0
