t 32 38
v 0 0 4
v 1 0 1
v 2 36 2
v 3 2 1
v 4 2 2
v 5 0 1
v 6 2 2
v 7 2 5
v 8 2 3
v 9 3 1
v 10 0 3
v 11 3 1
v 12 2 1
v 13 0 1
v 14 2 1
v 15 69 1
v 16 36 1
v 17 3 5
v 18 0 3
v 19 3 2
v 20 0 3
v 21 36 2
v 22 4 5
v 23 25 1
v 24 24 2
v 25 3 2
v 26 4 2
v 27 2 6
v 28 24 1
v 29 3 4
v 30 3 5
v 31 0 2
e 0 21 0
e 0 5 0
e 0 13 0
e 0 8 0
e 1 10 0
e 2 3 0
e 2 8 0
e 4 7 0
e 4 9 0
e 6 14 0
e 6 7 0
e 7 20 0
e 7 25 0
e 7 30 0
e 8 12 0
e 10 22 0
e 10 29 0
e 11 17 0
e 15 27 0
e 16 27 0
e 17 27 0
e 17 18 0
e 17 22 0
e 17 30 0
e 18 19 0
e 18 31 0
e 19 20 0
e 20 22 0
e 21 22 0
e 22 30 0
e 23 24 0
e 24 26 0
e 25 31 0
e 26 29 0
e 27 28 0
e 27 29 0
e 27 30 0
e 29 30 0
