t 24 33
v 0 4 4
v 1 36 2
v 2 7 3
v 3 2 2
v 4 4 3
v 5 3 3
v 6 0 3
v 7 0 2
v 8 36 3
v 9 3 2
v 10 2 2
v 11 36 2
v 12 6 3
v 13 2 3
v 14 0 2
v 15 3 5
v 16 36 2
v 17 12 2
v 18 2 3
v 19 2 5
v 20 16 2
v 21 3 4
v 22 12 2
v 23 0 2
e 0 3 0
e 0 2 0
e 0 4 0
e 0 15 0
e 1 12 0
e 1 10 0
e 2 6 0
e 2 4 0
e 3 18 0
e 4 11 0
e 5 16 0
e 5 19 0
e 5 17 0
e 6 11 0
e 6 14 0
e 7 10 0
e 7 14 0
e 8 9 0
e 8 20 0
e 8 21 0
e 9 21 0
e 12 17 0
e 12 19 0
e 13 16 0
e 13 19 0
e 13 15 0
e 15 18 0
e 15 21 0
e 15 23 0
e 18 19 0
e 19 20 0
e 21 22 0
e 22 23 0
