t 32 37
v 0 36 2
v 1 0 4
v 2 17 3
v 3 3 2
v 4 2 2
v 5 3 2
v 6 3 2
v 7 2 3
v 8 2 2
v 9 36 2
v 10 0 1
v 11 0 4
v 12 36 2
v 13 2 2
v 14 11 3
v 15 17 2
v 16 7 2
v 17 0 3
v 18 36 1
v 19 17 4
v 20 14 1
v 21 11 2
v 22 36 3
v 23 2 2
v 24 28 2
v 25 16 5
v 26 3 2
v 27 36 2
v 28 18 2
v 29 36 1
v 30 44 2
v 31 36 2
e 0 10 0
e 0 16 0
e 1 2 0
e 1 13 0
e 1 15 0
e 1 19 0
e 2 22 0
e 2 15 0
e 3 17 0
e 3 24 0
e 4 6 0
e 4 16 0
e 5 23 0
e 5 25 0
e 6 8 0
e 7 8 0
e 7 13 0
e 7 25 0
e 9 30 0
e 9 31 0
e 11 29 0
e 11 27 0
e 11 14 0
e 11 28 0
e 12 31 0
e 12 18 0
e 14 19 0
e 14 21 0
e 17 25 0
e 17 23 0
e 19 20 0
e 19 22 0
e 21 22 0
e 24 25 0
e 25 26 0
e 26 27 0
e 28 30 0
