t 32 42
v 0 0 2
v 1 2 2
v 2 36 2
v 3 3 2
v 4 36 3
v 5 8 1
v 6 0 3
v 7 3 4
v 8 0 3
v 9 0 5
v 10 16 2
v 11 36 2
v 12 0 2
v 13 0 2
v 14 17 2
v 15 3 6
v 16 3 3
v 17 7 2
v 18 40 3
v 19 0 2
v 20 3 3
v 21 54 1
v 22 2 1
v 23 3 2
v 24 2 3
v 25 2 3
v 26 54 3
v 27 2 2
v 28 2 4
v 29 2 4
v 30 3 3
v 31 2 2
e 0 4 0
e 0 20 0
e 1 26 0
e 1 24 0
e 2 15 0
e 2 27 0
e 3 17 0
e 3 18 0
e 4 16 0
e 4 28 0
e 5 26 0
e 6 8 0
e 6 13 0
e 6 19 0
e 7 29 0
e 7 8 0
e 7 16 0
e 7 28 0
e 8 15 0
e 9 15 0
e 9 28 0
e 9 29 0
e 9 16 0
e 9 27 0
e 10 14 0
e 10 18 0
e 11 12 0
e 11 14 0
e 12 22 0
e 13 19 0
e 15 29 0
e 15 20 0
e 15 28 0
e 17 25 0
e 18 24 0
e 20 23 0
e 21 26 0
e 23 24 0
e 25 30 0
e 25 31 0
e 29 30 0
e 30 31 0
