t 40 43
v 0 6 1
v 1 6 1
v 2 14 1
v 3 3 1
v 4 2 3
v 5 2 1
v 6 2 2
v 7 22 1
v 8 3 2
v 9 12 1
v 10 3 2
v 11 12 1
v 12 2 2
v 13 36 5
v 14 35 2
v 15 2 2
v 16 16 3
v 17 26 4
v 18 0 2
v 19 6 2
v 20 0 1
v 21 16 5
v 22 0 1
v 23 36 3
v 24 3 2
v 25 36 2
v 26 36 3
v 27 18 2
v 28 4 2
v 29 2 1
v 30 0 6
v 31 36 4
v 32 2 2
v 33 14 2
v 34 2 2
v 35 2 2
v 36 3 2
v 37 2 2
v 38 3 2
v 39 12 1
e 0 31 0
e 1 19 0
e 2 4 0
e 3 21 0
e 4 6 0
e 4 5 0
e 6 12 0
e 7 24 0
e 8 12 0
e 8 13 0
e 9 16 0
e 10 16 0
e 10 34 0
e 11 13 0
e 13 25 0
e 13 21 0
e 13 30 0
e 14 25 0
e 14 18 0
e 15 18 0
e 15 33 0
e 16 33 0
e 17 26 0
e 17 21 0
e 17 23 0
e 17 30 0
e 19 31 0
e 20 23 0
e 21 26 0
e 21 28 0
e 22 30 0
e 23 36 0
e 24 26 0
e 27 32 0
e 27 30 0
e 28 29 0
e 30 31 0
e 30 36 0
e 31 37 0
e 32 34 0
e 35 37 0
e 35 38 0
e 38 39 0
