t 40 56
v 0 2 1
v 1 2 2
v 2 36 2
v 3 36 5
v 4 36 3
v 5 12 4
v 6 0 2
v 7 3 2
v 8 18 4
v 9 12 5
v 10 36 3
v 11 47 2
v 12 0 2
v 13 17 2
v 14 3 3
v 15 2 2
v 16 36 3
v 17 2 2
v 18 27 2
v 19 16 6
v 20 2 2
v 21 2 3
v 22 3 3
v 23 12 3
v 24 0 6
v 25 36 2
v 26 1 2
v 27 36 3
v 28 2 3
v 29 4 3
v 30 7 1
v 31 3 5
v 32 2 4
v 33 2 1
v 34 2 1
v 35 0 4
v 36 2 2
v 37 36 2
v 38 2 3
v 39 36 2
e 0 32 0
e 1 30 0
e 1 10 0
e 2 9 0
e 2 23 0
e 3 10 0
e 3 4 0
e 3 24 0
e 3 25 0
e 3 27 0
e 4 37 0
e 4 32 0
e 5 6 0
e 5 21 0
e 5 24 0
e 5 28 0
e 6 7 0
e 7 18 0
e 8 17 0
e 8 21 0
e 8 23 0
e 8 35 0
e 9 16 0
e 9 24 0
e 9 11 0
e 9 22 0
e 10 31 0
e 11 12 0
e 12 16 0
e 13 19 0
e 13 23 0
e 14 22 0
e 14 24 0
e 14 28 0
e 15 32 0
e 15 38 0
e 16 26 0
e 17 31 0
e 18 19 0
e 19 27 0
e 19 29 0
e 19 31 0
e 19 22 0
e 20 25 0
e 20 26 0
e 21 27 0
e 24 36 0
e 24 37 0
e 28 35 0
e 29 35 0
e 29 33 0
e 31 35 0
e 31 36 0
e 32 38 0
e 34 39 0
e 38 39 0
