t 40 50
v 0 36 1
v 1 12 2
v 2 2 3
v 3 2 3
v 4 2 8
v 5 3 2
v 6 12 3
v 7 2 2
v 8 24 2
v 9 25 2
v 10 4 4
v 11 36 1
v 12 2 2
v 13 14 1
v 14 2 3
v 15 24 3
v 16 2 3
v 17 36 2
v 18 2 2
v 19 3 1
v 20 17 2
v 21 2 3
v 22 2 4
v 23 17 2
v 24 36 2
v 25 3 2
v 26 36 3
v 27 2 3
v 28 33 1
v 29 14 2
v 30 2 2
v 31 3 2
v 32 3 2
v 33 16 2
v 34 31 1
v 35 2 5
v 36 0 4
v 37 12 5
v 38 12 2
v 39 0 1
e 0 2 0
e 1 31 0
e 1 35 0
e 2 3 0
e 2 11 0
e 3 4 0
e 3 22 0
e 4 27 0
e 4 35 0
e 4 22 0
e 4 6 0
e 4 14 0
e 4 36 0
e 4 37 0
e 5 23 0
e 5 31 0
e 6 24 0
e 6 10 0
e 7 29 0
e 7 20 0
e 8 9 0
e 8 24 0
e 9 10 0
e 10 12 0
e 10 36 0
e 12 17 0
e 13 16 0
e 14 35 0
e 14 21 0
e 15 36 0
e 15 37 0
e 15 27 0
e 16 18 0
e 16 34 0
e 17 30 0
e 18 20 0
e 19 30 0
e 21 35 0
e 21 22 0
e 22 35 0
e 23 28 0
e 25 32 0
e 25 26 0
e 26 37 0
e 26 27 0
e 29 36 0
e 32 37 0
e 33 37 0
e 33 38 0
e 38 39 0
