t 32 37
v 0 2 4
v 1 12 2
v 2 36 2
v 3 32 2
v 4 7 1
v 5 36 3
v 6 3 2
v 7 2 2
v 8 0 1
v 9 40 2
v 10 33 2
v 11 4 1
v 12 39 2
v 13 3 3
v 14 3 2
v 15 2 2
v 16 0 5
v 17 5 2
v 18 2 3
v 19 4 2
v 20 22 1
v 21 0 6
v 22 2 2
v 23 12 2
v 24 0 1
v 25 7 3
v 26 36 2
v 27 16 1
v 28 36 2
v 29 2 4
v 30 7 2
v 31 36 3
e 0 1 0
e 0 9 0
e 0 29 0
e 0 16 0
e 1 2 0
e 2 6 0
e 3 4 0
e 3 6 0
e 5 26 0
e 5 24 0
e 5 21 0
e 7 16 0
e 7 22 0
e 8 18 0
e 9 18 0
e 10 13 0
e 10 23 0
e 11 26 0
e 12 17 0
e 12 31 0
e 13 19 0
e 13 14 0
e 14 16 0
e 15 20 0
e 15 22 0
e 16 27 0
e 16 31 0
e 17 25 0
e 18 23 0
e 19 21 0
e 21 28 0
e 21 31 0
e 21 29 0
e 21 25 0
e 25 30 0
e 28 29 0
e 29 30 0
