t 40 64
v 0 2 4
v 1 2 8
v 2 2 6
v 3 12 3
v 4 2 2
v 5 0 6
v 6 36 1
v 7 0 2
v 8 14 2
v 9 2 1
v 10 2 3
v 11 2 2
v 12 2 2
v 13 16 2
v 14 14 1
v 15 3 1
v 16 12 4
v 17 4 3
v 18 36 6
v 19 0 5
v 20 36 2
v 21 3 4
v 22 2 5
v 23 24 2
v 24 3 3
v 25 3 6
v 26 5 4
v 27 0 2
v 28 3 4
v 29 2 4
v 30 12 1
v 31 8 2
v 32 41 1
v 33 36 2
v 34 12 2
v 35 33 4
v 36 0 6
v 37 2 4
v 38 2 3
v 39 7 3
e 0 1 0
e 0 22 0
e 0 29 0
e 0 37 0
e 1 26 0
e 1 8 0
e 1 5 0
e 1 36 0
e 1 37 0
e 1 10 0
e 1 25 0
e 2 5 0
e 2 36 0
e 2 29 0
e 2 6 0
e 2 3 0
e 2 30 0
e 3 28 0
e 3 23 0
e 4 9 0
e 4 23 0
e 5 20 0
e 5 33 0
e 5 19 0
e 5 18 0
e 7 8 0
e 7 34 0
e 10 24 0
e 10 11 0
e 11 12 0
e 12 13 0
e 13 19 0
e 14 35 0
e 15 19 0
e 16 17 0
e 16 18 0
e 16 19 0
e 16 24 0
e 17 20 0
e 17 31 0
e 18 35 0
e 18 36 0
e 18 25 0
e 18 34 0
e 19 25 0
e 21 36 0
e 21 27 0
e 21 25 0
e 21 26 0
e 22 29 0
e 22 37 0
e 22 38 0
e 22 39 0
e 24 25 0
e 25 33 0
e 26 39 0
e 26 28 0
e 27 31 0
e 28 35 0
e 28 36 0
e 29 38 0
e 32 35 0
e 36 39 0
e 37 38 0
