t 40 61
v 0 2 3
v 1 36 2
v 2 2 6
v 3 2 2
v 4 2 4
v 5 2 7
v 6 65 2
v 7 3 2
v 8 3 1
v 9 36 2
v 10 2 5
v 11 0 3
v 12 12 10
v 13 0 2
v 14 2 2
v 15 2 2
v 16 12 5
v 17 0 2
v 18 3 3
v 19 3 2
v 20 2 2
v 21 36 2
v 22 3 3
v 23 8 4
v 24 36 3
v 25 12 3
v 26 31 2
v 27 36 2
v 28 2 2
v 29 2 2
v 30 36 3
v 31 1 2
v 32 36 6
v 33 3 1
v 34 2 6
v 35 2 2
v 36 12 1
v 37 0 2
v 38 4 4
v 39 2 3
e 0 34 0
e 0 2 0
e 0 10 0
e 1 24 0
e 1 30 0
e 2 4 0
e 2 5 0
e 2 34 0
e 2 3 0
e 2 10 0
e 3 34 0
e 4 5 0
e 4 10 0
e 4 34 0
e 5 25 0
e 5 12 0
e 5 16 0
e 5 13 0
e 5 34 0
e 6 12 0
e 6 16 0
e 7 12 0
e 7 8 0
e 9 32 0
e 9 36 0
e 10 37 0
e 10 34 0
e 11 16 0
e 11 17 0
e 11 22 0
e 12 23 0
e 12 14 0
e 12 15 0
e 12 26 0
e 12 28 0
e 12 32 0
e 12 38 0
e 13 26 0
e 14 16 0
e 15 39 0
e 16 19 0
e 17 18 0
e 18 21 0
e 18 25 0
e 19 22 0
e 20 29 0
e 20 32 0
e 21 24 0
e 22 38 0
e 23 27 0
e 23 35 0
e 23 39 0
e 24 32 0
e 25 28 0
e 27 33 0
e 29 35 0
e 30 32 0
e 30 31 0
e 31 32 0
e 37 38 0
e 38 39 0
