t 40 58
v 0 4 8
v 1 25 1
v 2 24 1
v 3 3 2
v 4 3 3
v 5 0 4
v 6 36 2
v 7 25 1
v 8 2 5
v 9 2 1
v 10 4 2
v 11 12 2
v 12 40 2
v 13 0 3
v 14 36 2
v 15 4 3
v 16 19 1
v 17 36 1
v 18 4 1
v 19 12 3
v 20 12 4
v 21 2 2
v 22 3 4
v 23 4 3
v 24 17 4
v 25 33 2
v 26 2 3
v 27 3 5
v 28 40 5
v 29 0 8
v 30 24 2
v 31 3 3
v 32 0 1
v 33 2 2
v 34 12 3
v 35 35 4
v 36 0 3
v 37 4 2
v 38 0 7
v 39 36 1
e 0 28 0
e 0 27 0
e 0 8 0
e 0 38 0
e 0 1 0
e 0 5 0
e 0 19 0
e 0 35 0
e 2 6 0
e 3 34 0
e 3 8 0
e 4 18 0
e 4 11 0
e 4 10 0
e 5 36 0
e 5 9 0
e 5 26 0
e 6 8 0
e 7 10 0
e 8 15 0
e 8 29 0
e 11 12 0
e 12 33 0
e 13 28 0
e 13 31 0
e 13 14 0
e 14 29 0
e 15 23 0
e 15 28 0
e 16 23 0
e 17 35 0
e 19 24 0
e 19 26 0
e 20 36 0
e 20 25 0
e 20 22 0
e 20 29 0
e 21 39 0
e 21 29 0
e 22 27 0
e 22 28 0
e 22 38 0
e 23 34 0
e 24 34 0
e 24 38 0
e 24 27 0
e 25 27 0
e 26 38 0
e 27 29 0
e 28 29 0
e 29 38 0
e 29 31 0
e 30 35 0
e 30 37 0
e 31 33 0
e 32 35 0
e 36 38 0
e 37 38 0
