t 40 59
v 0 0 5
v 1 2 2
v 2 0 2
v 3 2 1
v 4 16 5
v 5 3 1
v 6 0 7
v 7 3 4
v 8 3 1
v 9 0 2
v 10 3 3
v 11 0 2
v 12 3 2
v 13 3 4
v 14 0 5
v 15 17 4
v 16 3 2
v 17 12 3
v 18 3 2
v 19 2 3
v 20 12 5
v 21 3 3
v 22 16 3
v 23 16 6
v 24 24 5
v 25 12 2
v 26 3 7
v 27 36 3
v 28 2 1
v 29 4 2
v 30 2 3
v 31 2 1
v 32 12 3
v 33 16 1
v 34 18 4
v 35 4 2
v 36 2 2
v 37 2 2
v 38 3 2
v 39 8 1
e 0 4 0
e 0 24 0
e 0 26 0
e 0 34 0
e 0 39 0
e 1 16 0
e 1 30 0
e 2 9 0
e 2 28 0
e 3 18 0
e 4 19 0
e 4 5 0
e 4 7 0
e 4 20 0
e 6 32 0
e 6 7 0
e 6 8 0
e 6 13 0
e 6 14 0
e 6 20 0
e 6 23 0
e 7 15 0
e 7 13 0
e 9 11 0
e 10 26 0
e 10 18 0
e 10 38 0
e 11 14 0
e 12 32 0
e 12 19 0
e 13 27 0
e 13 36 0
e 14 15 0
e 14 26 0
e 14 34 0
e 15 17 0
e 15 23 0
e 16 27 0
e 17 24 0
e 17 34 0
e 19 24 0
e 20 24 0
e 20 26 0
e 20 21 0
e 21 26 0
e 21 30 0
e 22 23 0
e 22 33 0
e 22 37 0
e 23 29 0
e 23 24 0
e 23 26 0
e 25 27 0
e 25 38 0
e 26 32 0
e 29 31 0
e 30 34 0
e 35 37 0
e 35 36 0
