t 32 35
v 0 0 3
v 1 4 1
v 2 2 1
v 3 3 1
v 4 2 2
v 5 3 3
v 6 0 3
v 7 3 1
v 8 1 4
v 9 3 4
v 10 36 3
v 11 2 1
v 12 17 2
v 13 3 2
v 14 17 2
v 15 3 2
v 16 3 2
v 17 36 3
v 18 26 2
v 19 26 3
v 20 4 1
v 21 3 3
v 22 3 2
v 23 36 2
v 24 3 1
v 25 12 2
v 26 36 3
v 27 3 2
v 28 3 3
v 29 12 1
v 30 36 4
v 31 2 1
e 0 3 0
e 0 5 0
e 0 11 0
e 1 6 0
e 2 9 0
e 4 13 0
e 4 19 0
e 5 7 0
e 5 21 0
e 6 9 0
e 6 16 0
e 8 14 0
e 8 17 0
e 8 30 0
e 8 15 0
e 9 10 0
e 9 26 0
e 10 13 0
e 10 31 0
e 12 14 0
e 12 28 0
e 15 22 0
e 16 27 0
e 17 18 0
e 17 26 0
e 18 19 0
e 19 30 0
e 20 21 0
e 21 23 0
e 22 25 0
e 23 25 0
e 24 28 0
e 26 30 0
e 27 28 0
e 29 30 0
