t 40 53
v 0 17 3
v 1 1 3
v 2 2 5
v 3 0 2
v 4 6 2
v 5 36 2
v 6 23 2
v 7 36 2
v 8 2 3
v 9 0 5
v 10 2 2
v 11 17 1
v 12 0 5
v 13 0 3
v 14 2 3
v 15 6 4
v 16 2 3
v 17 2 2
v 18 36 3
v 19 0 3
v 20 39 1
v 21 2 2
v 22 6 2
v 23 31 2
v 24 16 4
v 25 36 2
v 26 2 1
v 27 12 3
v 28 3 2
v 29 12 3
v 30 0 3
v 31 12 1
v 32 2 2
v 33 0 2
v 34 2 2
v 35 2 2
v 36 0 6
v 37 48 2
v 38 3 5
v 39 3 1
e 0 1 0
e 0 5 0
e 0 11 0
e 1 18 0
e 1 36 0
e 2 27 0
e 2 18 0
e 2 29 0
e 2 12 0
e 2 10 0
e 3 23 0
e 3 24 0
e 4 22 0
e 4 30 0
e 5 25 0
e 6 32 0
e 6 19 0
e 7 14 0
e 7 34 0
e 8 16 0
e 8 21 0
e 8 34 0
e 9 36 0
e 9 12 0
e 9 14 0
e 9 27 0
e 9 38 0
e 10 17 0
e 12 15 0
e 12 24 0
e 12 32 0
e 13 33 0
e 13 35 0
e 13 19 0
e 14 25 0
e 15 36 0
e 15 29 0
e 15 38 0
e 16 17 0
e 16 21 0
e 18 28 0
e 19 33 0
e 20 22 0
e 23 29 0
e 24 36 0
e 24 38 0
e 26 35 0
e 27 28 0
e 30 36 0
e 30 31 0
e 36 37 0
e 37 38 0
e 38 39 0
