t 24 34
v 0 17 2
v 1 33 1
v 2 3 3
v 3 11 3
v 4 2 2
v 5 0 1
v 6 2 6
v 7 2 3
v 8 14 1
v 9 36 2
v 10 2 6
v 11 3 4
v 12 2 3
v 13 36 2
v 14 2 3
v 15 0 6
v 16 36 2
v 17 2 5
v 18 38 3
v 19 36 1
v 20 0 3
v 21 2 2
v 22 7 3
v 23 3 1
e 0 18 0
e 0 11 0
e 1 22 0
e 2 7 0
e 2 11 0
e 2 15 0
e 3 10 0
e 3 7 0
e 3 6 0
e 4 22 0
e 4 21 0
e 5 15 0
e 6 10 0
e 6 12 0
e 6 14 0
e 6 15 0
e 6 17 0
e 7 11 0
e 8 17 0
e 9 14 0
e 9 16 0
e 10 12 0
e 10 14 0
e 10 17 0
e 10 15 0
e 11 20 0
e 12 17 0
e 13 21 0
e 13 20 0
e 15 18 0
e 15 17 0
e 16 19 0
e 18 20 0
e 22 23 0
