t 32 36
v 0 0 1
v 1 12 3
v 2 45 2
v 3 0 2
v 4 45 1
v 5 2 3
v 6 2 1
v 7 2 3
v 8 2 5
v 9 2 1
v 10 2 5
v 11 39 3
v 12 2 3
v 13 8 2
v 14 2 1
v 15 2 1
v 16 6 2
v 17 2 4
v 18 2 4
v 19 3 2
v 20 12 2
v 21 0 2
v 22 2 2
v 23 2 2
v 24 4 2
v 25 2 2
v 26 4 2
v 27 3 2
v 28 3 2
v 29 0 2
v 30 6 2
v 31 0 1
e 0 1 0
e 1 2 0
e 1 21 0
e 2 4 0
e 3 31 0
e 3 11 0
e 5 12 0
e 5 8 0
e 5 17 0
e 6 13 0
e 7 13 0
e 7 10 0
e 7 17 0
e 8 10 0
e 8 18 0
e 8 12 0
e 8 17 0
e 9 12 0
e 10 18 0
e 10 14 0
e 10 15 0
e 11 16 0
e 11 19 0
e 16 30 0
e 17 18 0
e 18 19 0
e 20 28 0
e 20 29 0
e 21 22 0
e 22 23 0
e 23 24 0
e 24 25 0
e 25 26 0
e 26 27 0
e 27 28 0
e 29 30 0
