t 40 89
v 0 5 7
v 1 3 6
v 2 5 6
v 3 27 3
v 4 9 5
v 5 9 1
v 6 9 4
v 7 9 4
v 8 32 4
v 9 11 2
v 10 9 8
v 11 9 2
v 12 9 7
v 13 18 4
v 14 9 6
v 15 1 5
v 16 23 2
v 17 32 5
v 18 9 5
v 19 5 6
v 20 18 6
v 21 18 7
v 22 5 5
v 23 17 2
v 24 2 4
v 25 18 3
v 26 5 5
v 27 18 3
v 28 18 8
v 29 18 4
v 30 5 6
v 31 32 4
v 32 9 4
v 33 17 2
v 34 11 5
v 35 11 2
v 36 18 4
v 37 18 2
v 38 5 2
v 39 5 8
e 0 38 0
e 0 2 0
e 0 26 0
e 0 39 0
e 0 30 0
e 0 19 0
e 0 1 0
e 1 39 0
e 1 30 0
e 1 2 0
e 1 22 0
e 1 24 0
e 2 26 0
e 2 39 0
e 2 22 0
e 2 19 0
e 3 28 0
e 3 21 0
e 3 20 0
e 4 6 0
e 4 10 0
e 4 14 0
e 4 15 0
e 4 32 0
e 5 15 0
e 6 32 0
e 6 12 0
e 6 15 0
e 7 12 0
e 7 8 0
e 7 14 0
e 7 17 0
e 8 31 0
e 8 10 0
e 8 18 0
e 9 18 0
e 9 33 0
e 10 32 0
e 10 12 0
e 10 17 0
e 10 31 0
e 10 11 0
e 10 14 0
e 11 12 0
e 12 14 0
e 12 15 0
e 12 32 0
e 13 28 0
e 13 21 0
e 13 20 0
e 13 25 0
e 14 17 0
e 14 18 0
e 15 24 0
e 16 35 0
e 16 37 0
e 17 31 0
e 17 18 0
e 18 31 0
e 19 39 0
e 19 30 0
e 19 22 0
e 19 24 0
e 20 28 0
e 20 21 0
e 20 36 0
e 20 34 0
e 21 27 0
e 21 25 0
e 21 28 0
e 21 29 0
e 22 39 0
e 22 30 0
e 23 33 0
e 23 37 0
e 24 39 0
e 25 34 0
e 26 39 0
e 26 30 0
e 26 38 0
e 27 28 0
e 27 36 0
e 28 29 0
e 28 34 0
e 28 36 0
e 29 34 0
e 29 36 0
e 30 39 0
e 34 35 0
