t 40 140
v 0 11 18
v 1 11 15
v 2 5 1
v 3 20 13
v 4 5 5
v 5 5 4
v 6 21 2
v 7 5 14
v 8 24 4
v 9 22 5
v 10 5 9
v 11 5 1
v 12 5 26
v 13 5 3
v 14 5 3
v 15 3 4
v 16 9 17
v 17 5 7
v 18 19 5
v 19 5 7
v 20 24 1
v 21 11 2
v 22 9 12
v 23 24 3
v 24 5 9
v 25 5 3
v 26 24 3
v 27 24 1
v 28 5 2
v 29 24 3
v 30 5 6
v 31 5 9
v 32 5 8
v 33 22 11
v 34 3 10
v 35 5 7
v 36 5 6
v 37 5 2
v 38 24 7
v 39 5 12
e 0 34 0
e 0 8 0
e 0 7 0
e 0 15 0
e 0 39 0
e 0 31 0
e 0 38 0
e 0 24 0
e 0 9 0
e 0 32 0
e 0 30 0
e 0 10 0
e 0 33 0
e 0 36 0
e 0 1 0
e 0 3 0
e 0 12 0
e 0 18 0
e 1 8 0
e 1 7 0
e 1 39 0
e 1 6 0
e 1 5 0
e 1 22 0
e 1 30 0
e 1 32 0
e 1 9 0
e 1 10 0
e 1 33 0
e 1 36 0
e 1 3 0
e 1 18 0
e 2 18 0
e 3 35 0
e 3 7 0
e 3 31 0
e 3 16 0
e 3 39 0
e 3 24 0
e 3 32 0
e 3 33 0
e 3 34 0
e 3 12 0
e 3 18 0
e 4 25 0
e 4 13 0
e 4 6 0
e 4 14 0
e 4 12 0
e 5 9 0
e 5 26 0
e 5 30 0
e 7 35 0
e 7 31 0
e 7 39 0
e 7 24 0
e 7 19 0
e 7 10 0
e 7 33 0
e 7 34 0
e 7 12 0
e 7 16 0
e 7 22 0
e 8 12 0
e 8 26 0
e 9 30 0
e 9 12 0
e 10 35 0
e 10 16 0
e 10 22 0
e 10 33 0
e 10 34 0
e 10 38 0
e 11 12 0
e 12 18 0
e 12 35 0
e 12 34 0
e 12 39 0
e 12 30 0
e 12 32 0
e 12 13 0
e 12 14 0
e 12 19 0
e 12 36 0
e 12 28 0
e 12 25 0
e 12 37 0
e 12 15 0
e 12 22 0
e 12 16 0
e 12 33 0
e 12 26 0
e 12 17 0
e 13 17 0
e 14 17 0
e 15 16 0
e 15 36 0
e 16 35 0
e 16 31 0
e 16 39 0
e 16 24 0
e 16 23 0
e 16 19 0
e 16 21 0
e 16 32 0
e 16 36 0
e 16 17 0
e 16 22 0
e 16 29 0
e 17 25 0
e 17 37 0
e 17 28 0
e 19 22 0
e 19 33 0
e 19 34 0
e 19 38 0
e 20 23 0
e 21 22 0
e 22 31 0
e 22 39 0
e 22 23 0
e 22 36 0
e 22 29 0
e 24 31 0
e 24 32 0
e 24 33 0
e 24 34 0
e 24 39 0
e 27 29 0
e 30 38 0
e 31 33 0
e 31 35 0
e 31 38 0
e 32 38 0
e 32 39 0
e 33 39 0
e 33 34 0
e 34 39 0
e 34 38 0
e 35 39 0
