t 40 67
v 0 7 4
v 1 7 6
v 2 7 5
v 3 11 3
v 4 9 9
v 5 9 7
v 6 15 2
v 7 33 5
v 8 13 3
v 9 11 1
v 10 24 2
v 11 5 2
v 12 12 2
v 13 7 6
v 14 7 5
v 15 7 6
v 16 23 2
v 17 33 5
v 18 23 2
v 19 33 4
v 20 12 3
v 21 9 6
v 22 31 1
v 23 9 3
v 24 9 2
v 25 5 2
v 26 11 1
v 27 11 3
v 28 12 5
v 29 33 4
v 30 15 1
v 31 9 4
v 32 11 2
v 33 9 3
v 34 2 1
v 35 9 3
v 36 5 2
v 37 24 2
v 38 15 2
v 39 15 3
e 0 13 0
e 0 38 0
e 0 1 0
e 0 39 0
e 1 2 0
e 1 4 0
e 1 13 0
e 1 14 0
e 1 15 0
e 2 15 0
e 2 4 0
e 2 13 0
e 2 14 0
e 3 9 0
e 3 12 0
e 3 10 0
e 4 17 0
e 4 5 0
e 4 19 0
e 4 29 0
e 4 15 0
e 4 13 0
e 4 14 0
e 5 17 0
e 5 19 0
e 5 29 0
e 5 7 0
e 5 21 0
e 5 33 0
e 6 38 0
e 6 39 0
e 7 20 0
e 7 8 0
e 7 21 0
e 7 28 0
e 8 17 0
e 8 28 0
e 10 25 0
e 11 23 0
e 11 36 0
e 12 28 0
e 13 14 0
e 13 15 0
e 14 15 0
e 15 33 0
e 16 31 0
e 16 35 0
e 17 21 0
e 17 28 0
e 18 23 0
e 18 35 0
e 19 20 0
e 19 21 0
e 20 29 0
e 21 29 0
e 21 33 0
e 22 32 0
e 23 31 0
e 24 34 0
e 24 37 0
e 25 31 0
e 26 27 0
e 27 32 0
e 27 28 0
e 30 39 0
e 31 35 0
e 36 37 0
