t 24 51
v 0 11 3
v 1 11 5
v 2 33 5
v 3 9 4
v 4 33 4
v 5 9 9
v 6 33 4
v 7 27 5
v 8 1 2
v 9 12 4
v 10 15 9
v 11 27 2
v 12 9 9
v 13 27 4
v 14 33 4
v 15 9 10
v 16 11 3
v 17 18 2
v 18 7 2
v 19 11 1
v 20 9 3
v 21 11 4
v 22 11 2
v 23 18 2
e 0 1 0
e 0 7 0
e 0 16 0
e 1 16 0
e 1 7 0
e 1 9 0
e 1 21 0
e 2 10 0
e 2 5 0
e 2 9 0
e 2 12 0
e 2 15 0
e 3 5 0
e 3 12 0
e 3 15 0
e 3 20 0
e 4 10 0
e 4 5 0
e 4 12 0
e 4 15 0
e 5 14 0
e 5 10 0
e 5 13 0
e 5 6 0
e 5 12 0
e 5 15 0
e 6 10 0
e 6 12 0
e 6 15 0
e 7 16 0
e 7 21 0
e 7 9 0
e 8 11 0
e 8 17 0
e 9 21 0
e 10 14 0
e 10 13 0
e 10 12 0
e 10 15 0
e 10 20 0
e 11 22 0
e 12 14 0
e 12 13 0
e 12 15 0
e 13 15 0
e 14 15 0
e 15 18 0
e 17 23 0
e 18 20 0
e 19 23 0
e 21 22 0
