t 24 38
v 0 7 1
v 1 7 4
v 2 7 6
v 3 11 2
v 4 9 5
v 5 1 2
v 6 2 3
v 7 2 3
v 8 11 5
v 9 2 5
v 10 11 1
v 11 7 4
v 12 7 3
v 13 11 2
v 14 16 3
v 15 11 3
v 16 2 4
v 17 2 5
v 18 16 3
v 19 16 1
v 20 7 1
v 21 7 7
v 22 7 2
v 23 3 1
e 0 4 0
e 1 2 0
e 1 4 0
e 1 12 0
e 1 21 0
e 2 4 0
e 2 11 0
e 2 12 0
e 2 18 0
e 2 21 0
e 3 4 0
e 3 5 0
e 4 12 0
e 5 7 0
e 6 9 0
e 6 16 0
e 6 17 0
e 7 8 0
e 7 9 0
e 8 9 0
e 8 10 0
e 8 16 0
e 8 17 0
e 9 15 0
e 9 17 0
e 11 14 0
e 11 18 0
e 11 21 0
e 13 16 0
e 13 17 0
e 14 19 0
e 14 21 0
e 15 16 0
e 15 17 0
e 18 21 0
e 20 21 0
e 21 22 0
e 22 23 0
