t 40 59
v 0 32 2
v 1 3 1
v 2 11 1
v 3 11 2
v 4 4 1
v 5 9 2
v 6 4 1
v 7 18 5
v 8 14 4
v 9 3 2
v 10 11 2
v 11 23 1
v 12 14 5
v 13 14 4
v 14 14 6
v 15 24 3
v 16 14 6
v 17 14 3
v 18 7 4
v 19 18 5
v 20 15 4
v 21 16 3
v 22 27 7
v 23 11 2
v 24 7 2
v 25 16 2
v 26 3 3
v 27 16 2
v 28 11 2
v 29 9 3
v 30 9 3
v 31 11 3
v 32 32 2
v 33 5 4
v 34 18 2
v 35 16 5
v 36 5 1
v 37 11 2
v 38 11 3
v 39 5 3
e 0 32 0
e 0 26 0
e 1 30 0
e 2 7 0
e 3 28 0
e 3 37 0
e 4 7 0
e 5 32 0
e 5 38 0
e 6 7 0
e 7 9 0
e 7 26 0
e 8 12 0
e 8 16 0
e 8 28 0
e 8 13 0
e 9 30 0
e 10 23 0
e 10 31 0
e 11 22 0
e 12 19 0
e 12 22 0
e 12 16 0
e 12 20 0
e 13 22 0
e 13 19 0
e 13 14 0
e 14 17 0
e 14 19 0
e 14 22 0
e 14 16 0
e 14 20 0
e 15 37 0
e 15 33 0
e 15 39 0
e 16 19 0
e 16 22 0
e 16 20 0
e 17 20 0
e 17 22 0
e 18 21 0
e 18 24 0
e 18 29 0
e 18 35 0
e 19 22 0
e 21 25 0
e 21 35 0
e 23 34 0
e 24 35 0
e 25 27 0
e 26 30 0
e 27 35 0
e 29 35 0
e 29 34 0
e 31 36 0
e 31 33 0
e 33 39 0
e 33 38 0
e 38 39 0
