t 24 37
v 0 11 4
v 1 11 3
v 2 11 2
v 3 18 2
v 4 27 4
v 5 33 3
v 6 1 2
v 7 33 4
v 8 7 3
v 9 12 4
v 10 15 5
v 11 27 2
v 12 11 1
v 13 11 2
v 14 12 4
v 15 7 3
v 16 7 3
v 17 9 7
v 18 11 4
v 19 33 3
v 20 30 2
v 21 18 3
v 22 11 2
v 23 11 2
e 0 18 0
e 0 4 0
e 0 9 0
e 0 13 0
e 1 22 0
e 1 23 0
e 1 21 0
e 2 4 0
e 2 18 0
e 3 21 0
e 3 6 0
e 4 18 0
e 4 9 0
e 5 14 0
e 5 10 0
e 5 17 0
e 6 11 0
e 7 14 0
e 7 9 0
e 7 10 0
e 7 17 0
e 8 17 0
e 8 15 0
e 8 16 0
e 9 18 0
e 10 14 0
e 10 17 0
e 10 19 0
e 11 13 0
e 12 20 0
e 14 19 0
e 15 17 0
e 15 16 0
e 16 17 0
e 17 19 0
e 20 23 0
e 21 22 0
