t 32 80
v 0 9 6
v 1 7 4
v 2 2 11
v 3 9 2
v 4 7 4
v 5 7 2
v 6 7 5
v 7 9 2
v 8 7 2
v 9 16 3
v 10 7 4
v 11 7 2
v 12 7 2
v 13 11 1
v 14 2 4
v 15 7 4
v 16 2 11
v 17 7 2
v 18 2 10
v 19 7 5
v 20 11 6
v 21 11 3
v 22 11 6
v 23 2 7
v 24 11 5
v 25 2 7
v 26 11 8
v 27 2 7
v 28 11 6
v 29 2 6
v 30 2 8
v 31 11 5
e 0 2 0
e 0 7 0
e 0 16 0
e 0 18 0
e 0 23 0
e 0 25 0
e 1 17 0
e 1 6 0
e 1 19 0
e 1 10 0
e 2 24 0
e 2 27 0
e 2 31 0
e 2 20 0
e 2 28 0
e 2 26 0
e 2 21 0
e 2 18 0
e 2 23 0
e 2 30 0
e 3 7 0
e 3 4 0
e 4 9 0
e 4 10 0
e 4 5 0
e 5 9 0
e 6 11 0
e 6 15 0
e 6 19 0
e 6 12 0
e 8 15 0
e 8 19 0
e 9 10 0
e 10 11 0
e 12 15 0
e 13 16 0
e 14 22 0
e 14 26 0
e 14 16 0
e 14 18 0
e 15 19 0
e 16 30 0
e 16 27 0
e 16 20 0
e 16 22 0
e 16 25 0
e 16 28 0
e 16 23 0
e 16 29 0
e 17 19 0
e 18 30 0
e 18 22 0
e 18 25 0
e 18 26 0
e 18 28 0
e 18 21 0
e 18 29 0
e 20 21 0
e 20 27 0
e 20 29 0
e 20 30 0
e 22 23 0
e 22 27 0
e 22 29 0
e 23 31 0
e 23 26 0
e 23 28 0
e 24 25 0
e 24 27 0
e 24 29 0
e 24 30 0
e 25 31 0
e 25 28 0
e 25 26 0
e 26 27 0
e 26 29 0
e 26 30 0
e 27 31 0
e 28 30 0
e 30 31 0
