t 24 42
v 0 11 4
v 1 12 2
v 2 9 3
v 3 11 2
v 4 9 1
v 5 25 7
v 6 18 4
v 7 11 2
v 8 9 3
v 9 11 4
v 10 9 4
v 11 18 2
v 12 9 5
v 13 18 4
v 14 25 4
v 15 12 4
v 16 27 4
v 17 11 5
v 18 11 5
v 19 14 2
v 20 11 6
v 21 12 2
v 22 18 3
v 23 14 2
e 0 18 0
e 0 20 0
e 0 16 0
e 0 17 0
e 1 20 0
e 1 7 0
e 2 5 0
e 2 14 0
e 2 7 0
e 3 17 0
e 3 18 0
e 4 5 0
e 5 12 0
e 5 8 0
e 5 10 0
e 5 13 0
e 5 14 0
e 6 9 0
e 6 15 0
e 6 10 0
e 6 12 0
e 8 12 0
e 8 14 0
e 9 13 0
e 9 11 0
e 9 15 0
e 10 13 0
e 10 12 0
e 11 15 0
e 12 14 0
e 13 15 0
e 16 18 0
e 16 20 0
e 16 17 0
e 17 20 0
e 17 18 0
e 18 20 0
e 19 22 0
e 19 23 0
e 20 21 0
e 21 22 0
e 22 23 0
