t 32 51
v 0 14 2
v 1 14 2
v 2 14 2
v 3 14 2
v 4 11 1
v 5 14 5
v 6 14 2
v 7 9 3
v 8 14 2
v 9 13 2
v 10 14 2
v 11 27 5
v 12 30 2
v 13 30 1
v 14 13 2
v 15 30 2
v 16 14 2
v 17 30 2
v 18 27 4
v 19 14 7
v 20 11 3
v 21 30 3
v 22 11 1
v 23 11 3
v 24 14 5
v 25 11 2
v 26 9 9
v 27 14 5
v 28 14 4
v 29 14 6
v 30 14 6
v 31 14 3
e 0 2 0
e 0 7 0
e 1 24 0
e 1 30 0
e 2 10 0
e 3 8 0
e 3 16 0
e 4 23 0
e 5 31 0
e 5 24 0
e 5 11 0
e 5 26 0
e 5 29 0
e 6 16 0
e 6 10 0
e 7 22 0
e 7 23 0
e 8 9 0
e 9 14 0
e 11 19 0
e 11 27 0
e 11 29 0
e 11 30 0
e 12 20 0
e 12 18 0
e 13 18 0
e 14 18 0
e 15 21 0
e 15 20 0
e 17 21 0
e 17 18 0
e 19 31 0
e 19 28 0
e 19 30 0
e 19 27 0
e 19 26 0
e 19 29 0
e 20 21 0
e 23 25 0
e 24 26 0
e 24 27 0
e 24 29 0
e 25 26 0
e 26 31 0
e 26 28 0
e 26 30 0
e 26 29 0
e 26 27 0
e 27 30 0
e 28 29 0
e 28 30 0
