t 32 91
v 0 17 5
v 1 4 2
v 2 9 4
v 3 17 3
v 4 9 8
v 5 18 6
v 6 17 6
v 7 18 4
v 8 9 11
v 9 11 2
v 10 9 7
v 11 9 4
v 12 9 1
v 13 18 2
v 14 25 7
v 15 16 9
v 16 9 8
v 17 9 4
v 18 9 4
v 19 9 5
v 20 17 4
v 21 16 8
v 22 11 2
v 23 7 8
v 24 9 8
v 25 13 9
v 26 16 2
v 27 7 8
v 28 7 8
v 29 13 7
v 30 7 8
v 31 13 8
e 0 4 0
e 0 5 0
e 0 7 0
e 0 8 0
e 0 10 0
e 1 5 0
e 1 7 0
e 2 8 0
e 2 4 0
e 2 14 0
e 2 16 0
e 3 5 0
e 3 8 0
e 3 20 0
e 4 16 0
e 4 17 0
e 4 8 0
e 4 10 0
e 4 19 0
e 4 6 0
e 5 6 0
e 5 7 0
e 5 20 0
e 6 7 0
e 6 8 0
e 6 10 0
e 6 20 0
e 8 17 0
e 8 18 0
e 8 10 0
e 8 19 0
e 8 14 0
e 8 16 0
e 9 22 0
e 9 20 0
e 10 18 0
e 10 19 0
e 10 16 0
e 11 15 0
e 11 24 0
e 11 25 0
e 11 31 0
e 12 14 0
e 13 22 0
e 13 24 0
e 14 17 0
e 14 18 0
e 14 19 0
e 14 16 0
e 15 26 0
e 15 23 0
e 15 21 0
e 15 25 0
e 15 27 0
e 15 29 0
e 15 30 0
e 15 31 0
e 16 17 0
e 16 18 0
e 16 19 0
e 21 23 0
e 21 26 0
e 21 25 0
e 21 28 0
e 21 29 0
e 21 30 0
e 21 31 0
e 23 24 0
e 23 25 0
e 23 27 0
e 23 28 0
e 23 29 0
e 23 30 0
e 24 27 0
e 24 30 0
e 24 25 0
e 24 28 0
e 24 31 0
e 25 29 0
e 25 31 0
e 25 27 0
e 25 28 0
e 27 30 0
e 27 28 0
e 27 29 0
e 27 31 0
e 28 29 0
e 28 31 0
e 28 30 0
e 29 30 0
e 30 31 0
