t 32 49
v 0 24 3
v 1 2 8
v 2 11 1
v 3 29 4
v 4 2 5
v 5 11 3
v 6 11 3
v 7 3 3
v 8 2 4
v 9 24 3
v 10 11 1
v 11 11 3
v 12 11 1
v 13 11 4
v 14 18 2
v 15 11 4
v 16 11 1
v 17 18 2
v 18 11 3
v 19 11 4
v 20 11 1
v 21 11 2
v 22 11 1
v 23 2 2
v 24 2 3
v 25 2 5
v 26 11 5
v 27 7 1
v 28 11 3
v 29 11 6
v 30 11 5
v 31 9 2
e 0 1 0
e 0 3 0
e 0 4 0
e 1 25 0
e 1 13 0
e 1 4 0
e 1 23 0
e 1 26 0
e 1 24 0
e 1 8 0
e 2 29 0
e 3 15 0
e 3 19 0
e 3 9 0
e 4 26 0
e 4 6 0
e 4 25 0
e 5 10 0
e 5 15 0
e 5 19 0
e 6 29 0
e 6 30 0
e 7 15 0
e 7 19 0
e 7 9 0
e 8 25 0
e 8 26 0
e 8 23 0
e 9 11 0
e 11 21 0
e 11 17 0
e 12 13 0
e 13 16 0
e 13 17 0
e 14 30 0
e 14 31 0
e 15 19 0
e 18 28 0
e 18 29 0
e 18 30 0
e 20 29 0
e 21 22 0
e 24 25 0
e 24 26 0
e 25 26 0
e 27 31 0
e 28 29 0
e 28 30 0
e 29 30 0
