t 40 62
v 0 14 5
v 1 14 6
v 2 25 3
v 3 15 2
v 4 14 5
v 5 9 5
v 6 2 3
v 7 14 7
v 8 15 2
v 9 23 2
v 10 15 3
v 11 7 2
v 12 7 3
v 13 13 3
v 14 11 2
v 15 11 2
v 16 9 1
v 17 4 1
v 18 5 2
v 19 9 2
v 20 9 4
v 21 2 4
v 22 7 3
v 23 9 1
v 24 18 3
v 25 23 2
v 26 7 3
v 27 24 2
v 28 2 5
v 29 17 2
v 30 16 2
v 31 11 4
v 32 2 4
v 33 13 4
v 34 3 2
v 35 2 2
v 36 14 5
v 37 14 3
v 38 14 3
v 39 14 5
e 0 1 0
e 0 7 0
e 0 36 0
e 0 37 0
e 0 38 0
e 1 7 0
e 1 39 0
e 1 3 0
e 1 5 0
e 1 4 0
e 2 20 0
e 2 23 0
e 2 19 0
e 3 5 0
e 4 7 0
e 4 39 0
e 4 5 0
e 4 36 0
e 5 8 0
e 5 10 0
e 6 21 0
e 6 27 0
e 6 32 0
e 7 37 0
e 7 39 0
e 7 36 0
e 7 38 0
e 8 10 0
e 9 24 0
e 9 18 0
e 10 33 0
e 11 26 0
e 11 33 0
e 12 13 0
e 12 22 0
e 12 33 0
e 13 14 0
e 13 26 0
e 14 30 0
e 15 30 0
e 15 34 0
e 16 20 0
e 17 24 0
e 18 25 0
e 19 20 0
e 20 29 0
e 21 31 0
e 21 28 0
e 21 32 0
e 22 26 0
e 22 33 0
e 24 29 0
e 25 28 0
e 27 34 0
e 28 31 0
e 28 35 0
e 28 32 0
e 31 32 0
e 31 35 0
e 36 38 0
e 36 39 0
e 37 39 0
