t 32 93
v 0 22 6
v 1 22 3
v 2 14 5
v 3 22 6
v 4 13 3
v 5 22 5
v 6 18 9
v 7 13 4
v 8 22 4
v 9 9 7
v 10 22 3
v 11 13 3
v 12 22 6
v 13 18 8
v 14 13 2
v 15 13 12
v 16 18 8
v 17 18 10
v 18 18 11
v 19 22 4
v 20 18 11
v 21 18 6
v 22 18 5
v 23 22 8
v 24 18 8
v 25 9 8
v 26 9 7
v 27 13 4
v 28 13 4
v 29 13 1
v 30 13 3
v 31 13 2
e 0 8 0
e 0 12 0
e 0 5 0
e 0 19 0
e 0 15 0
e 0 28 0
e 1 10 0
e 1 5 0
e 1 3 0
e 2 17 0
e 2 16 0
e 2 20 0
e 2 22 0
e 2 24 0
e 3 8 0
e 3 5 0
e 3 28 0
e 3 23 0
e 3 15 0
e 4 27 0
e 4 14 0
e 4 15 0
e 5 12 0
e 5 23 0
e 6 13 0
e 6 24 0
e 6 7 0
e 6 22 0
e 6 18 0
e 6 17 0
e 6 9 0
e 6 16 0
e 6 20 0
e 7 18 0
e 7 15 0
e 7 24 0
e 8 15 0
e 8 23 0
e 9 13 0
e 9 26 0
e 9 25 0
e 9 18 0
e 9 17 0
e 9 20 0
e 10 12 0
e 10 23 0
e 11 31 0
e 11 15 0
e 11 27 0
e 12 15 0
e 12 19 0
e 12 23 0
e 13 18 0
e 13 25 0
e 13 21 0
e 13 17 0
e 13 16 0
e 13 20 0
e 14 30 0
e 15 30 0
e 15 27 0
e 15 19 0
e 15 23 0
e 15 28 0
e 16 26 0
e 16 25 0
e 16 18 0
e 16 17 0
e 16 20 0
e 17 18 0
e 17 20 0
e 17 22 0
e 17 24 0
e 17 26 0
e 18 21 0
e 18 20 0
e 18 22 0
e 18 24 0
e 18 25 0
e 19 23 0
e 20 24 0
e 20 26 0
e 20 25 0
e 20 21 0
e 21 22 0
e 21 25 0
e 21 26 0
e 23 28 0
e 24 26 0
e 24 25 0
e 25 26 0
e 27 30 0
e 29 31 0
