t 32 52
v 0 18 5
v 1 25 9
v 2 22 1
v 3 9 1
v 4 9 3
v 5 9 5
v 6 11 3
v 7 9 1
v 8 25 4
v 9 9 7
v 10 18 2
v 11 9 8
v 12 9 3
v 13 11 2
v 14 9 4
v 15 9 2
v 16 9 3
v 17 25 5
v 18 11 1
v 19 1 4
v 20 18 4
v 21 17 2
v 22 5 3
v 23 17 2
v 24 23 2
v 25 5 2
v 26 9 2
v 27 3 2
v 28 2 2
v 29 27 3
v 30 9 4
v 31 2 3
e 0 6 0
e 0 5 0
e 0 9 0
e 0 11 0
e 0 19 0
e 1 2 0
e 1 11 0
e 1 9 0
e 1 14 0
e 1 5 0
e 1 4 0
e 1 17 0
e 1 12 0
e 1 8 0
e 3 4 0
e 4 5 0
e 5 17 0
e 5 11 0
e 6 10 0
e 6 19 0
e 7 12 0
e 8 11 0
e 8 9 0
e 8 14 0
e 9 14 0
e 9 17 0
e 9 15 0
e 9 11 0
e 10 19 0
e 11 14 0
e 11 17 0
e 11 15 0
e 12 17 0
e 13 19 0
e 13 20 0
e 16 28 0
e 16 30 0
e 16 31 0
e 18 23 0
e 20 24 0
e 20 21 0
e 20 22 0
e 21 23 0
e 22 25 0
e 22 24 0
e 25 27 0
e 26 27 0
e 26 29 0
e 28 30 0
e 29 30 0
e 29 31 0
e 30 31 0
