t 24 49
v 0 9 8
v 1 7 7
v 2 17 2
v 3 33 2
v 4 18 2
v 5 9 1
v 6 7 6
v 7 25 3
v 8 7 3
v 9 11 2
v 10 7 7
v 11 9 4
v 12 7 6
v 13 9 2
v 14 7 7
v 15 9 3
v 16 7 7
v 17 9 4
v 18 9 8
v 19 12 2
v 20 33 4
v 21 17 3
v 22 0 2
v 23 15 3
e 0 16 0
e 0 1 0
e 0 4 0
e 0 14 0
e 0 6 0
e 0 10 0
e 0 12 0
e 0 18 0
e 1 16 0
e 1 14 0
e 1 6 0
e 1 10 0
e 1 12 0
e 1 18 0
e 2 9 0
e 2 17 0
e 3 19 0
e 3 18 0
e 4 9 0
e 5 7 0
e 6 16 0
e 6 10 0
e 6 18 0
e 6 14 0
e 7 15 0
e 7 11 0
e 8 18 0
e 8 10 0
e 8 12 0
e 10 16 0
e 10 12 0
e 10 14 0
e 11 13 0
e 11 17 0
e 11 15 0
e 12 16 0
e 12 14 0
e 13 17 0
e 14 16 0
e 14 18 0
e 15 17 0
e 16 18 0
e 18 20 0
e 19 20 0
e 20 21 0
e 20 23 0
e 21 22 0
e 21 23 0
e 22 23 0
