t 40 73
v 0 14 2
v 1 15 4
v 2 14 7
v 3 11 2
v 4 15 7
v 5 14 11
v 6 9 5
v 7 14 5
v 8 27 2
v 9 11 3
v 10 14 10
v 11 18 6
v 12 11 2
v 13 15 2
v 14 14 8
v 15 14 4
v 16 9 4
v 17 14 7
v 18 11 2
v 19 11 4
v 20 15 3
v 21 14 3
v 22 9 4
v 23 18 2
v 24 33 3
v 25 9 2
v 26 9 2
v 27 11 2
v 28 14 2
v 29 15 2
v 30 11 2
v 31 9 2
v 32 9 1
v 33 27 1
v 34 11 3
v 35 7 3
v 36 14 3
v 37 11 2
v 38 9 4
v 39 15 3
e 0 4 0
e 0 29 0
e 1 4 0
e 1 5 0
e 1 14 0
e 1 17 0
e 2 4 0
e 2 21 0
e 2 11 0
e 2 7 0
e 2 5 0
e 2 10 0
e 2 14 0
e 3 12 0
e 3 27 0
e 4 5 0
e 4 7 0
e 4 10 0
e 4 36 0
e 5 36 0
e 5 20 0
e 5 7 0
e 5 17 0
e 5 14 0
e 5 11 0
e 5 10 0
e 5 15 0
e 6 8 0
e 6 22 0
e 6 33 0
e 6 24 0
e 6 35 0
e 7 11 0
e 7 10 0
e 8 22 0
e 9 16 0
e 9 37 0
e 9 38 0
e 10 36 0
e 10 21 0
e 10 17 0
e 10 14 0
e 10 11 0
e 10 15 0
e 11 14 0
e 11 17 0
e 12 23 0
e 13 26 0
e 13 39 0
e 14 20 0
e 14 15 0
e 14 17 0
e 15 28 0
e 16 30 0
e 16 19 0
e 16 34 0
e 17 20 0
e 17 21 0
e 18 19 0
e 18 38 0
e 19 34 0
e 19 38 0
e 22 24 0
e 22 25 0
e 23 31 0
e 24 25 0
e 26 39 0
e 27 37 0
e 28 30 0
e 29 39 0
e 31 35 0
e 32 35 0
e 34 38 0
