t 40 92
v 0 9 3
v 1 1 4
v 2 9 4
v 3 9 2
v 4 11 6
v 5 18 8
v 6 11 8
v 7 9 1
v 8 11 7
v 9 11 5
v 10 11 5
v 11 9 3
v 12 11 9
v 13 11 9
v 14 4 2
v 15 11 12
v 16 11 2
v 17 11 2
v 18 11 6
v 19 2 1
v 20 11 5
v 21 5 2
v 22 11 6
v 23 11 7
v 24 11 10
v 25 27 4
v 26 11 5
v 27 11 14
v 28 9 7
v 29 31 1
v 30 9 2
v 31 32 3
v 32 27 3
v 33 2 3
v 34 22 2
v 35 9 2
v 36 18 2
v 37 9 3
v 38 24 2
v 39 24 2
e 0 11 0
e 0 1 0
e 0 2 0
e 1 11 0
e 1 3 0
e 1 2 0
e 2 11 0
e 2 31 0
e 3 17 0
e 4 15 0
e 4 18 0
e 4 24 0
e 4 26 0
e 4 27 0
e 4 28 0
e 5 6 0
e 5 8 0
e 5 10 0
e 5 12 0
e 5 13 0
e 5 15 0
e 5 24 0
e 5 27 0
e 6 12 0
e 6 23 0
e 6 13 0
e 6 9 0
e 6 8 0
e 6 24 0
e 6 27 0
e 7 32 0
e 8 15 0
e 8 13 0
e 8 9 0
e 8 24 0
e 8 27 0
e 9 12 0
e 9 23 0
e 9 27 0
e 10 15 0
e 10 20 0
e 10 24 0
e 10 27 0
e 12 23 0
e 12 13 0
e 12 15 0
e 12 20 0
e 12 24 0
e 12 27 0
e 13 15 0
e 13 20 0
e 13 23 0
e 13 24 0
e 13 27 0
e 14 31 0
e 14 33 0
e 15 23 0
e 15 28 0
e 15 22 0
e 15 18 0
e 15 20 0
e 15 27 0
e 16 19 0
e 16 33 0
e 17 21 0
e 18 26 0
e 18 22 0
e 18 27 0
e 18 28 0
e 20 27 0
e 21 39 0
e 22 26 0
e 22 24 0
e 22 27 0
e 22 28 0
e 23 24 0
e 23 27 0
e 24 28 0
e 25 37 0
e 25 30 0
e 25 28 0
e 25 32 0
e 26 27 0
e 26 28 0
e 29 37 0
e 30 36 0
e 31 33 0
e 32 35 0
e 34 35 0
e 34 38 0
e 36 37 0
e 38 39 0
