t 24 51
v 0 11 6
v 1 18 7
v 2 30 1
v 3 18 5
v 4 11 2
v 5 11 5
v 6 30 2
v 7 11 4
v 8 18 8
v 9 18 7
v 10 11 5
v 11 11 2
v 12 30 2
v 13 11 2
v 14 30 5
v 15 30 1
v 16 11 5
v 17 18 8
v 18 11 3
v 19 18 5
v 20 30 4
v 21 18 2
v 22 18 10
v 23 5 1
e 0 16 0
e 0 7 0
e 0 3 0
e 0 20 0
e 0 1 0
e 0 10 0
e 1 16 0
e 1 18 0
e 1 3 0
e 1 9 0
e 1 10 0
e 1 17 0
e 2 14 0
e 3 8 0
e 3 9 0
e 3 17 0
e 4 19 0
e 4 22 0
e 5 11 0
e 5 8 0
e 5 19 0
e 5 9 0
e 5 22 0
e 6 14 0
e 6 20 0
e 7 9 0
e 7 17 0
e 7 22 0
e 8 17 0
e 8 12 0
e 8 9 0
e 8 22 0
e 8 14 0
e 8 20 0
e 9 16 0
e 9 10 0
e 10 17 0
e 10 13 0
e 11 19 0
e 12 14 0
e 13 15 0
e 14 20 0
e 16 17 0
e 16 22 0
e 17 18 0
e 17 22 0
e 18 22 0
e 19 21 0
e 19 22 0
e 21 22 0
e 22 23 0
