t 24 77
v 0 14 9
v 1 23 8
v 2 14 8
v 3 14 6
v 4 14 13
v 5 14 6
v 6 14 3
v 7 15 9
v 8 14 6
v 9 14 13
v 10 15 4
v 11 15 2
v 12 12 2
v 13 15 3
v 14 14 8
v 15 12 7
v 16 12 2
v 17 12 4
v 18 7 2
v 19 14 13
v 20 14 7
v 21 9 10
v 22 12 5
v 23 15 4
e 0 14 0
e 0 7 0
e 0 20 0
e 0 21 0
e 0 1 0
e 0 2 0
e 0 4 0
e 0 9 0
e 0 19 0
e 1 2 0
e 1 4 0
e 1 6 0
e 1 9 0
e 1 15 0
e 1 19 0
e 1 20 0
e 2 14 0
e 2 7 0
e 2 21 0
e 2 4 0
e 2 19 0
e 2 9 0
e 3 8 0
e 3 14 0
e 3 4 0
e 3 5 0
e 3 9 0
e 3 19 0
e 4 5 0
e 4 8 0
e 4 14 0
e 4 7 0
e 4 20 0
e 4 21 0
e 4 19 0
e 4 15 0
e 4 9 0
e 5 8 0
e 5 14 0
e 5 9 0
e 5 19 0
e 6 21 0
e 6 7 0
e 7 20 0
e 7 21 0
e 7 9 0
e 7 15 0
e 7 19 0
e 8 14 0
e 8 9 0
e 8 19 0
e 9 14 0
e 9 20 0
e 9 19 0
e 9 21 0
e 9 15 0
e 10 22 0
e 10 23 0
e 10 13 0
e 10 17 0
e 11 17 0
e 11 18 0
e 12 16 0
e 12 22 0
e 13 22 0
e 13 23 0
e 14 19 0
e 15 21 0
e 15 18 0
e 15 19 0
e 16 21 0
e 17 22 0
e 17 23 0
e 19 20 0
e 19 21 0
e 20 21 0
e 22 23 0
