t 32 86
v 0 5 4
v 1 4 1
v 2 30 5
v 3 5 1
v 4 18 3
v 5 30 9
v 6 5 2
v 7 30 10
v 8 11 13
v 9 30 8
v 10 30 6
v 11 30 3
v 12 5 4
v 13 30 7
v 14 11 1
v 15 5 5
v 16 11 9
v 17 30 7
v 18 9 2
v 19 30 6
v 20 11 2
v 21 5 2
v 22 18 2
v 23 30 11
v 24 23 6
v 25 30 9
v 26 11 13
v 27 30 7
v 28 11 8
v 29 11 2
v 30 11 3
v 31 22 1
e 0 12 0
e 0 6 0
e 0 7 0
e 0 23 0
e 1 2 0
e 2 5 0
e 2 3 0
e 2 11 0
e 2 25 0
e 4 14 0
e 4 18 0
e 4 20 0
e 5 24 0
e 5 7 0
e 5 26 0
e 5 15 0
e 5 9 0
e 5 8 0
e 5 16 0
e 5 11 0
e 6 23 0
e 7 12 0
e 7 23 0
e 7 26 0
e 7 15 0
e 7 8 0
e 7 16 0
e 7 9 0
e 7 24 0
e 8 17 0
e 8 28 0
e 8 19 0
e 8 27 0
e 8 13 0
e 8 9 0
e 8 10 0
e 8 23 0
e 8 25 0
e 8 26 0
e 8 30 0
e 9 24 0
e 9 23 0
e 9 26 0
e 9 16 0
e 9 25 0
e 10 24 0
e 10 23 0
e 10 26 0
e 10 15 0
e 10 25 0
e 11 25 0
e 12 21 0
e 12 23 0
e 13 17 0
e 13 28 0
e 13 16 0
e 13 19 0
e 13 26 0
e 13 27 0
e 15 23 0
e 15 25 0
e 16 17 0
e 16 28 0
e 16 27 0
e 16 25 0
e 16 26 0
e 17 28 0
e 17 19 0
e 17 26 0
e 17 27 0
e 18 31 0
e 19 28 0
e 19 26 0
e 19 27 0
e 20 22 0
e 21 23 0
e 22 30 0
e 23 26 0
e 23 24 0
e 24 25 0
e 25 26 0
e 26 28 0
e 26 27 0
e 27 28 0
e 28 29 0
e 29 30 0
