t 24 34
v 0 13 4
v 1 7 3
v 2 15 3
v 3 9 4
v 4 9 3
v 5 33 1
v 6 15 2
v 7 9 3
v 8 9 4
v 9 7 2
v 10 9 2
v 11 9 3
v 12 9 2
v 13 9 5
v 14 15 1
v 15 9 8
v 16 17 1
v 17 9 2
v 18 15 4
v 19 13 2
v 20 15 2
v 21 15 1
v 22 13 4
v 23 13 2
e 0 1 0
e 0 11 0
e 0 2 0
e 0 15 0
e 1 9 0
e 1 15 0
e 2 18 0
e 2 22 0
e 3 13 0
e 3 8 0
e 3 15 0
e 3 9 0
e 4 12 0
e 4 11 0
e 4 13 0
e 5 15 0
e 6 16 0
e 6 8 0
e 7 8 0
e 7 10 0
e 7 15 0
e 8 15 0
e 10 15 0
e 11 13 0
e 12 13 0
e 13 15 0
e 14 18 0
e 17 18 0
e 17 22 0
e 18 20 0
e 19 22 0
e 19 23 0
e 20 22 0
e 21 23 0
