t 16 43
v 0 14 8
v 1 14 6
v 2 9 4
v 3 14 4
v 4 14 7
v 5 14 5
v 6 14 8
v 7 14 8
v 8 14 7
v 9 14 2
v 10 14 5
v 11 14 9
v 12 14 8
v 13 7 2
v 14 7 2
v 15 7 1
e 0 3 0
e 0 10 0
e 0 6 0
e 0 5 0
e 0 1 0
e 0 2 0
e 0 7 0
e 0 11 0
e 1 8 0
e 1 2 0
e 1 7 0
e 1 11 0
e 1 12 0
e 2 6 0
e 2 5 0
e 3 7 0
e 3 8 0
e 3 11 0
e 4 10 0
e 4 9 0
e 4 6 0
e 4 8 0
e 4 5 0
e 4 7 0
e 4 12 0
e 5 6 0
e 5 12 0
e 6 8 0
e 6 7 0
e 6 11 0
e 6 12 0
e 7 10 0
e 7 8 0
e 7 11 0
e 8 11 0
e 8 12 0
e 9 11 0
e 10 11 0
e 10 12 0
e 11 12 0
e 12 13 0
e 13 14 0
e 14 15 0
