t 32 71
v 0 33 2
v 1 7 7
v 2 33 2
v 3 17 2
v 4 33 2
v 5 16 8
v 6 7 5
v 7 9 3
v 8 12 2
v 9 9 5
v 10 9 5
v 11 33 4
v 12 9 4
v 13 7 6
v 14 7 3
v 15 7 8
v 16 9 2
v 17 7 7
v 18 13 6
v 19 16 6
v 20 15 3
v 21 16 2
v 22 7 3
v 23 16 9
v 24 7 5
v 25 13 4
v 26 7 6
v 27 7 5
v 28 13 8
v 29 15 3
v 30 15 3
v 31 12 2
e 0 3 0
e 0 10 0
e 1 15 0
e 1 5 0
e 1 6 0
e 1 9 0
e 1 18 0
e 1 19 0
e 1 24 0
e 2 7 0
e 2 10 0
e 3 11 0
e 4 8 0
e 4 10 0
e 5 15 0
e 5 19 0
e 5 21 0
e 5 24 0
e 5 18 0
e 5 23 0
e 5 28 0
e 6 15 0
e 6 19 0
e 6 23 0
e 6 17 0
e 7 11 0
e 7 12 0
e 8 11 0
e 9 15 0
e 9 18 0
e 9 19 0
e 9 24 0
e 10 11 0
e 10 12 0
e 12 15 0
e 12 23 0
e 13 14 0
e 13 27 0
e 13 22 0
e 13 25 0
e 13 26 0
e 13 28 0
e 14 27 0
e 14 28 0
e 15 17 0
e 15 19 0
e 15 23 0
e 16 20 0
e 16 29 0
e 17 19 0
e 17 23 0
e 17 25 0
e 17 26 0
e 17 27 0
e 18 23 0
e 18 25 0
e 18 28 0
e 20 30 0
e 20 29 0
e 21 23 0
e 22 26 0
e 22 27 0
e 23 24 0
e 23 28 0
e 24 28 0
e 25 26 0
e 26 27 0
e 26 28 0
e 28 30 0
e 29 31 0
e 30 31 0
