t 32 71
v 0 24 3
v 1 11 1
v 2 24 1
v 3 24 2
v 4 3 4
v 5 5 14
v 6 2 3
v 7 5 5
v 8 9 8
v 9 11 2
v 10 3 7
v 11 5 8
v 12 5 8
v 13 11 9
v 14 24 3
v 15 3 9
v 16 2 3
v 17 11 1
v 18 5 5
v 19 26 3
v 20 2 2
v 21 11 1
v 22 18 2
v 23 2 2
v 24 3 7
v 25 2 7
v 26 5 7
v 27 11 2
v 28 24 7
v 29 2 3
v 30 11 2
v 31 9 1
e 0 2 0
e 0 13 0
e 0 14 0
e 1 6 0
e 3 13 0
e 3 14 0
e 4 24 0
e 4 18 0
e 4 5 0
e 4 26 0
e 5 11 0
e 5 14 0
e 5 19 0
e 5 8 0
e 5 15 0
e 5 26 0
e 5 18 0
e 5 7 0
e 5 24 0
e 5 10 0
e 5 12 0
e 5 13 0
e 5 25 0
e 6 27 0
e 6 30 0
e 7 11 0
e 7 12 0
e 7 24 0
e 7 25 0
e 8 15 0
e 8 26 0
e 8 24 0
e 8 10 0
e 8 12 0
e 8 13 0
e 8 28 0
e 9 16 0
e 9 20 0
e 10 11 0
e 10 15 0
e 10 18 0
e 10 25 0
e 10 26 0
e 11 15 0
e 11 13 0
e 11 24 0
e 11 25 0
e 11 28 0
e 12 15 0
e 12 24 0
e 12 13 0
e 12 25 0
e 12 28 0
e 13 15 0
e 13 26 0
e 13 25 0
e 15 18 0
e 15 25 0
e 15 26 0
e 16 20 0
e 16 23 0
e 17 28 0
e 18 19 0
e 19 23 0
e 21 29 0
e 22 30 0
e 22 31 0
e 24 28 0
e 26 28 0
e 27 29 0
e 28 29 0
