t 32 36
v 0 27 4
v 1 11 2
v 2 31 1
v 3 9 2
v 4 25 2
v 5 5 1
v 6 11 2
v 7 18 1
v 8 11 2
v 9 18 1
v 10 27 3
v 11 24 2
v 12 11 2
v 13 9 2
v 14 18 2
v 15 27 1
v 16 12 2
v 17 24 2
v 18 27 2
v 19 25 4
v 20 9 1
v 21 9 4
v 22 3 2
v 23 5 2
v 24 2 3
v 25 11 2
v 26 18 4
v 27 24 2
v 28 24 4
v 29 24 1
v 30 24 5
v 31 24 2
e 0 2 0
e 0 10 0
e 0 7 0
e 0 24 0
e 1 24 0
e 1 25 0
e 3 13 0
e 3 19 0
e 4 19 0
e 4 21 0
e 5 22 0
e 6 12 0
e 6 18 0
e 8 16 0
e 8 21 0
e 9 26 0
e 10 15 0
e 10 18 0
e 11 29 0
e 11 30 0
e 12 16 0
e 13 19 0
e 14 26 0
e 14 27 0
e 17 28 0
e 17 30 0
e 19 21 0
e 20 21 0
e 22 23 0
e 23 24 0
e 25 27 0
e 26 30 0
e 26 28 0
e 28 30 0
e 28 31 0
e 30 31 0
