t 32 46
v 0 5 2
v 1 11 1
v 2 30 5
v 3 2 5
v 4 3 3
v 5 30 5
v 6 11 3
v 7 13 2
v 8 33 2
v 9 11 4
v 10 11 4
v 11 11 1
v 12 1 2
v 13 9 3
v 14 5 2
v 15 23 1
v 16 12 2
v 17 9 2
v 18 5 2
v 19 9 4
v 20 5 2
v 21 30 4
v 22 11 4
v 23 11 2
v 24 5 4
v 25 11 1
v 26 11 4
v 27 11 5
v 28 11 2
v 29 18 4
v 30 18 2
v 31 18 3
e 0 2 0
e 0 24 0
e 1 6 0
e 2 4 0
e 2 20 0
e 2 24 0
e 2 5 0
e 3 17 0
e 3 18 0
e 3 13 0
e 3 19 0
e 3 14 0
e 4 5 0
e 4 21 0
e 5 21 0
e 5 6 0
e 5 7 0
e 6 21 0
e 7 8 0
e 8 10 0
e 9 23 0
e 9 22 0
e 9 26 0
e 9 27 0
e 10 11 0
e 10 16 0
e 10 31 0
e 12 16 0
e 12 14 0
e 13 15 0
e 13 19 0
e 17 19 0
e 18 19 0
e 20 24 0
e 21 24 0
e 22 25 0
e 22 26 0
e 22 27 0
e 23 26 0
e 26 27 0
e 27 29 0
e 27 28 0
e 28 29 0
e 29 31 0
e 29 30 0
e 30 31 0
