t 24 38
v 0 11 3
v 1 2 3
v 2 11 1
v 3 2 5
v 4 21 5
v 5 21 2
v 6 21 5
v 7 21 3
v 8 11 2
v 9 21 2
v 10 21 5
v 11 11 3
v 12 2 1
v 13 21 6
v 14 11 3
v 15 2 4
v 16 21 4
v 17 21 4
v 18 11 4
v 19 18 2
v 20 11 2
v 21 11 1
v 22 36 1
v 23 11 5
e 0 1 0
e 0 3 0
e 0 15 0
e 1 18 0
e 1 8 0
e 2 3 0
e 3 6 0
e 3 17 0
e 3 15 0
e 4 7 0
e 4 16 0
e 4 13 0
e 4 6 0
e 4 17 0
e 5 10 0
e 5 13 0
e 6 9 0
e 6 16 0
e 6 10 0
e 7 9 0
e 7 13 0
e 8 15 0
e 10 17 0
e 10 16 0
e 10 13 0
e 11 14 0
e 11 21 0
e 11 23 0
e 12 15 0
e 13 16 0
e 13 17 0
e 14 20 0
e 14 18 0
e 18 19 0
e 18 23 0
e 19 23 0
e 20 23 0
e 22 23 0
