t 32 136
v 0 5 12
v 1 5 14
v 2 5 8
v 3 11 15
v 4 28 3
v 5 5 2
v 6 5 11
v 7 5 13
v 8 5 12
v 9 28 2
v 10 3 11
v 11 9 16
v 12 26 17
v 13 0 3
v 14 5 13
v 15 9 11
v 16 5 6
v 17 28 3
v 18 28 3
v 19 28 6
v 20 28 5
v 21 5 5
v 22 5 4
v 23 5 12
v 24 5 18
v 25 3 1
v 26 5 15
v 27 5 3
v 28 5 18
v 29 5 2
v 30 5 3
v 31 5 5
e 0 6 0
e 0 7 0
e 0 8 0
e 0 26 0
e 0 1 0
e 0 3 0
e 0 10 0
e 0 11 0
e 0 12 0
e 0 15 0
e 0 24 0
e 0 28 0
e 1 2 0
e 1 3 0
e 1 6 0
e 1 7 0
e 1 8 0
e 1 10 0
e 1 11 0
e 1 12 0
e 1 14 0
e 1 15 0
e 1 23 0
e 1 24 0
e 1 26 0
e 2 23 0
e 2 11 0
e 2 12 0
e 2 15 0
e 2 24 0
e 2 26 0
e 2 28 0
e 3 23 0
e 3 11 0
e 3 10 0
e 3 6 0
e 3 24 0
e 3 7 0
e 3 12 0
e 3 15 0
e 3 8 0
e 3 26 0
e 3 21 0
e 3 14 0
e 3 28 0
e 4 12 0
e 4 17 0
e 4 19 0
e 5 16 0
e 5 31 0
e 6 23 0
e 6 10 0
e 6 11 0
e 6 12 0
e 6 14 0
e 6 24 0
e 6 26 0
e 6 28 0
e 7 23 0
e 7 8 0
e 7 26 0
e 7 14 0
e 7 10 0
e 7 11 0
e 7 12 0
e 7 15 0
e 7 24 0
e 7 28 0
e 8 10 0
e 8 11 0
e 8 12 0
e 8 14 0
e 8 23 0
e 8 24 0
e 8 26 0
e 8 28 0
e 9 19 0
e 9 20 0
e 10 26 0
e 10 14 0
e 10 11 0
e 10 24 0
e 10 28 0
e 11 23 0
e 11 24 0
e 11 13 0
e 11 26 0
e 11 21 0
e 11 14 0
e 11 22 0
e 11 28 0
e 12 23 0
e 12 20 0
e 12 19 0
e 12 18 0
e 12 15 0
e 12 26 0
e 12 14 0
e 12 24 0
e 12 28 0
e 13 22 0
e 13 28 0
e 14 23 0
e 14 15 0
e 14 24 0
e 14 26 0
e 14 28 0
e 15 23 0
e 15 26 0
e 15 24 0
e 15 28 0
e 16 30 0
e 16 27 0
e 16 29 0
e 16 28 0
e 16 31 0
e 17 20 0
e 17 19 0
e 18 19 0
e 18 20 0
e 19 20 0
e 21 22 0
e 21 24 0
e 21 28 0
e 22 24 0
e 23 24 0
e 23 26 0
e 24 25 0
e 24 26 0
e 24 28 0
e 26 28 0
e 27 28 0
e 27 31 0
e 28 30 0
e 29 31 0
e 30 31 0
