t 32 38
v 0 7 2
v 1 7 3
v 2 12 1
v 3 7 2
v 4 2 1
v 5 16 2
v 6 15 3
v 7 0 4
v 8 12 7
v 9 12 3
v 10 13 2
v 11 9 2
v 12 11 2
v 13 1 2
v 14 11 3
v 15 27 3
v 16 30 4
v 17 27 1
v 18 9 2
v 19 1 1
v 20 13 2
v 21 11 3
v 22 12 1
v 23 1 3
v 24 12 2
v 25 30 2
v 26 12 3
v 27 9 3
v 28 1 2
v 29 30 3
v 30 9 1
v 31 9 1
e 0 1 0
e 0 8 0
e 1 3 0
e 1 9 0
e 2 24 0
e 3 8 0
e 4 6 0
e 5 22 0
e 5 8 0
e 6 8 0
e 6 9 0
e 7 28 0
e 7 23 0
e 7 16 0
e 7 29 0
e 8 20 0
e 8 26 0
e 8 10 0
e 9 12 0
e 10 20 0
e 11 30 0
e 11 27 0
e 12 14 0
e 13 15 0
e 13 19 0
e 14 15 0
e 14 21 0
e 15 21 0
e 16 29 0
e 16 23 0
e 16 28 0
e 17 21 0
e 18 25 0
e 18 27 0
e 23 26 0
e 24 26 0
e 25 29 0
e 27 31 0
