t 32 55
v 0 5 1
v 1 17 3
v 2 11 5
v 3 5 5
v 4 11 4
v 5 33 1
v 6 33 9
v 7 33 3
v 8 9 5
v 9 15 4
v 10 5 5
v 11 24 2
v 12 11 3
v 13 17 3
v 14 33 3
v 15 3 5
v 16 18 2
v 17 5 3
v 18 5 2
v 19 11 1
v 20 17 1
v 21 2 3
v 22 5 2
v 23 27 3
v 24 24 3
v 25 11 2
v 26 30 2
v 27 11 3
v 28 33 4
v 29 24 7
v 30 11 5
v 31 9 6
e 0 29 0
e 1 13 0
e 1 30 0
e 1 21 0
e 2 24 0
e 2 3 0
e 2 11 0
e 2 15 0
e 2 10 0
e 3 6 0
e 3 15 0
e 3 10 0
e 3 29 0
e 4 27 0
e 4 21 0
e 4 26 0
e 4 30 0
e 5 6 0
e 6 7 0
e 6 28 0
e 6 23 0
e 6 14 0
e 6 15 0
e 6 10 0
e 6 29 0
e 7 8 0
e 7 31 0
e 8 9 0
e 8 28 0
e 8 23 0
e 8 31 0
e 9 14 0
e 9 28 0
e 9 31 0
e 10 29 0
e 10 15 0
e 11 24 0
e 12 27 0
e 12 25 0
e 12 30 0
e 13 16 0
e 13 21 0
e 14 31 0
e 15 29 0
e 16 20 0
e 17 18 0
e 17 22 0
e 17 26 0
e 18 22 0
e 19 25 0
e 23 31 0
e 24 29 0
e 27 30 0
e 28 31 0
e 29 30 0
