t 40 242
v 0 15 10
v 1 16 16
v 2 12 29
v 3 15 15
v 4 15 13
v 5 15 10
v 6 9 13
v 7 15 14
v 8 12 30
v 9 15 15
v 10 12 30
v 11 15 14
v 12 15 14
v 13 15 11
v 14 12 22
v 15 16 4
v 16 16 4
v 17 15 10
v 18 1 4
v 19 15 13
v 20 15 15
v 21 15 14
v 22 15 11
v 23 1 3
v 24 15 9
v 25 1 3
v 26 1 3
v 27 15 14
v 28 12 10
v 29 16 9
v 30 15 7
v 31 12 12
v 32 16 8
v 33 17 6
v 34 15 11
v 35 15 14
v 36 16 8
v 37 15 15
v 38 15 11
v 39 15 10
e 0 13 0
e 0 38 0
e 0 1 0
e 0 2 0
e 0 5 0
e 0 8 0
e 0 10 0
e 0 17 0
e 0 24 0
e 0 39 0
e 1 29 0
e 1 13 0
e 1 14 0
e 1 38 0
e 1 34 0
e 1 28 0
e 1 31 0
e 1 10 0
e 1 8 0
e 1 2 0
e 1 5 0
e 1 22 0
e 1 32 0
e 1 17 0
e 1 24 0
e 2 33 0
e 2 5 0
e 2 14 0
e 2 22 0
e 2 21 0
e 2 13 0
e 2 38 0
e 2 34 0
e 2 7 0
e 2 37 0
e 2 30 0
e 2 31 0
e 2 11 0
e 2 3 0
e 2 12 0
e 2 32 0
e 2 36 0
e 2 29 0
e 2 4 0
e 2 19 0
e 2 9 0
e 2 27 0
e 2 35 0
e 2 6 0
e 2 8 0
e 2 24 0
e 2 39 0
e 3 9 0
e 3 12 0
e 3 27 0
e 3 4 0
e 3 35 0
e 3 6 0
e 3 19 0
e 3 7 0
e 3 8 0
e 3 10 0
e 3 14 0
e 3 20 0
e 3 21 0
e 3 37 0
e 4 9 0
e 4 27 0
e 4 6 0
e 4 19 0
e 4 7 0
e 4 8 0
e 4 10 0
e 4 12 0
e 4 14 0
e 4 20 0
e 4 37 0
e 5 38 0
e 5 34 0
e 5 22 0
e 5 10 0
e 5 17 0
e 5 24 0
e 5 39 0
e 6 7 0
e 6 8 0
e 6 9 0
e 6 10 0
e 6 11 0
e 6 20 0
e 6 21 0
e 6 27 0
e 6 35 0
e 6 37 0
e 7 9 0
e 7 12 0
e 7 37 0
e 7 35 0
e 7 11 0
e 7 8 0
e 7 10 0
e 7 14 0
e 7 20 0
e 7 21 0
e 8 14 0
e 8 33 0
e 8 28 0
e 8 22 0
e 8 21 0
e 8 13 0
e 8 38 0
e 8 34 0
e 8 20 0
e 8 37 0
e 8 30 0
e 8 31 0
e 8 11 0
e 8 32 0
e 8 36 0
e 8 29 0
e 8 19 0
e 8 9 0
e 8 27 0
e 8 35 0
e 8 10 0
e 8 17 0
e 8 24 0
e 9 27 0
e 9 35 0
e 9 10 0
e 9 11 0
e 9 12 0
e 9 14 0
e 9 19 0
e 9 20 0
e 9 37 0
e 10 14 0
e 10 28 0
e 10 22 0
e 10 21 0
e 10 13 0
e 10 38 0
e 10 34 0
e 10 20 0
e 10 37 0
e 10 30 0
e 10 31 0
e 10 15 0
e 10 11 0
e 10 12 0
e 10 36 0
e 10 29 0
e 10 19 0
e 10 27 0
e 10 35 0
e 10 17 0
e 10 39 0
e 11 12 0
e 11 27 0
e 11 35 0
e 11 19 0
e 11 14 0
e 11 20 0
e 11 21 0
e 11 37 0
e 12 27 0
e 12 35 0
e 12 19 0
e 12 14 0
e 12 20 0
e 12 21 0
e 12 37 0
e 13 38 0
e 13 34 0
e 13 17 0
e 13 22 0
e 13 24 0
e 13 39 0
e 14 21 0
e 14 20 0
e 14 37 0
e 14 30 0
e 14 31 0
e 14 32 0
e 14 36 0
e 14 29 0
e 14 19 0
e 14 27 0
e 14 35 0
e 14 33 0
e 15 16 0
e 15 28 0
e 15 31 0
e 16 18 0
e 16 26 0
e 16 25 0
e 17 38 0
e 17 34 0
e 17 22 0
e 17 39 0
e 18 23 0
e 18 25 0
e 18 26 0
e 19 35 0
e 19 20 0
e 19 21 0
e 19 37 0
e 20 27 0
e 20 37 0
e 20 35 0
e 20 21 0
e 21 27 0
e 21 37 0
e 21 35 0
e 22 38 0
e 22 34 0
e 22 24 0
e 22 39 0
e 23 25 0
e 23 26 0
e 24 34 0
e 24 39 0
e 27 35 0
e 27 37 0
e 28 36 0
e 28 29 0
e 28 30 0
e 28 31 0
e 28 32 0
e 28 33 0
e 29 31 0
e 29 32 0
e 29 36 0
e 30 31 0
e 30 33 0
e 31 36 0
e 31 32 0
e 31 33 0
e 32 36 0
e 34 38 0
e 34 39 0
e 38 39 0
