t 32 56
v 0 5 4
v 1 11 10
v 2 27 3
v 3 3 2
v 4 9 10
v 5 24 2
v 6 27 4
v 7 9 2
v 8 9 1
v 9 18 2
v 10 5 5
v 11 22 2
v 12 5 4
v 13 27 7
v 14 5 2
v 15 26 1
v 16 5 3
v 17 3 1
v 18 24 1
v 19 5 4
v 20 5 5
v 21 5 4
v 22 5 5
v 23 5 4
v 24 5 3
v 25 5 4
v 26 9 7
v 27 11 3
v 28 5 4
v 29 5 1
v 30 5 1
v 31 5 1
e 0 22 0
e 0 1 0
e 0 4 0
e 0 12 0
e 1 16 0
e 1 22 0
e 1 12 0
e 1 5 0
e 1 23 0
e 1 4 0
e 1 10 0
e 1 24 0
e 1 26 0
e 2 14 0
e 2 13 0
e 2 6 0
e 3 23 0
e 3 25 0
e 4 16 0
e 4 22 0
e 4 20 0
e 4 19 0
e 4 27 0
e 4 26 0
e 4 21 0
e 4 12 0
e 5 11 0
e 6 17 0
e 6 9 0
e 6 13 0
e 7 11 0
e 7 13 0
e 8 13 0
e 9 13 0
e 10 16 0
e 10 24 0
e 10 26 0
e 10 25 0
e 12 25 0
e 13 14 0
e 13 18 0
e 15 20 0
e 19 20 0
e 19 21 0
e 19 22 0
e 20 21 0
e 20 26 0
e 21 26 0
e 22 26 0
e 23 24 0
e 23 25 0
e 26 27 0
e 27 28 0
e 28 30 0
e 28 29 0
e 28 31 0
