t 32 61
v 0 11 5
v 1 30 2
v 2 9 5
v 3 32 2
v 4 9 3
v 5 16 3
v 6 13 2
v 7 33 3
v 8 11 5
v 9 12 2
v 10 11 2
v 11 9 4
v 12 11 2
v 13 16 2
v 14 11 2
v 15 9 5
v 16 9 6
v 17 9 5
v 18 9 6
v 19 18 6
v 20 9 6
v 21 9 7
v 22 9 8
v 23 11 1
v 24 17 3
v 25 18 7
v 26 11 4
v 27 11 3
v 28 9 3
v 29 17 4
v 30 33 2
v 31 16 2
e 0 8 0
e 0 15 0
e 0 19 0
e 0 25 0
e 0 27 0
e 1 12 0
e 1 6 0
e 2 20 0
e 2 16 0
e 2 18 0
e 2 22 0
e 2 21 0
e 3 23 0
e 3 4 0
e 4 10 0
e 4 26 0
e 5 31 0
e 5 28 0
e 5 13 0
e 6 7 0
e 7 9 0
e 7 28 0
e 8 15 0
e 8 19 0
e 8 25 0
e 8 27 0
e 9 30 0
e 10 26 0
e 11 22 0
e 11 21 0
e 11 24 0
e 11 29 0
e 12 26 0
e 13 31 0
e 14 25 0
e 14 26 0
e 15 27 0
e 15 25 0
e 15 19 0
e 16 18 0
e 16 22 0
e 16 21 0
e 16 17 0
e 16 20 0
e 17 18 0
e 17 20 0
e 17 21 0
e 17 22 0
e 18 22 0
e 18 21 0
e 18 20 0
e 19 24 0
e 19 29 0
e 19 25 0
e 20 22 0
e 20 21 0
e 21 22 0
e 22 29 0
e 24 25 0
e 25 29 0
e 28 30 0
