t 24 29
v 0 14 3
v 1 22 5
v 2 13 2
v 3 15 4
v 4 18 2
v 5 18 3
v 6 13 2
v 7 13 3
v 8 9 1
v 9 13 2
v 10 13 1
v 11 22 2
v 12 13 1
v 13 22 2
v 14 13 2
v 15 22 3
v 16 15 3
v 17 18 2
v 18 22 4
v 19 15 2
v 20 22 5
v 21 14 2
v 22 13 1
v 23 15 1
e 0 7 0
e 0 2 0
e 0 5 0
e 1 18 0
e 1 13 0
e 1 9 0
e 1 11 0
e 1 20 0
e 2 10 0
e 3 19 0
e 3 14 0
e 3 16 0
e 3 21 0
e 4 5 0
e 4 17 0
e 5 12 0
e 6 22 0
e 6 14 0
e 7 21 0
e 7 20 0
e 8 17 0
e 9 18 0
e 11 15 0
e 13 20 0
e 15 18 0
e 15 20 0
e 16 23 0
e 16 19 0
e 18 20 0
