t 32 182
v 0 9 14
v 1 9 5
v 2 9 14
v 3 32 7
v 4 9 16
v 5 9 14
v 6 9 14
v 7 9 14
v 8 5 2
v 9 9 14
v 10 9 17
v 11 9 16
v 12 9 16
v 13 9 16
v 14 4 4
v 15 5 1
v 16 32 6
v 17 32 10
v 18 2 7
v 19 4 4
v 20 2 6
v 21 32 9
v 22 11 2
v 23 9 21
v 24 9 16
v 25 9 7
v 26 9 18
v 27 9 15
v 28 9 19
v 29 9 15
v 30 32 10
v 31 9 15
e 0 26 0
e 0 10 0
e 0 27 0
e 0 11 0
e 0 4 0
e 0 31 0
e 0 9 0
e 0 13 0
e 0 6 0
e 0 5 0
e 0 12 0
e 0 23 0
e 0 28 0
e 0 29 0
e 1 5 0
e 1 10 0
e 1 12 0
e 1 26 0
e 1 29 0
e 2 11 0
e 2 4 0
e 2 24 0
e 2 31 0
e 2 9 0
e 2 13 0
e 2 6 0
e 2 7 0
e 2 10 0
e 2 12 0
e 2 23 0
e 2 26 0
e 2 28 0
e 2 29 0
e 3 25 0
e 3 30 0
e 3 17 0
e 3 16 0
e 3 23 0
e 3 28 0
e 3 21 0
e 4 24 0
e 4 31 0
e 4 9 0
e 4 13 0
e 4 6 0
e 4 5 0
e 4 10 0
e 4 11 0
e 4 12 0
e 4 23 0
e 4 26 0
e 4 27 0
e 4 28 0
e 4 29 0
e 5 29 0
e 5 26 0
e 5 27 0
e 5 11 0
e 5 24 0
e 5 31 0
e 5 9 0
e 5 13 0
e 5 12 0
e 5 23 0
e 5 28 0
e 6 7 0
e 6 10 0
e 6 11 0
e 6 12 0
e 6 13 0
e 6 23 0
e 6 24 0
e 6 26 0
e 6 27 0
e 6 28 0
e 6 29 0
e 7 9 0
e 7 10 0
e 7 11 0
e 7 12 0
e 7 13 0
e 7 23 0
e 7 24 0
e 7 26 0
e 7 27 0
e 7 28 0
e 7 29 0
e 7 31 0
e 8 15 0
e 8 20 0
e 9 13 0
e 9 10 0
e 9 11 0
e 9 12 0
e 9 23 0
e 9 24 0
e 9 26 0
e 9 29 0
e 9 31 0
e 10 27 0
e 10 11 0
e 10 24 0
e 10 31 0
e 10 13 0
e 10 12 0
e 10 23 0
e 10 26 0
e 10 28 0
e 10 29 0
e 11 24 0
e 11 31 0
e 11 13 0
e 11 23 0
e 11 26 0
e 11 27 0
e 11 28 0
e 11 29 0
e 12 26 0
e 12 27 0
e 12 24 0
e 12 31 0
e 12 13 0
e 12 23 0
e 12 28 0
e 13 23 0
e 13 24 0
e 13 26 0
e 13 27 0
e 13 28 0
e 13 31 0
e 14 17 0
e 14 18 0
e 14 21 0
e 14 30 0
e 16 17 0
e 16 23 0
e 16 25 0
e 16 28 0
e 16 30 0
e 17 18 0
e 17 20 0
e 17 21 0
e 17 23 0
e 17 25 0
e 17 28 0
e 17 30 0
e 18 20 0
e 18 30 0
e 18 22 0
e 18 19 0
e 18 21 0
e 19 20 0
e 19 21 0
e 19 30 0
e 20 30 0
e 20 22 0
e 21 25 0
e 21 30 0
e 21 23 0
e 21 28 0
e 23 25 0
e 23 29 0
e 23 26 0
e 23 27 0
e 23 24 0
e 23 31 0
e 24 31 0
e 24 26 0
e 24 27 0
e 24 28 0
e 24 29 0
e 25 30 0
e 25 28 0
e 26 27 0
e 26 31 0
e 26 28 0
e 26 29 0
e 27 31 0
e 27 28 0
e 27 29 0
e 28 30 0
e 29 31 0
