t 40 236
v 0 18 18
v 1 18 15
v 2 15 1
v 3 9 19
v 4 23 2
v 5 15 10
v 6 18 15
v 7 18 18
v 8 13 3
v 9 18 16
v 10 18 19
v 11 15 5
v 12 13 10
v 13 18 17
v 14 15 9
v 15 18 13
v 16 18 14
v 17 13 2
v 18 18 15
v 19 9 13
v 20 9 13
v 21 23 3
v 22 15 2
v 23 18 13
v 24 18 16
v 25 18 6
v 26 9 12
v 27 18 15
v 28 18 16
v 29 18 15
v 30 18 16
v 31 9 10
v 32 27 17
v 33 18 15
v 34 13 1
v 35 18 18
v 36 18 14
v 37 15 1
v 38 18 22
v 39 18 13
e 0 6 0
e 0 19 0
e 0 26 0
e 0 5 0
e 0 27 0
e 0 36 0
e 0 20 0
e 0 3 0
e 0 28 0
e 0 32 0
e 0 39 0
e 0 24 0
e 0 10 0
e 0 12 0
e 0 18 0
e 0 23 0
e 0 35 0
e 0 38 0
e 1 15 0
e 1 31 0
e 1 20 0
e 1 25 0
e 1 28 0
e 1 30 0
e 1 24 0
e 1 7 0
e 1 6 0
e 1 10 0
e 1 16 0
e 1 23 0
e 1 26 0
e 1 35 0
e 1 38 0
e 2 22 0
e 3 32 0
e 3 39 0
e 3 33 0
e 3 7 0
e 3 6 0
e 3 9 0
e 3 10 0
e 3 13 0
e 3 15 0
e 3 16 0
e 3 18 0
e 3 19 0
e 3 20 0
e 3 23 0
e 3 24 0
e 3 26 0
e 3 29 0
e 3 38 0
e 4 15 0
e 4 35 0
e 5 11 0
e 5 30 0
e 5 7 0
e 5 6 0
e 5 10 0
e 5 13 0
e 5 16 0
e 5 23 0
e 5 38 0
e 6 30 0
e 6 36 0
e 6 20 0
e 6 28 0
e 6 32 0
e 6 39 0
e 6 14 0
e 6 33 0
e 6 12 0
e 6 35 0
e 6 38 0
e 7 9 0
e 7 10 0
e 7 12 0
e 7 13 0
e 7 14 0
e 7 23 0
e 7 26 0
e 7 27 0
e 7 29 0
e 7 30 0
e 7 31 0
e 7 33 0
e 7 36 0
e 7 38 0
e 7 39 0
e 8 24 0
e 8 32 0
e 8 35 0
e 9 13 0
e 9 15 0
e 9 27 0
e 9 18 0
e 9 29 0
e 9 24 0
e 9 28 0
e 9 32 0
e 9 30 0
e 9 39 0
e 9 14 0
e 9 12 0
e 9 10 0
e 9 38 0
e 10 12 0
e 10 16 0
e 10 26 0
e 10 29 0
e 10 24 0
e 10 15 0
e 10 27 0
e 10 36 0
e 10 28 0
e 10 30 0
e 10 39 0
e 10 14 0
e 10 35 0
e 11 21 0
e 11 22 0
e 11 37 0
e 11 34 0
e 12 13 0
e 12 27 0
e 12 18 0
e 12 29 0
e 12 30 0
e 13 31 0
e 13 27 0
e 13 32 0
e 13 39 0
e 13 14 0
e 13 33 0
e 13 16 0
e 13 18 0
e 13 20 0
e 13 24 0
e 13 29 0
e 13 35 0
e 14 33 0
e 14 28 0
e 14 29 0
e 14 38 0
e 15 17 0
e 15 27 0
e 15 36 0
e 15 25 0
e 15 32 0
e 15 21 0
e 15 19 0
e 15 38 0
e 16 31 0
e 16 30 0
e 16 27 0
e 16 29 0
e 16 32 0
e 16 39 0
e 16 33 0
e 16 23 0
e 16 35 0
e 17 35 0
e 18 19 0
e 18 30 0
e 18 36 0
e 18 20 0
e 18 29 0
e 18 32 0
e 18 24 0
e 18 33 0
e 18 35 0
e 18 38 0
e 19 27 0
e 19 36 0
e 19 25 0
e 19 28 0
e 19 32 0
e 19 20 0
e 19 23 0
e 19 26 0
e 19 38 0
e 20 31 0
e 20 25 0
e 20 24 0
e 20 33 0
e 20 35 0
e 20 38 0
e 21 35 0
e 23 26 0
e 23 38 0
e 23 28 0
e 23 32 0
e 23 35 0
e 23 33 0
e 24 31 0
e 24 36 0
e 24 25 0
e 24 28 0
e 24 32 0
e 24 30 0
e 24 38 0
e 25 35 0
e 26 27 0
e 26 28 0
e 26 30 0
e 26 33 0
e 26 38 0
e 27 36 0
e 27 32 0
e 27 33 0
e 27 29 0
e 27 38 0
e 28 32 0
e 28 30 0
e 28 33 0
e 28 29 0
e 28 36 0
e 28 38 0
e 29 36 0
e 29 39 0
e 29 33 0
e 29 35 0
e 30 39 0
e 30 31 0
e 30 35 0
e 30 36 0
e 31 36 0
e 31 35 0
e 31 38 0
e 32 39 0
e 32 33 0
e 32 38 0
e 33 39 0
e 35 38 0
e 36 38 0
e 38 39 0
