t 40 81
v 0 18 6
v 1 18 7
v 2 9 4
v 3 18 4
v 4 18 5
v 5 9 7
v 6 18 7
v 7 13 1
v 8 30 2
v 9 30 4
v 10 18 8
v 11 13 2
v 12 30 3
v 13 18 1
v 14 18 5
v 15 33 1
v 16 18 9
v 17 30 3
v 18 30 3
v 19 11 3
v 20 11 7
v 21 18 6
v 22 30 1
v 23 13 2
v 24 30 3
v 25 27 12
v 26 30 2
v 27 18 7
v 28 30 2
v 29 30 2
v 30 18 4
v 31 11 4
v 32 14 4
v 33 18 3
v 34 28 2
v 35 28 2
v 36 18 3
v 37 28 2
v 38 18 2
v 39 9 7
e 0 3 0
e 0 10 0
e 0 39 0
e 0 5 0
e 0 4 0
e 0 6 0
e 1 28 0
e 1 21 0
e 1 22 0
e 1 24 0
e 1 13 0
e 1 20 0
e 1 30 0
e 2 25 0
e 2 4 0
e 2 14 0
e 2 39 0
e 3 5 0
e 3 6 0
e 3 10 0
e 4 27 0
e 4 16 0
e 4 25 0
e 5 27 0
e 5 15 0
e 5 10 0
e 5 16 0
e 5 39 0
e 6 32 0
e 6 27 0
e 6 16 0
e 6 10 0
e 6 38 0
e 7 23 0
e 8 17 0
e 8 25 0
e 9 12 0
e 9 18 0
e 9 19 0
e 9 29 0
e 10 32 0
e 10 25 0
e 10 39 0
e 10 16 0
e 11 29 0
e 11 20 0
e 12 17 0
e 12 25 0
e 14 32 0
e 14 27 0
e 14 16 0
e 14 39 0
e 16 32 0
e 16 27 0
e 16 25 0
e 16 39 0
e 17 25 0
e 18 19 0
e 18 25 0
e 19 25 0
e 20 21 0
e 20 24 0
e 20 30 0
e 20 31 0
e 20 33 0
e 21 34 0
e 21 37 0
e 21 35 0
e 21 24 0
e 23 25 0
e 25 27 0
e 25 39 0
e 26 28 0
e 26 30 0
e 27 38 0
e 30 31 0
e 31 36 0
e 31 33 0
e 33 36 0
e 34 37 0
e 35 36 0
