t 32 42
v 0 11 3
v 1 27 2
v 2 1 2
v 3 11 2
v 4 18 2
v 5 33 3
v 6 7 5
v 7 18 3
v 8 12 3
v 9 16 7
v 10 9 6
v 11 11 2
v 12 12 1
v 13 11 2
v 14 7 3
v 15 16 2
v 16 7 5
v 17 11 1
v 18 11 1
v 19 11 2
v 20 33 1
v 21 16 2
v 22 11 2
v 23 16 4
v 24 11 4
v 25 2 2
v 26 27 2
v 27 11 2
v 28 11 2
v 29 11 2
v 30 11 3
v 31 17 1
e 0 19 0
e 0 8 0
e 0 13 0
e 1 3 0
e 1 8 0
e 2 26 0
e 2 4 0
e 3 19 0
e 4 7 0
e 5 12 0
e 5 8 0
e 5 10 0
e 6 9 0
e 6 10 0
e 6 14 0
e 6 16 0
e 6 23 0
e 7 11 0
e 7 27 0
e 9 16 0
e 9 23 0
e 9 21 0
e 9 15 0
e 9 10 0
e 9 14 0
e 10 16 0
e 10 23 0
e 10 20 0
e 11 24 0
e 13 26 0
e 14 16 0
e 15 21 0
e 16 23 0
e 17 24 0
e 18 25 0
e 22 29 0
e 22 28 0
e 24 27 0
e 24 28 0
e 25 30 0
e 29 30 0
e 30 31 0
