t 40 64
v 0 12 4
v 1 12 2
v 2 12 5
v 3 12 4
v 4 0 3
v 5 15 4
v 6 12 5
v 7 16 2
v 8 1 5
v 9 16 1
v 10 15 1
v 11 7 4
v 12 33 3
v 13 7 3
v 14 7 5
v 15 7 4
v 16 9 3
v 17 7 3
v 18 16 1
v 19 9 4
v 20 9 3
v 21 9 3
v 22 12 4
v 23 9 4
v 24 27 3
v 25 27 1
v 26 9 2
v 27 9 2
v 28 33 3
v 29 16 3
v 30 9 5
v 31 9 7
v 32 15 3
v 33 7 4
v 34 16 6
v 35 9 1
v 36 16 2
v 37 0 1
v 38 9 2
v 39 12 3
e 0 1 0
e 0 7 0
e 0 36 0
e 0 39 0
e 1 5 0
e 2 3 0
e 2 6 0
e 2 8 0
e 2 22 0
e 2 34 0
e 3 5 0
e 3 6 0
e 3 32 0
e 4 13 0
e 4 11 0
e 4 37 0
e 5 6 0
e 5 32 0
e 6 22 0
e 6 32 0
e 7 9 0
e 8 22 0
e 8 11 0
e 8 13 0
e 8 34 0
e 10 39 0
e 11 13 0
e 11 34 0
e 12 20 0
e 12 23 0
e 12 31 0
e 14 15 0
e 14 17 0
e 14 19 0
e 14 31 0
e 14 33 0
e 15 17 0
e 15 31 0
e 15 33 0
e 16 24 0
e 16 28 0
e 16 20 0
e 17 21 0
e 18 34 0
e 19 30 0
e 19 21 0
e 19 29 0
e 20 25 0
e 21 30 0
e 22 34 0
e 23 28 0
e 23 24 0
e 23 31 0
e 24 31 0
e 26 30 0
e 26 27 0
e 27 30 0
e 28 31 0
e 29 34 0
e 29 33 0
e 30 38 0
e 31 33 0
e 35 38 0
e 36 39 0
