t 24 48
v 0 9 5
v 1 12 2
v 2 27 1
v 3 30 7
v 4 9 4
v 5 30 5
v 6 30 10
v 7 9 4
v 8 11 2
v 9 5 7
v 10 9 4
v 11 30 7
v 12 11 2
v 13 5 6
v 14 5 2
v 15 5 3
v 16 27 2
v 17 11 5
v 18 23 4
v 19 11 3
v 20 5 3
v 21 9 4
v 22 11 2
v 23 27 2
e 0 10 0
e 0 19 0
e 0 12 0
e 0 7 0
e 0 4 0
e 1 8 0
e 1 19 0
e 2 23 0
e 3 13 0
e 3 5 0
e 3 17 0
e 3 9 0
e 3 6 0
e 3 11 0
e 3 18 0
e 4 7 0
e 4 10 0
e 4 21 0
e 5 17 0
e 5 6 0
e 5 11 0
e 5 18 0
e 6 13 0
e 6 15 0
e 6 20 0
e 6 14 0
e 6 17 0
e 6 9 0
e 6 11 0
e 6 18 0
e 7 10 0
e 7 21 0
e 8 22 0
e 9 13 0
e 9 15 0
e 9 20 0
e 9 14 0
e 9 11 0
e 10 21 0
e 11 13 0
e 11 17 0
e 11 18 0
e 12 17 0
e 13 15 0
e 13 20 0
e 16 23 0
e 16 22 0
e 19 21 0
