t 32 54
v 0 2 6
v 1 2 5
v 2 21 3
v 3 11 3
v 4 21 1
v 5 11 1
v 6 11 4
v 7 2 4
v 8 32 3
v 9 2 6
v 10 30 2
v 11 2 6
v 12 11 2
v 13 21 3
v 14 32 1
v 15 21 2
v 16 4 2
v 17 11 2
v 18 2 4
v 19 2 8
v 20 11 7
v 21 11 4
v 22 18 1
v 23 2 6
v 24 13 2
v 25 11 2
v 26 21 2
v 27 9 3
v 28 11 4
v 29 21 3
v 30 11 4
v 31 11 2
e 0 20 0
e 0 3 0
e 0 28 0
e 0 6 0
e 0 9 0
e 0 19 0
e 1 19 0
e 1 30 0
e 1 28 0
e 1 6 0
e 1 21 0
e 2 29 0
e 2 15 0
e 2 11 0
e 3 9 0
e 3 19 0
e 4 13 0
e 5 25 0
e 6 11 0
e 6 18 0
e 7 21 0
e 7 20 0
e 7 19 0
e 7 23 0
e 8 16 0
e 8 23 0
e 8 27 0
e 9 20 0
e 9 21 0
e 9 31 0
e 9 23 0
e 10 17 0
e 10 24 0
e 11 20 0
e 11 30 0
e 11 21 0
e 11 13 0
e 12 17 0
e 12 27 0
e 13 29 0
e 14 27 0
e 15 26 0
e 16 23 0
e 18 20 0
e 18 28 0
e 18 19 0
e 19 20 0
e 19 30 0
e 19 28 0
e 20 23 0
e 22 31 0
e 23 30 0
e 24 25 0
e 26 29 0
