t 24 72
v 0 12 9
v 1 12 10
v 2 18 3
v 3 11 1
v 4 12 11
v 5 18 5
v 6 12 7
v 7 18 1
v 8 11 3
v 9 12 9
v 10 12 10
v 11 12 9
v 12 12 8
v 13 12 9
v 14 12 6
v 15 12 9
v 16 12 7
v 17 12 7
v 18 12 10
v 19 36 1
v 20 18 3
v 21 18 4
v 22 30 1
v 23 30 1
e 0 16 0
e 0 11 0
e 0 1 0
e 0 4 0
e 0 10 0
e 0 12 0
e 0 13 0
e 0 15 0
e 0 18 0
e 1 15 0
e 1 4 0
e 1 10 0
e 1 17 0
e 1 11 0
e 1 9 0
e 1 12 0
e 1 13 0
e 1 18 0
e 2 5 0
e 2 8 0
e 2 20 0
e 3 8 0
e 4 10 0
e 4 17 0
e 4 14 0
e 4 16 0
e 4 11 0
e 4 6 0
e 4 9 0
e 4 12 0
e 4 18 0
e 5 21 0
e 5 7 0
e 5 19 0
e 5 20 0
e 6 18 0
e 6 15 0
e 6 10 0
e 6 16 0
e 6 11 0
e 6 9 0
e 8 12 0
e 9 13 0
e 9 18 0
e 9 15 0
e 9 10 0
e 9 14 0
e 9 16 0
e 10 17 0
e 10 11 0
e 10 12 0
e 10 13 0
e 10 18 0
e 11 13 0
e 11 15 0
e 11 17 0
e 11 18 0
e 12 13 0
e 12 15 0
e 12 14 0
e 13 18 0
e 13 15 0
e 13 17 0
e 14 16 0
e 14 17 0
e 14 18 0
e 15 17 0
e 15 16 0
e 16 18 0
e 20 21 0
e 21 22 0
e 21 23 0
