t 32 62
v 0 9 4
v 1 17 3
v 2 5 3
v 3 9 6
v 4 18 3
v 5 4 1
v 6 17 4
v 7 9 1
v 8 9 1
v 9 17 4
v 10 9 2
v 11 18 7
v 12 9 1
v 13 17 2
v 14 18 5
v 15 11 7
v 16 18 4
v 17 18 8
v 18 18 7
v 19 9 3
v 20 9 2
v 21 18 1
v 22 18 7
v 23 18 6
v 24 18 6
v 25 17 3
v 26 18 6
v 27 11 5
v 28 9 2
v 29 18 5
v 30 9 1
v 31 18 4
e 0 9 0
e 0 6 0
e 0 20 0
e 0 1 0
e 1 27 0
e 1 29 0
e 2 5 0
e 2 23 0
e 2 4 0
e 3 17 0
e 3 12 0
e 3 14 0
e 3 16 0
e 3 18 0
e 3 24 0
e 4 9 0
e 4 29 0
e 6 25 0
e 6 27 0
e 6 29 0
e 7 23 0
e 8 23 0
e 9 19 0
e 9 29 0
e 10 23 0
e 10 28 0
e 11 17 0
e 11 21 0
e 11 18 0
e 11 14 0
e 11 15 0
e 11 22 0
e 11 31 0
e 13 19 0
e 13 25 0
e 14 17 0
e 14 26 0
e 14 15 0
e 15 24 0
e 15 22 0
e 15 31 0
e 15 18 0
e 15 27 0
e 16 17 0
e 16 26 0
e 16 22 0
e 17 18 0
e 17 22 0
e 17 26 0
e 17 31 0
e 18 22 0
e 18 24 0
e 18 26 0
e 19 20 0
e 22 26 0
e 22 24 0
e 23 28 0
e 23 30 0
e 24 31 0
e 24 26 0
e 25 27 0
e 27 29 0
