t 40 376
v 0 14 17
v 1 14 25
v 2 14 1
v 3 13 4
v 4 14 21
v 5 14 26
v 6 15 3
v 7 14 26
v 8 14 30
v 9 14 27
v 10 13 2
v 11 14 18
v 12 14 16
v 13 14 15
v 14 14 21
v 15 14 28
v 16 14 23
v 17 14 29
v 18 14 18
v 19 14 17
v 20 14 25
v 21 14 4
v 22 15 22
v 23 14 29
v 24 14 11
v 25 13 4
v 26 14 23
v 27 14 26
v 28 14 15
v 29 14 26
v 30 15 16
v 31 14 30
v 32 14 31
v 33 14 16
v 34 14 14
v 35 14 20
v 36 15 22
v 37 14 28
v 38 15 3
v 39 15 20
e 0 9 0
e 0 13 0
e 0 11 0
e 0 15 0
e 0 31 0
e 0 17 0
e 0 35 0
e 0 16 0
e 0 5 0
e 0 32 0
e 0 37 0
e 0 23 0
e 0 27 0
e 0 20 0
e 0 7 0
e 0 26 0
e 0 8 0
e 1 39 0
e 1 13 0
e 1 11 0
e 1 33 0
e 1 30 0
e 1 24 0
e 1 22 0
e 1 14 0
e 1 19 0
e 1 12 0
e 1 28 0
e 1 5 0
e 1 37 0
e 1 26 0
e 1 8 0
e 1 4 0
e 1 9 0
e 1 15 0
e 1 17 0
e 1 18 0
e 1 20 0
e 1 29 0
e 1 32 0
e 1 35 0
e 1 36 0
e 2 6 0
e 3 10 0
e 3 6 0
e 3 4 0
e 3 25 0
e 4 13 0
e 4 25 0
e 4 11 0
e 4 35 0
e 4 27 0
e 4 32 0
e 4 20 0
e 4 16 0
e 4 9 0
e 4 15 0
e 4 19 0
e 4 14 0
e 4 31 0
e 4 29 0
e 4 5 0
e 4 23 0
e 4 7 0
e 4 26 0
e 4 8 0
e 5 39 0
e 5 33 0
e 5 30 0
e 5 22 0
e 5 14 0
e 5 19 0
e 5 12 0
e 5 34 0
e 5 37 0
e 5 23 0
e 5 7 0
e 5 8 0
e 5 15 0
e 5 16 0
e 5 17 0
e 5 18 0
e 5 20 0
e 5 27 0
e 5 29 0
e 5 31 0
e 5 32 0
e 5 35 0
e 5 36 0
e 6 25 0
e 7 39 0
e 7 33 0
e 7 30 0
e 7 22 0
e 7 14 0
e 7 19 0
e 7 12 0
e 7 34 0
e 7 28 0
e 7 26 0
e 7 8 0
e 7 9 0
e 7 16 0
e 7 17 0
e 7 20 0
e 7 23 0
e 7 27 0
e 7 29 0
e 7 31 0
e 7 32 0
e 7 35 0
e 7 36 0
e 7 37 0
e 8 39 0
e 8 13 0
e 8 11 0
e 8 33 0
e 8 30 0
e 8 24 0
e 8 22 0
e 8 14 0
e 8 19 0
e 8 12 0
e 8 34 0
e 8 28 0
e 8 15 0
e 8 16 0
e 8 17 0
e 8 18 0
e 8 20 0
e 8 23 0
e 8 26 0
e 8 27 0
e 8 29 0
e 8 31 0
e 8 32 0
e 8 36 0
e 8 37 0
e 9 39 0
e 9 13 0
e 9 11 0
e 9 30 0
e 9 24 0
e 9 15 0
e 9 22 0
e 9 31 0
e 9 12 0
e 9 17 0
e 9 29 0
e 9 34 0
e 9 28 0
e 9 37 0
e 9 23 0
e 9 26 0
e 9 16 0
e 9 18 0
e 9 20 0
e 9 27 0
e 9 32 0
e 9 35 0
e 9 36 0
e 10 25 0
e 11 19 0
e 11 14 0
e 11 13 0
e 11 15 0
e 11 17 0
e 11 18 0
e 11 20 0
e 11 23 0
e 11 29 0
e 11 31 0
e 11 32 0
e 11 35 0
e 11 37 0
e 12 39 0
e 12 15 0
e 12 17 0
e 12 20 0
e 12 22 0
e 12 27 0
e 12 29 0
e 12 31 0
e 12 32 0
e 12 36 0
e 12 37 0
e 13 14 0
e 13 15 0
e 13 17 0
e 13 20 0
e 13 23 0
e 13 31 0
e 13 32 0
e 13 35 0
e 13 37 0
e 14 15 0
e 14 16 0
e 14 17 0
e 14 18 0
e 14 19 0
e 14 20 0
e 14 23 0
e 14 26 0
e 14 27 0
e 14 29 0
e 14 31 0
e 14 32 0
e 14 35 0
e 14 37 0
e 15 39 0
e 15 33 0
e 15 30 0
e 15 24 0
e 15 22 0
e 15 31 0
e 15 19 0
e 15 17 0
e 15 29 0
e 15 34 0
e 15 28 0
e 15 23 0
e 15 26 0
e 15 16 0
e 15 18 0
e 15 32 0
e 15 35 0
e 15 36 0
e 16 39 0
e 16 33 0
e 16 30 0
e 16 18 0
e 16 22 0
e 16 31 0
e 16 17 0
e 16 29 0
e 16 37 0
e 16 23 0
e 16 26 0
e 16 20 0
e 16 27 0
e 16 32 0
e 16 35 0
e 17 39 0
e 17 30 0
e 17 22 0
e 17 19 0
e 17 34 0
e 17 28 0
e 17 21 0
e 17 23 0
e 17 37 0
e 17 26 0
e 17 18 0
e 17 20 0
e 17 27 0
e 17 31 0
e 17 32 0
e 17 35 0
e 17 36 0
e 18 31 0
e 18 29 0
e 18 37 0
e 18 23 0
e 18 26 0
e 18 20 0
e 18 27 0
e 18 32 0
e 18 35 0
e 19 20 0
e 19 26 0
e 19 27 0
e 19 29 0
e 19 31 0
e 19 32 0
e 19 35 0
e 19 37 0
e 20 30 0
e 20 24 0
e 20 31 0
e 20 29 0
e 20 28 0
e 20 37 0
e 20 23 0
e 20 26 0
e 20 32 0
e 20 36 0
e 21 22 0
e 21 32 0
e 21 36 0
e 22 39 0
e 22 33 0
e 22 30 0
e 22 38 0
e 22 28 0
e 22 34 0
e 22 23 0
e 22 24 0
e 22 26 0
e 22 31 0
e 22 36 0
e 22 37 0
e 23 39 0
e 23 33 0
e 23 30 0
e 23 24 0
e 23 34 0
e 23 28 0
e 23 26 0
e 23 27 0
e 23 29 0
e 23 31 0
e 23 32 0
e 23 35 0
e 23 36 0
e 23 37 0
e 24 27 0
e 24 29 0
e 24 32 0
e 24 37 0
e 26 39 0
e 26 33 0
e 26 27 0
e 26 29 0
e 26 31 0
e 26 32 0
e 26 35 0
e 26 36 0
e 27 39 0
e 27 33 0
e 27 30 0
e 27 32 0
e 27 31 0
e 27 29 0
e 27 34 0
e 27 28 0
e 27 37 0
e 27 35 0
e 27 36 0
e 28 39 0
e 28 31 0
e 28 32 0
e 28 36 0
e 28 37 0
e 29 39 0
e 29 33 0
e 29 30 0
e 29 34 0
e 29 37 0
e 29 31 0
e 29 32 0
e 29 36 0
e 30 31 0
e 30 32 0
e 30 37 0
e 31 39 0
e 31 33 0
e 31 34 0
e 31 37 0
e 31 32 0
e 31 35 0
e 31 36 0
e 32 39 0
e 32 33 0
e 32 34 0
e 32 35 0
e 32 36 0
e 33 36 0
e 33 37 0
e 33 39 0
e 34 36 0
e 34 37 0
e 35 37 0
e 36 38 0
e 36 37 0
e 37 39 0
e 38 39 0
