t 32 99
v 0 9 11
v 1 30 10
v 2 33 8
v 3 7 2
v 4 9 5
v 5 30 6
v 6 33 6
v 7 30 7
v 8 30 9
v 9 30 7
v 10 30 3
v 11 7 2
v 12 33 7
v 13 5 5
v 14 11 2
v 15 30 10
v 16 33 6
v 17 5 2
v 18 12 8
v 19 5 4
v 20 3 4
v 21 11 6
v 22 12 7
v 23 33 7
v 24 33 7
v 25 9 10
v 26 9 10
v 27 33 6
v 28 33 7
v 29 9 10
v 30 12 3
v 31 11 1
e 0 2 0
e 0 16 0
e 0 6 0
e 0 27 0
e 0 23 0
e 0 28 0
e 0 12 0
e 0 29 0
e 0 4 0
e 0 25 0
e 0 26 0
e 1 19 0
e 1 15 0
e 1 21 0
e 1 10 0
e 1 8 0
e 1 5 0
e 1 20 0
e 1 13 0
e 1 7 0
e 1 9 0
e 2 18 0
e 2 22 0
e 2 24 0
e 2 25 0
e 2 26 0
e 2 29 0
e 2 30 0
e 3 4 0
e 3 11 0
e 4 26 0
e 4 25 0
e 4 29 0
e 5 7 0
e 5 8 0
e 5 9 0
e 5 15 0
e 5 21 0
e 6 18 0
e 6 24 0
e 6 25 0
e 6 26 0
e 6 29 0
e 7 15 0
e 7 21 0
e 7 8 0
e 7 20 0
e 7 9 0
e 8 10 0
e 8 20 0
e 8 13 0
e 8 9 0
e 8 15 0
e 8 21 0
e 9 15 0
e 9 21 0
e 9 11 0
e 10 15 0
e 12 18 0
e 12 22 0
e 12 24 0
e 12 25 0
e 12 26 0
e 12 29 0
e 13 19 0
e 13 17 0
e 13 15 0
e 14 31 0
e 14 30 0
e 15 19 0
e 15 21 0
e 15 20 0
e 16 18 0
e 16 22 0
e 16 24 0
e 16 25 0
e 16 26 0
e 17 19 0
e 18 22 0
e 18 23 0
e 18 27 0
e 18 28 0
e 22 23 0
e 22 27 0
e 22 28 0
e 23 24 0
e 23 25 0
e 23 26 0
e 23 29 0
e 24 28 0
e 24 30 0
e 25 27 0
e 25 28 0
e 25 29 0
e 26 27 0
e 26 28 0
e 26 29 0
e 27 29 0
e 28 29 0
