t 32 114
v 0 5 10
v 1 3 10
v 2 21 1
v 3 5 4
v 4 3 8
v 5 5 12
v 6 3 9
v 7 5 10
v 8 3 10
v 9 3 10
v 10 11 16
v 11 5 5
v 12 5 4
v 13 28 12
v 14 24 8
v 15 24 3
v 16 3 11
v 17 24 8
v 18 5 3
v 19 21 5
v 20 3 10
v 21 5 8
v 22 11 1
v 23 5 15
v 24 12 1
v 25 5 10
v 26 24 1
v 27 4 1
v 28 1 3
v 29 21 5
v 30 11 8
v 31 11 6
e 0 6 0
e 0 23 0
e 0 4 0
e 0 21 0
e 0 5 0
e 0 1 0
e 0 7 0
e 0 9 0
e 0 13 0
e 0 20 0
e 1 4 0
e 1 8 0
e 1 5 0
e 1 7 0
e 1 9 0
e 1 13 0
e 1 20 0
e 1 21 0
e 1 23 0
e 2 31 0
e 3 5 0
e 3 20 0
e 3 23 0
e 3 25 0
e 4 16 0
e 4 6 0
e 4 7 0
e 4 10 0
e 4 20 0
e 4 23 0
e 5 11 0
e 5 23 0
e 5 21 0
e 5 16 0
e 5 25 0
e 5 7 0
e 5 9 0
e 5 10 0
e 5 13 0
e 6 23 0
e 6 8 0
e 6 16 0
e 6 9 0
e 6 10 0
e 6 13 0
e 6 20 0
e 7 23 0
e 7 8 0
e 7 16 0
e 7 25 0
e 7 9 0
e 7 20 0
e 8 16 0
e 8 9 0
e 8 10 0
e 8 13 0
e 8 20 0
e 8 21 0
e 8 25 0
e 9 23 0
e 9 21 0
e 9 16 0
e 9 13 0
e 10 23 0
e 10 17 0
e 10 19 0
e 10 14 0
e 10 15 0
e 10 29 0
e 10 31 0
e 10 21 0
e 10 30 0
e 10 16 0
e 10 18 0
e 10 25 0
e 11 23 0
e 11 21 0
e 11 16 0
e 11 25 0
e 12 13 0
e 12 14 0
e 12 17 0
e 12 18 0
e 13 20 0
e 13 23 0
e 13 14 0
e 13 16 0
e 13 25 0
e 14 17 0
e 14 19 0
e 14 15 0
e 14 30 0
e 14 31 0
e 15 17 0
e 16 23 0
e 16 25 0
e 17 19 0
e 17 29 0
e 17 18 0
e 17 30 0
e 19 29 0
e 19 31 0
e 20 23 0
e 20 25 0
e 21 23 0
e 22 30 0
e 23 25 0
e 24 28 0
e 26 30 0
e 27 29 0
e 28 31 0
e 28 30 0
e 29 30 0
e 30 31 0
