t 40 71
v 0 9 2
v 1 7 3
v 2 15 3
v 3 7 1
v 4 9 1
v 5 13 9
v 6 12 2
v 7 7 1
v 8 13 5
v 9 15 4
v 10 9 2
v 11 13 7
v 12 7 1
v 13 7 1
v 14 15 8
v 15 13 4
v 16 13 3
v 17 2 1
v 18 7 1
v 19 12 7
v 20 7 1
v 21 13 5
v 22 15 3
v 23 13 5
v 24 12 7
v 25 9 2
v 26 15 5
v 27 13 2
v 28 9 3
v 29 12 2
v 30 12 10
v 31 15 2
v 32 15 8
v 33 15 2
v 34 14 3
v 35 18 2
v 36 13 8
v 37 15 1
v 38 15 3
v 39 14 2
e 0 22 0
e 0 28 0
e 1 19 0
e 1 30 0
e 1 32 0
e 2 10 0
e 2 22 0
e 2 4 0
e 3 8 0
e 5 12 0
e 5 11 0
e 5 23 0
e 5 36 0
e 5 8 0
e 5 14 0
e 5 22 0
e 5 20 0
e 5 15 0
e 6 32 0
e 6 29 0
e 7 8 0
e 8 11 0
e 8 36 0
e 9 31 0
e 9 33 0
e 9 24 0
e 9 30 0
e 10 28 0
e 11 14 0
e 11 15 0
e 11 16 0
e 11 19 0
e 11 30 0
e 13 36 0
e 14 16 0
e 14 18 0
e 14 17 0
e 14 15 0
e 14 19 0
e 14 30 0
e 15 21 0
e 16 36 0
e 19 32 0
e 19 26 0
e 19 21 0
e 19 30 0
e 21 27 0
e 21 23 0
e 21 36 0
e 23 30 0
e 23 32 0
e 23 36 0
e 24 37 0
e 24 31 0
e 24 33 0
e 24 32 0
e 24 26 0
e 24 29 0
e 25 28 0
e 25 34 0
e 26 30 0
e 26 32 0
e 26 38 0
e 27 36 0
e 30 32 0
e 30 36 0
e 30 38 0
e 32 38 0
e 34 35 0
e 34 39 0
e 35 39 0
