t 24 62
v 0 11 2
v 1 11 6
v 2 11 3
v 3 11 9
v 4 11 8
v 5 11 3
v 6 11 2
v 7 11 7
v 8 11 8
v 9 11 8
v 10 11 7
v 11 7 2
v 12 11 9
v 13 11 8
v 14 7 4
v 15 11 6
v 16 11 7
v 17 11 8
v 18 11 4
v 19 11 4
v 20 18 2
v 21 9 3
v 22 7 2
v 23 7 2
e 0 18 0
e 0 5 0
e 1 16 0
e 1 9 0
e 1 4 0
e 1 3 0
e 1 8 0
e 1 13 0
e 2 7 0
e 2 6 0
e 2 18 0
e 3 12 0
e 3 17 0
e 3 15 0
e 3 16 0
e 3 9 0
e 3 8 0
e 3 4 0
e 3 13 0
e 4 10 0
e 4 12 0
e 4 17 0
e 4 15 0
e 4 9 0
e 4 13 0
e 5 6 0
e 5 19 0
e 7 8 0
e 7 10 0
e 7 13 0
e 7 17 0
e 7 18 0
e 7 19 0
e 8 10 0
e 8 12 0
e 8 15 0
e 8 16 0
e 8 9 0
e 9 12 0
e 9 15 0
e 9 16 0
e 9 17 0
e 10 12 0
e 10 17 0
e 10 16 0
e 10 13 0
e 11 14 0
e 11 21 0
e 12 17 0
e 12 15 0
e 12 16 0
e 12 13 0
e 13 17 0
e 13 16 0
e 14 21 0
e 14 22 0
e 14 23 0
e 15 17 0
e 18 19 0
e 19 20 0
e 20 21 0
e 22 23 0
