t 40 75
v 0 15 4
v 1 15 5
v 2 16 1
v 3 15 2
v 4 12 2
v 5 15 4
v 6 16 5
v 7 12 6
v 8 12 4
v 9 15 1
v 10 16 2
v 11 12 9
v 12 33 3
v 13 17 4
v 14 15 8
v 15 9 4
v 16 27 5
v 17 15 2
v 18 27 2
v 19 12 7
v 20 13 1
v 21 11 2
v 22 11 2
v 23 11 1
v 24 9 6
v 25 15 6
v 26 16 3
v 27 12 4
v 28 12 7
v 29 33 4
v 30 17 4
v 31 33 3
v 32 17 4
v 33 33 4
v 34 12 6
v 35 33 3
v 36 15 5
v 37 16 1
v 38 15 2
v 39 9 2
e 0 17 0
e 0 9 0
e 0 11 0
e 0 38 0
e 1 28 0
e 1 7 0
e 1 11 0
e 1 32 0
e 1 36 0
e 2 6 0
e 3 39 0
e 3 5 0
e 4 11 0
e 4 36 0
e 5 39 0
e 5 17 0
e 5 38 0
e 6 7 0
e 6 8 0
e 6 11 0
e 6 28 0
e 7 25 0
e 7 13 0
e 7 14 0
e 7 32 0
e 8 28 0
e 8 32 0
e 8 14 0
e 10 24 0
e 10 26 0
e 11 13 0
e 11 28 0
e 11 25 0
e 11 14 0
e 11 36 0
e 12 30 0
e 12 34 0
e 12 19 0
e 13 28 0
e 13 25 0
e 14 28 0
e 14 25 0
e 14 32 0
e 14 36 0
e 14 27 0
e 15 33 0
e 15 29 0
e 15 16 0
e 15 24 0
e 16 18 0
e 16 19 0
e 16 30 0
e 16 24 0
e 18 20 0
e 19 29 0
e 19 31 0
e 19 33 0
e 19 34 0
e 19 35 0
e 21 22 0
e 21 27 0
e 22 23 0
e 24 26 0
e 24 29 0
e 24 35 0
e 25 28 0
e 25 36 0
e 26 37 0
e 27 33 0
e 27 30 0
e 29 34 0
e 30 31 0
e 31 34 0
e 33 34 0
e 34 35 0
