t 40 72
v 0 5 3
v 1 18 2
v 2 11 4
v 3 24 4
v 4 29 2
v 5 18 7
v 6 18 1
v 7 11 3
v 8 0 3
v 9 27 6
v 10 2 8
v 11 11 4
v 12 5 5
v 13 11 4
v 14 2 7
v 15 3 1
v 16 18 3
v 17 3 2
v 18 11 3
v 19 11 4
v 20 11 4
v 21 2 1
v 22 11 4
v 23 14 2
v 24 11 2
v 25 2 6
v 26 18 3
v 27 11 6
v 28 0 2
v 29 17 2
v 30 9 1
v 31 2 6
v 32 11 5
v 33 2 7
v 34 5 3
v 35 11 3
v 36 18 4
v 37 11 1
v 38 11 3
v 39 2 3
e 0 12 0
e 0 2 0
e 0 8 0
e 1 5 0
e 1 6 0
e 2 12 0
e 2 17 0
e 2 38 0
e 3 29 0
e 3 34 0
e 3 4 0
e 3 10 0
e 4 34 0
e 5 24 0
e 5 9 0
e 5 11 0
e 5 16 0
e 5 26 0
e 5 32 0
e 7 30 0
e 7 10 0
e 7 36 0
e 8 12 0
e 8 17 0
e 9 24 0
e 9 35 0
e 9 18 0
e 9 36 0
e 9 20 0
e 10 14 0
e 10 31 0
e 10 13 0
e 10 25 0
e 10 33 0
e 10 27 0
e 11 23 0
e 11 32 0
e 11 22 0
e 12 15 0
e 12 21 0
e 13 14 0
e 13 31 0
e 13 33 0
e 14 34 0
e 14 31 0
e 14 25 0
e 14 33 0
e 14 27 0
e 16 32 0
e 16 22 0
e 18 20 0
e 18 35 0
e 19 28 0
e 19 25 0
e 19 31 0
e 19 33 0
e 20 35 0
e 20 23 0
e 22 26 0
e 22 32 0
e 25 39 0
e 25 33 0
e 25 27 0
e 26 32 0
e 27 28 0
e 27 31 0
e 27 33 0
e 29 36 0
e 31 39 0
e 33 39 0
e 36 38 0
e 37 38 0
