t 40 170
v 0 6 12
v 1 15 9
v 2 14 3
v 3 15 3
v 4 15 11
v 5 15 10
v 6 15 8
v 7 12 12
v 8 15 4
v 9 14 4
v 10 14 2
v 11 12 14
v 12 6 13
v 13 15 6
v 14 15 9
v 15 15 7
v 16 7 15
v 17 15 4
v 18 9 17
v 19 16 2
v 20 15 10
v 21 15 11
v 22 16 2
v 23 9 10
v 24 14 4
v 25 9 16
v 26 15 13
v 27 27 2
v 28 14 7
v 29 14 7
v 30 7 4
v 31 7 3
v 32 33 9
v 33 7 14
v 34 6 11
v 35 15 8
v 36 6 12
v 37 15 12
v 38 8 13
v 39 15 7
e 0 33 0
e 0 14 0
e 0 12 0
e 0 1 0
e 0 6 0
e 0 15 0
e 0 39 0
e 0 35 0
e 0 13 0
e 0 16 0
e 0 38 0
e 0 36 0
e 1 6 0
e 1 12 0
e 1 14 0
e 1 16 0
e 1 33 0
e 1 34 0
e 1 36 0
e 1 38 0
e 2 9 0
e 2 28 0
e 2 29 0
e 3 8 0
e 3 26 0
e 3 37 0
e 4 32 0
e 4 20 0
e 4 23 0
e 4 5 0
e 4 7 0
e 4 11 0
e 4 18 0
e 4 21 0
e 4 25 0
e 4 26 0
e 4 37 0
e 5 20 0
e 5 23 0
e 5 7 0
e 5 11 0
e 5 18 0
e 5 21 0
e 5 25 0
e 5 26 0
e 5 37 0
e 6 35 0
e 6 12 0
e 6 14 0
e 6 16 0
e 6 36 0
e 6 38 0
e 7 26 0
e 7 18 0
e 7 17 0
e 7 32 0
e 7 21 0
e 7 25 0
e 7 23 0
e 7 22 0
e 7 11 0
e 7 19 0
e 8 18 0
e 8 26 0
e 8 37 0
e 9 29 0
e 9 24 0
e 9 28 0
e 10 25 0
e 10 18 0
e 11 26 0
e 11 18 0
e 11 17 0
e 11 32 0
e 11 21 0
e 11 20 0
e 11 25 0
e 11 23 0
e 11 22 0
e 11 37 0
e 11 19 0
e 12 14 0
e 12 15 0
e 12 39 0
e 12 35 0
e 12 13 0
e 12 16 0
e 12 33 0
e 12 34 0
e 12 36 0
e 12 38 0
e 13 16 0
e 13 33 0
e 13 34 0
e 13 38 0
e 14 16 0
e 14 33 0
e 14 34 0
e 14 36 0
e 14 38 0
e 15 16 0
e 15 33 0
e 15 34 0
e 15 36 0
e 15 38 0
e 16 33 0
e 16 30 0
e 16 31 0
e 16 39 0
e 16 35 0
e 16 38 0
e 16 36 0
e 16 34 0
e 17 18 0
e 17 25 0
e 18 26 0
e 18 32 0
e 18 24 0
e 18 21 0
e 18 20 0
e 18 29 0
e 18 25 0
e 18 23 0
e 18 37 0
e 18 28 0
e 20 32 0
e 20 21 0
e 20 23 0
e 20 25 0
e 20 26 0
e 20 37 0
e 21 32 0
e 21 23 0
e 21 25 0
e 21 26 0
e 21 37 0
e 23 25 0
e 23 26 0
e 23 37 0
e 24 25 0
e 24 29 0
e 25 32 0
e 25 26 0
e 25 28 0
e 25 29 0
e 25 37 0
e 26 32 0
e 26 37 0
e 27 28 0
e 27 29 0
e 28 29 0
e 28 30 0
e 30 31 0
e 30 33 0
e 31 33 0
e 32 37 0
e 33 39 0
e 33 35 0
e 33 34 0
e 33 36 0
e 33 38 0
e 34 39 0
e 34 35 0
e 34 38 0
e 34 36 0
e 35 36 0
e 35 38 0
e 36 39 0
e 36 38 0
e 38 39 0
