t 24 51
v 0 9 10
v 1 7 4
v 2 7 2
v 3 19 3
v 4 7 5
v 5 5 5
v 6 9 5
v 7 2 4
v 8 5 5
v 9 5 5
v 10 7 5
v 11 11 2
v 12 3 3
v 13 3 5
v 14 5 2
v 15 11 3
v 16 2 4
v 17 3 4
v 18 7 5
v 19 3 4
v 20 9 6
v 21 9 6
v 22 7 4
v 23 7 1
e 0 8 0
e 0 3 0
e 0 9 0
e 0 12 0
e 0 13 0
e 0 20 0
e 0 17 0
e 0 19 0
e 0 5 0
e 0 6 0
e 1 18 0
e 1 4 0
e 1 10 0
e 1 21 0
e 2 14 0
e 2 10 0
e 3 5 0
e 3 13 0
e 4 23 0
e 4 18 0
e 4 22 0
e 4 21 0
e 5 6 0
e 5 12 0
e 5 13 0
e 6 13 0
e 6 7 0
e 6 16 0
e 7 16 0
e 7 15 0
e 7 11 0
e 8 9 0
e 8 17 0
e 8 19 0
e 8 20 0
e 9 20 0
e 9 19 0
e 9 17 0
e 10 18 0
e 10 22 0
e 10 21 0
e 11 16 0
e 12 13 0
e 14 15 0
e 15 16 0
e 17 20 0
e 18 22 0
e 18 21 0
e 19 20 0
e 20 21 0
e 21 22 0
