t 40 90
v 0 1 4
v 1 7 5
v 2 0 3
v 3 15 4
v 4 12 3
v 5 12 5
v 6 9 10
v 7 0 4
v 8 12 4
v 9 14 1
v 10 15 4
v 11 15 6
v 12 15 6
v 13 14 3
v 14 0 3
v 15 7 5
v 16 14 5
v 17 1 6
v 18 16 1
v 19 14 10
v 20 15 7
v 21 15 7
v 22 9 13
v 23 14 2
v 24 18 2
v 25 30 5
v 26 12 5
v 27 0 3
v 28 15 6
v 29 14 6
v 30 18 1
v 31 14 4
v 32 12 7
v 33 15 5
v 34 18 4
v 35 14 1
v 36 15 4
v 37 30 2
v 38 18 3
v 39 9 1
e 0 17 0
e 0 8 0
e 0 15 0
e 0 25 0
e 1 17 0
e 1 2 0
e 1 15 0
e 1 25 0
e 1 27 0
e 2 15 0
e 2 27 0
e 3 28 0
e 3 20 0
e 3 21 0
e 3 22 0
e 4 26 0
e 4 8 0
e 4 32 0
e 5 28 0
e 5 20 0
e 5 22 0
e 5 21 0
e 5 32 0
e 6 28 0
e 6 21 0
e 6 12 0
e 6 36 0
e 6 10 0
e 6 16 0
e 6 19 0
e 6 22 0
e 6 29 0
e 6 31 0
e 7 17 0
e 7 15 0
e 7 25 0
e 7 27 0
e 8 17 0
e 8 26 0
e 9 31 0
e 10 11 0
e 10 19 0
e 10 22 0
e 11 33 0
e 11 13 0
e 11 16 0
e 11 29 0
e 11 31 0
e 12 28 0
e 12 20 0
e 12 21 0
e 12 22 0
e 12 32 0
e 13 33 0
e 13 14 0
e 14 16 0
e 14 19 0
e 15 17 0
e 16 34 0
e 16 22 0
e 17 25 0
e 18 26 0
e 19 33 0
e 19 24 0
e 19 35 0
e 19 34 0
e 19 31 0
e 19 22 0
e 19 38 0
e 20 28 0
e 20 21 0
e 20 22 0
e 20 36 0
e 21 22 0
e 21 32 0
e 22 23 0
e 22 29 0
e 22 26 0
e 22 36 0
e 23 33 0
e 24 34 0
e 25 37 0
e 26 32 0
e 28 32 0
e 29 33 0
e 29 34 0
e 29 38 0
e 30 38 0
e 32 36 0
e 37 39 0
