t 32 82
v 0 11 5
v 1 11 8
v 2 15 4
v 3 11 10
v 4 11 8
v 5 11 8
v 6 27 8
v 7 11 7
v 8 17 2
v 9 11 9
v 10 11 2
v 11 17 3
v 12 1 5
v 13 11 1
v 14 27 4
v 15 27 8
v 16 27 10
v 17 1 5
v 18 11 1
v 19 16 4
v 20 11 10
v 21 1 4
v 22 12 4
v 23 11 3
v 24 12 5
v 25 13 4
v 26 12 6
v 27 13 1
v 28 13 1
v 29 12 6
v 30 12 3
v 31 12 5
e 0 18 0
e 0 10 0
e 0 1 0
e 0 3 0
e 0 24 0
e 1 16 0
e 1 9 0
e 1 6 0
e 1 20 0
e 1 4 0
e 1 15 0
e 1 24 0
e 2 8 0
e 2 11 0
e 2 22 0
e 2 29 0
e 3 6 0
e 3 20 0
e 3 4 0
e 3 5 0
e 3 7 0
e 3 9 0
e 3 15 0
e 3 16 0
e 3 24 0
e 4 5 0
e 4 15 0
e 4 16 0
e 4 9 0
e 4 6 0
e 4 20 0
e 5 14 0
e 5 7 0
e 5 15 0
e 5 16 0
e 5 9 0
e 5 20 0
e 6 17 0
e 6 12 0
e 6 20 0
e 6 21 0
e 6 9 0
e 7 15 0
e 7 16 0
e 7 9 0
e 7 20 0
e 7 14 0
e 8 31 0
e 9 20 0
e 9 14 0
e 9 16 0
e 10 23 0
e 11 26 0
e 11 29 0
e 12 21 0
e 12 15 0
e 12 16 0
e 12 17 0
e 13 23 0
e 14 20 0
e 15 17 0
e 15 20 0
e 16 17 0
e 16 20 0
e 16 21 0
e 17 21 0
e 19 30 0
e 19 22 0
e 19 26 0
e 19 29 0
e 22 26 0
e 22 31 0
e 23 24 0
e 24 25 0
e 25 27 0
e 25 28 0
e 25 29 0
e 26 29 0
e 26 30 0
e 26 31 0
e 29 31 0
e 30 31 0
