t 24 64
v 0 15 5
v 1 15 5
v 2 15 4
v 3 15 5
v 4 28 3
v 5 12 13
v 6 17 5
v 7 18 6
v 8 17 5
v 9 15 7
v 10 15 7
v 11 12 13
v 12 30 4
v 13 12 5
v 14 30 5
v 15 12 5
v 16 30 4
v 17 12 10
v 18 12 3
v 19 17 5
v 20 30 4
v 21 9 2
v 22 9 2
v 23 9 1
e 0 1 0
e 0 3 0
e 0 4 0
e 0 5 0
e 0 11 0
e 1 2 0
e 1 3 0
e 1 5 0
e 1 11 0
e 2 3 0
e 2 5 0
e 2 11 0
e 3 5 0
e 3 11 0
e 4 7 0
e 4 14 0
e 5 19 0
e 5 9 0
e 5 13 0
e 5 15 0
e 5 6 0
e 5 8 0
e 5 10 0
e 5 11 0
e 5 17 0
e 6 10 0
e 6 9 0
e 6 17 0
e 6 11 0
e 7 21 0
e 7 20 0
e 7 12 0
e 7 16 0
e 7 14 0
e 8 10 0
e 8 9 0
e 8 17 0
e 8 11 0
e 9 10 0
e 9 11 0
e 9 17 0
e 9 19 0
e 10 19 0
e 10 11 0
e 10 17 0
e 11 19 0
e 11 13 0
e 11 15 0
e 11 17 0
e 12 14 0
e 12 16 0
e 12 20 0
e 13 15 0
e 13 17 0
e 13 18 0
e 14 16 0
e 14 20 0
e 15 17 0
e 15 18 0
e 16 20 0
e 17 19 0
e 17 18 0
e 21 22 0
e 22 23 0
