t 32 55
v 0 11 2
v 1 11 2
v 2 17 2
v 3 2 3
v 4 11 5
v 5 2 8
v 6 11 2
v 7 2 3
v 8 21 4
v 9 2 4
v 10 21 4
v 11 21 2
v 12 21 4
v 13 11 4
v 14 9 4
v 15 21 5
v 16 21 7
v 17 21 1
v 18 21 4
v 19 2 9
v 20 11 2
v 21 12 2
v 22 11 2
v 23 11 1
v 24 9 2
v 25 11 3
v 26 18 2
v 27 9 5
v 28 9 3
v 29 9 2
v 30 9 3
v 31 9 4
e 0 9 0
e 0 19 0
e 1 22 0
e 1 24 0
e 2 26 0
e 2 27 0
e 3 6 0
e 3 19 0
e 3 4 0
e 4 5 0
e 4 7 0
e 4 9 0
e 4 19 0
e 5 19 0
e 5 13 0
e 5 18 0
e 5 16 0
e 5 15 0
e 5 12 0
e 5 8 0
e 6 19 0
e 7 19 0
e 7 13 0
e 8 10 0
e 8 12 0
e 8 15 0
e 9 19 0
e 9 13 0
e 10 15 0
e 10 16 0
e 10 18 0
e 11 16 0
e 11 18 0
e 12 15 0
e 12 16 0
e 13 19 0
e 14 27 0
e 14 30 0
e 14 31 0
e 14 28 0
e 15 16 0
e 16 17 0
e 16 18 0
e 19 20 0
e 20 21 0
e 21 25 0
e 22 23 0
e 24 25 0
e 25 26 0
e 27 30 0
e 27 29 0
e 27 31 0
e 28 30 0
e 28 31 0
e 29 31 0
