t 32 51
v 0 30 2
v 1 31 3
v 2 13 4
v 3 9 1
v 4 17 1
v 5 30 3
v 6 9 7
v 7 9 7
v 8 7 2
v 9 23 2
v 10 9 7
v 11 33 4
v 12 27 3
v 13 30 2
v 14 27 2
v 15 9 6
v 16 24 2
v 17 27 3
v 18 11 2
v 19 33 3
v 20 12 3
v 21 24 3
v 22 11 2
v 23 27 2
v 24 27 4
v 25 9 5
v 26 9 2
v 27 27 6
v 28 24 2
v 29 2 3
v 30 11 2
v 31 2 2
e 0 2 0
e 0 13 0
e 1 24 0
e 1 25 0
e 1 27 0
e 2 6 0
e 2 5 0
e 2 13 0
e 3 8 0
e 4 6 0
e 5 9 0
e 5 20 0
e 6 11 0
e 6 7 0
e 6 19 0
e 6 15 0
e 6 10 0
e 7 11 0
e 7 17 0
e 7 19 0
e 7 14 0
e 7 15 0
e 7 10 0
e 8 10 0
e 9 20 0
e 10 11 0
e 10 17 0
e 10 19 0
e 10 15 0
e 11 15 0
e 12 23 0
e 12 24 0
e 12 27 0
e 14 15 0
e 15 17 0
e 16 21 0
e 16 28 0
e 18 22 0
e 18 23 0
e 20 22 0
e 21 25 0
e 21 27 0
e 24 25 0
e 24 27 0
e 25 26 0
e 25 27 0
e 26 27 0
e 28 29 0
e 29 30 0
e 29 31 0
e 30 31 0
