t 32 45
v 0 18 2
v 1 13 2
v 2 22 1
v 3 13 4
v 4 22 2
v 5 15 2
v 6 14 3
v 7 18 4
v 8 13 3
v 9 18 1
v 10 13 2
v 11 14 7
v 12 14 3
v 13 13 3
v 14 13 2
v 15 22 4
v 16 13 2
v 17 13 2
v 18 14 2
v 19 14 6
v 20 18 5
v 21 15 2
v 22 13 2
v 23 18 3
v 24 14 2
v 25 13 2
v 26 13 3
v 27 13 4
v 28 18 1
v 29 18 3
v 30 18 5
v 31 13 1
e 0 15 0
e 0 4 0
e 1 31 0
e 1 7 0
e 2 4 0
e 3 26 0
e 3 7 0
e 3 27 0
e 3 30 0
e 5 10 0
e 5 27 0
e 6 21 0
e 6 11 0
e 6 19 0
e 7 27 0
e 7 20 0
e 8 13 0
e 8 17 0
e 8 11 0
e 9 15 0
e 10 26 0
e 11 16 0
e 11 24 0
e 11 17 0
e 11 13 0
e 11 12 0
e 12 19 0
e 12 14 0
e 13 19 0
e 14 19 0
e 15 18 0
e 15 21 0
e 16 19 0
e 18 22 0
e 19 24 0
e 20 28 0
e 20 23 0
e 20 29 0
e 20 30 0
e 22 25 0
e 23 30 0
e 23 29 0
e 25 26 0
e 27 30 0
e 29 30 0
