t 40 54
v 0 11 4
v 1 11 2
v 2 11 1
v 3 11 1
v 4 29 1
v 5 5 3
v 6 2 1
v 7 11 2
v 8 9 4
v 9 11 3
v 10 11 3
v 11 9 4
v 12 9 1
v 13 4 1
v 14 18 3
v 15 11 2
v 16 17 1
v 17 9 5
v 18 9 3
v 19 9 3
v 20 9 2
v 21 13 2
v 22 9 3
v 23 9 3
v 24 9 3
v 25 11 3
v 26 25 10
v 27 9 1
v 28 23 1
v 29 9 3
v 30 9 3
v 31 25 4
v 32 9 2
v 33 12 2
v 34 9 6
v 35 1 2
v 36 9 3
v 37 11 3
v 38 11 2
v 39 18 2
e 0 1 0
e 0 37 0
e 0 2 0
e 0 7 0
e 1 7 0
e 3 10 0
e 4 15 0
e 5 15 0
e 5 37 0
e 5 28 0
e 6 8 0
e 8 14 0
e 8 25 0
e 8 33 0
e 9 10 0
e 9 25 0
e 9 33 0
e 10 25 0
e 11 13 0
e 11 14 0
e 11 18 0
e 11 36 0
e 12 20 0
e 14 35 0
e 16 18 0
e 17 34 0
e 17 29 0
e 17 32 0
e 17 24 0
e 17 31 0
e 18 26 0
e 19 26 0
e 19 30 0
e 19 34 0
e 20 31 0
e 21 26 0
e 21 34 0
e 22 23 0
e 22 26 0
e 22 34 0
e 23 26 0
e 23 34 0
e 24 30 0
e 24 26 0
e 26 34 0
e 26 29 0
e 26 31 0
e 26 36 0
e 27 30 0
e 29 32 0
e 31 36 0
e 35 39 0
e 37 38 0
e 38 39 0
