t 40 102
v 0 9 8
v 1 9 4
v 2 9 9
v 3 9 7
v 4 9 2
v 5 1 9
v 6 9 2
v 7 11 9
v 8 30 5
v 9 9 8
v 10 30 4
v 11 30 6
v 12 11 10
v 13 36 3
v 14 9 6
v 15 30 2
v 16 9 4
v 17 18 2
v 18 9 6
v 19 30 5
v 20 11 5
v 21 18 5
v 22 30 7
v 23 11 4
v 24 11 6
v 25 32 2
v 26 11 4
v 27 18 7
v 28 9 5
v 29 11 2
v 30 11 3
v 31 9 5
v 32 11 2
v 33 18 7
v 34 18 2
v 35 30 5
v 36 18 4
v 37 9 5
v 38 9 5
v 39 9 8
e 0 31 0
e 0 2 0
e 0 3 0
e 0 5 0
e 0 9 0
e 0 14 0
e 0 28 0
e 0 39 0
e 1 2 0
e 1 3 0
e 1 5 0
e 1 37 0
e 2 39 0
e 2 38 0
e 2 16 0
e 2 31 0
e 2 5 0
e 2 28 0
e 2 37 0
e 3 9 0
e 3 18 0
e 3 38 0
e 3 31 0
e 3 5 0
e 4 5 0
e 4 25 0
e 5 14 0
e 5 9 0
e 5 38 0
e 5 31 0
e 6 25 0
e 6 32 0
e 7 27 0
e 7 32 0
e 7 22 0
e 7 21 0
e 7 24 0
e 7 33 0
e 7 12 0
e 7 29 0
e 7 20 0
e 8 19 0
e 8 22 0
e 8 35 0
e 8 11 0
e 8 27 0
e 9 39 0
e 9 16 0
e 9 14 0
e 9 28 0
e 9 37 0
e 10 12 0
e 10 17 0
e 10 22 0
e 10 33 0
e 11 19 0
e 11 22 0
e 11 35 0
e 11 15 0
e 11 27 0
e 12 27 0
e 12 13 0
e 12 35 0
e 12 20 0
e 12 21 0
e 12 23 0
e 12 24 0
e 12 33 0
e 13 17 0
e 13 24 0
e 14 18 0
e 14 39 0
e 14 37 0
e 15 19 0
e 16 28 0
e 16 39 0
e 18 39 0
e 18 38 0
e 18 31 0
e 18 28 0
e 19 22 0
e 19 27 0
e 20 24 0
e 20 36 0
e 20 26 0
e 21 33 0
e 21 24 0
e 21 23 0
e 22 35 0
e 22 27 0
e 23 24 0
e 23 33 0
e 26 33 0
e 26 30 0
e 26 36 0
e 27 35 0
e 29 30 0
e 30 36 0
e 33 34 0
e 34 36 0
e 37 39 0
e 38 39 0
