t 24 34
v 0 22 2
v 1 24 2
v 2 21 2
v 3 27 3
v 4 18 2
v 5 30 4
v 6 2 2
v 7 11 2
v 8 2 3
v 9 17 3
v 10 4 2
v 11 5 2
v 12 4 3
v 13 11 4
v 14 23 4
v 15 24 5
v 16 11 4
v 17 5 2
v 18 11 5
v 19 11 4
v 20 11 2
v 21 2 3
v 22 11 2
v 23 17 1
e 0 1 0
e 0 18 0
e 1 2 0
e 2 7 0
e 3 6 0
e 3 9 0
e 3 8 0
e 4 9 0
e 4 7 0
e 5 12 0
e 5 14 0
e 5 10 0
e 5 15 0
e 6 8 0
e 8 11 0
e 9 15 0
e 10 14 0
e 11 17 0
e 12 14 0
e 12 15 0
e 13 16 0
e 13 18 0
e 13 21 0
e 13 19 0
e 14 15 0
e 15 17 0
e 16 18 0
e 16 21 0
e 16 19 0
e 18 21 0
e 18 19 0
e 19 22 0
e 20 22 0
e 20 23 0
