t 24 66
v 0 18 11
v 1 30 4
v 2 30 5
v 3 30 10
v 4 11 5
v 5 11 10
v 6 18 5
v 7 36 3
v 8 30 5
v 9 18 5
v 10 30 3
v 11 18 4
v 12 30 4
v 13 30 3
v 14 30 4
v 15 30 7
v 16 18 7
v 17 18 9
v 18 18 2
v 19 28 3
v 20 30 11
v 21 11 8
v 22 13 3
v 23 33 1
e 0 2 0
e 0 14 0
e 0 3 0
e 0 11 0
e 0 20 0
e 0 4 0
e 0 16 0
e 0 17 0
e 0 5 0
e 0 15 0
e 0 21 0
e 1 2 0
e 1 3 0
e 1 14 0
e 1 20 0
e 2 14 0
e 2 3 0
e 2 20 0
e 3 20 0
e 3 5 0
e 3 8 0
e 3 10 0
e 3 12 0
e 3 13 0
e 3 21 0
e 4 7 0
e 4 5 0
e 4 11 0
e 4 21 0
e 5 22 0
e 5 7 0
e 5 20 0
e 5 16 0
e 5 15 0
e 5 17 0
e 5 21 0
e 6 7 0
e 6 20 0
e 6 16 0
e 6 17 0
e 6 9 0
e 8 10 0
e 8 13 0
e 8 12 0
e 8 15 0
e 9 19 0
e 9 18 0
e 9 20 0
e 9 16 0
e 10 15 0
e 11 17 0
e 11 21 0
e 12 15 0
e 12 13 0
e 14 20 0
e 15 16 0
e 15 21 0
e 16 17 0
e 16 20 0
e 17 19 0
e 17 18 0
e 17 20 0
e 17 21 0
e 19 20 0
e 21 22 0
e 22 23 0
