t 24 48
v 0 0 4
v 1 9 2
v 2 18 6
v 3 9 5
v 4 15 3
v 5 14 1
v 6 14 5
v 7 14 6
v 8 14 8
v 9 15 2
v 10 0 1
v 11 1 3
v 12 15 3
v 13 18 1
v 14 1 2
v 15 14 8
v 16 14 10
v 17 15 3
v 18 1 2
v 19 1 3
v 20 0 5
v 21 18 5
v 22 23 4
v 23 3 4
e 0 22 0
e 0 20 0
e 0 6 0
e 0 16 0
e 1 3 0
e 1 4 0
e 2 21 0
e 2 6 0
e 2 7 0
e 2 8 0
e 2 15 0
e 2 16 0
e 3 8 0
e 3 12 0
e 3 15 0
e 3 16 0
e 4 17 0
e 4 9 0
e 5 20 0
e 6 15 0
e 6 16 0
e 6 8 0
e 7 20 0
e 7 16 0
e 7 12 0
e 7 23 0
e 7 21 0
e 8 15 0
e 8 20 0
e 8 22 0
e 8 21 0
e 8 16 0
e 9 17 0
e 10 19 0
e 11 14 0
e 11 18 0
e 11 19 0
e 12 16 0
e 13 21 0
e 14 18 0
e 15 20 0
e 15 23 0
e 15 21 0
e 15 16 0
e 16 22 0
e 16 23 0
e 17 19 0
e 22 23 0
