t 32 73
v 0 4 2
v 1 23 5
v 2 23 2
v 3 11 6
v 4 4 6
v 5 21 5
v 6 0 3
v 7 10 6
v 8 5 2
v 9 0 2
v 10 11 7
v 11 11 3
v 12 11 4
v 13 11 3
v 14 21 4
v 15 2 7
v 16 11 2
v 17 29 5
v 18 4 5
v 19 21 5
v 20 11 3
v 21 5 3
v 22 5 2
v 23 2 9
v 24 2 8
v 25 11 6
v 26 2 6
v 27 11 5
v 28 2 6
v 29 11 6
v 30 2 7
v 31 9 1
e 0 12 0
e 0 1 0
e 1 10 0
e 1 4 0
e 1 7 0
e 1 18 0
e 2 12 0
e 2 17 0
e 3 8 0
e 3 15 0
e 3 23 0
e 3 26 0
e 3 28 0
e 3 30 0
e 4 10 0
e 4 6 0
e 4 7 0
e 4 9 0
e 4 18 0
e 5 13 0
e 5 20 0
e 5 11 0
e 5 16 0
e 5 10 0
e 6 7 0
e 6 18 0
e 7 10 0
e 7 9 0
e 7 18 0
e 8 31 0
e 10 14 0
e 10 19 0
e 10 18 0
e 11 14 0
e 11 19 0
e 12 17 0
e 12 21 0
e 13 14 0
e 13 19 0
e 14 20 0
e 15 24 0
e 15 25 0
e 15 27 0
e 15 23 0
e 15 30 0
e 15 29 0
e 16 19 0
e 17 22 0
e 17 21 0
e 17 24 0
e 19 20 0
e 21 22 0
e 23 28 0
e 23 27 0
e 23 25 0
e 23 29 0
e 23 24 0
e 23 26 0
e 23 30 0
e 24 28 0
e 24 25 0
e 24 26 0
e 24 29 0
e 24 30 0
e 25 26 0
e 25 28 0
e 25 30 0
e 26 27 0
e 26 29 0
e 27 28 0
e 27 30 0
e 28 29 0
e 29 30 0
