t 24 81
v 0 9 11
v 1 9 9
v 2 32 2
v 3 9 7
v 4 9 10
v 5 9 5
v 6 9 5
v 7 9 10
v 8 9 10
v 9 9 8
v 10 2 2
v 11 23 2
v 12 2 3
v 13 11 2
v 14 9 11
v 15 9 8
v 16 9 6
v 17 9 8
v 18 9 8
v 19 32 2
v 20 11 2
v 21 9 9
v 22 9 11
v 23 9 11
e 0 16 0
e 0 1 0
e 0 3 0
e 0 9 0
e 0 4 0
e 0 7 0
e 0 8 0
e 0 14 0
e 0 17 0
e 0 22 0
e 0 23 0
e 1 4 0
e 1 5 0
e 1 7 0
e 1 8 0
e 1 14 0
e 1 16 0
e 1 18 0
e 1 23 0
e 2 19 0
e 2 22 0
e 3 9 0
e 3 15 0
e 3 4 0
e 3 5 0
e 3 18 0
e 3 21 0
e 4 8 0
e 4 21 0
e 4 23 0
e 4 9 0
e 4 6 0
e 4 14 0
e 4 22 0
e 5 17 0
e 5 18 0
e 5 22 0
e 6 7 0
e 6 8 0
e 6 14 0
e 6 17 0
e 7 21 0
e 7 23 0
e 7 16 0
e 7 15 0
e 7 8 0
e 7 14 0
e 7 22 0
e 8 23 0
e 8 9 0
e 8 15 0
e 8 14 0
e 8 17 0
e 9 15 0
e 9 14 0
e 9 16 0
e 9 17 0
e 10 20 0
e 10 13 0
e 11 19 0
e 11 12 0
e 12 20 0
e 12 13 0
e 14 21 0
e 14 23 0
e 14 15 0
e 14 22 0
e 15 18 0
e 15 21 0
e 15 23 0
e 16 22 0
e 16 23 0
e 17 21 0
e 17 18 0
e 17 22 0
e 18 21 0
e 18 23 0
e 18 22 0
e 21 23 0
e 21 22 0
e 22 23 0
