t 16 67
v 0 16 7
v 1 15 6
v 2 12 13
v 3 12 11
v 4 12 14
v 5 16 8
v 6 9 11
v 7 12 12
v 8 12 10
v 9 16 8
v 10 14 2
v 11 17 6
v 12 15 7
v 13 9 6
v 14 15 6
v 15 16 7
e 0 9 0
e 0 2 0
e 0 3 0
e 0 4 0
e 0 5 0
e 0 7 0
e 0 8 0
e 1 2 0
e 1 4 0
e 1 6 0
e 1 7 0
e 1 13 0
e 1 14 0
e 2 14 0
e 2 15 0
e 2 8 0
e 2 9 0
e 2 3 0
e 2 12 0
e 2 6 0
e 2 13 0
e 2 5 0
e 2 4 0
e 2 11 0
e 3 15 0
e 3 9 0
e 3 12 0
e 3 6 0
e 3 5 0
e 3 4 0
e 3 7 0
e 3 8 0
e 3 11 0
e 4 14 0
e 4 8 0
e 4 15 0
e 4 9 0
e 4 11 0
e 4 12 0
e 4 6 0
e 4 13 0
e 4 7 0
e 4 5 0
e 5 15 0
e 5 9 0
e 5 7 0
e 5 8 0
e 6 14 0
e 6 10 0
e 6 13 0
e 6 7 0
e 6 8 0
e 6 11 0
e 6 12 0
e 7 14 0
e 7 15 0
e 7 8 0
e 7 9 0
e 7 11 0
e 7 12 0
e 8 15 0
e 8 9 0
e 8 12 0
e 9 15 0
e 10 13 0
e 11 12 0
e 13 14 0
