t 24 38
v 0 18 2
v 1 28 6
v 2 18 1
v 3 18 2
v 4 11 3
v 5 18 2
v 6 18 9
v 7 30 2
v 8 30 1
v 9 30 8
v 10 11 2
v 11 30 4
v 12 30 3
v 13 12 4
v 14 28 2
v 15 30 5
v 16 11 3
v 17 28 2
v 18 30 5
v 19 18 1
v 20 12 2
v 21 11 2
v 22 12 3
v 23 12 2
e 0 5 0
e 0 6 0
e 1 14 0
e 1 16 0
e 1 17 0
e 1 6 0
e 1 9 0
e 1 15 0
e 2 3 0
e 3 6 0
e 4 10 0
e 4 6 0
e 4 21 0
e 5 6 0
e 6 7 0
e 6 18 0
e 6 9 0
e 6 15 0
e 7 9 0
e 8 9 0
e 9 15 0
e 9 11 0
e 9 12 0
e 9 18 0
e 10 19 0
e 11 15 0
e 11 12 0
e 11 18 0
e 12 18 0
e 13 22 0
e 13 20 0
e 13 21 0
e 13 23 0
e 14 16 0
e 15 18 0
e 16 17 0
e 20 22 0
e 22 23 0
