t 32 165
v 0 18 9
v 1 14 12
v 2 18 12
v 3 18 10
v 4 18 11
v 5 18 10
v 6 13 3
v 7 18 17
v 8 18 8
v 9 18 13
v 10 18 13
v 11 18 15
v 12 18 14
v 13 13 11
v 14 15 1
v 15 9 13
v 16 18 2
v 17 18 14
v 18 18 13
v 19 18 18
v 20 18 15
v 21 15 7
v 22 18 11
v 23 15 2
v 24 18 16
v 25 15 1
v 26 18 11
v 27 18 12
v 28 18 13
v 29 18 6
v 30 18 15
v 31 15 2
e 0 4 0
e 0 1 0
e 0 7 0
e 0 15 0
e 0 19 0
e 0 20 0
e 0 22 0
e 0 26 0
e 0 28 0
e 1 10 0
e 1 2 0
e 1 3 0
e 1 5 0
e 1 7 0
e 1 12 0
e 1 18 0
e 1 19 0
e 1 20 0
e 1 28 0
e 1 30 0
e 2 12 0
e 2 17 0
e 2 10 0
e 2 20 0
e 2 21 0
e 2 4 0
e 2 26 0
e 2 3 0
e 2 9 0
e 2 18 0
e 2 19 0
e 3 28 0
e 3 17 0
e 3 7 0
e 3 20 0
e 3 9 0
e 3 13 0
e 3 19 0
e 3 30 0
e 4 12 0
e 4 13 0
e 4 15 0
e 4 17 0
e 4 19 0
e 4 21 0
e 4 22 0
e 4 24 0
e 4 26 0
e 5 17 0
e 5 8 0
e 5 26 0
e 5 7 0
e 5 11 0
e 5 13 0
e 5 24 0
e 5 27 0
e 5 28 0
e 6 25 0
e 6 11 0
e 6 24 0
e 7 12 0
e 7 24 0
e 7 15 0
e 7 18 0
e 7 8 0
e 7 10 0
e 7 9 0
e 7 13 0
e 7 19 0
e 7 22 0
e 7 27 0
e 7 28 0
e 7 30 0
e 8 10 0
e 8 9 0
e 8 12 0
e 8 13 0
e 8 15 0
e 8 19 0
e 9 12 0
e 9 30 0
e 9 24 0
e 9 15 0
e 9 18 0
e 9 29 0
e 9 11 0
e 9 22 0
e 9 10 0
e 10 11 0
e 10 17 0
e 10 19 0
e 10 20 0
e 10 22 0
e 10 27 0
e 10 28 0
e 10 30 0
e 11 17 0
e 11 29 0
e 11 15 0
e 11 18 0
e 11 19 0
e 11 20 0
e 11 22 0
e 11 24 0
e 11 27 0
e 11 28 0
e 11 30 0
e 12 17 0
e 12 18 0
e 12 19 0
e 12 20 0
e 12 24 0
e 12 26 0
e 12 27 0
e 12 30 0
e 13 30 0
e 13 17 0
e 13 18 0
e 13 20 0
e 13 22 0
e 13 27 0
e 14 31 0
e 15 17 0
e 15 18 0
e 15 29 0
e 15 26 0
e 15 24 0
e 15 27 0
e 15 30 0
e 16 29 0
e 16 24 0
e 17 21 0
e 17 19 0
e 17 24 0
e 17 27 0
e 17 30 0
e 18 20 0
e 18 26 0
e 18 19 0
e 18 24 0
e 18 28 0
e 19 28 0
e 19 24 0
e 19 20 0
e 19 21 0
e 19 26 0
e 19 30 0
e 20 26 0
e 20 22 0
e 20 27 0
e 20 28 0
e 20 30 0
e 21 23 0
e 21 22 0
e 21 30 0
e 22 24 0
e 22 27 0
e 23 31 0
e 24 29 0
e 24 27 0
e 24 30 0
e 26 29 0
e 26 28 0
e 27 28 0
e 28 30 0
