t 40 60
v 0 24 4
v 1 11 3
v 2 9 4
v 3 9 4
v 4 11 2
v 5 3 1
v 6 24 2
v 7 11 5
v 8 11 3
v 9 24 6
v 10 11 3
v 11 11 2
v 12 24 3
v 13 23 3
v 14 24 5
v 15 27 2
v 16 23 3
v 17 11 1
v 18 15 4
v 19 9 6
v 20 9 5
v 21 24 4
v 22 5 1
v 23 11 1
v 24 11 2
v 25 27 6
v 26 11 5
v 27 11 4
v 28 18 4
v 29 11 1
v 30 24 2
v 31 31 1
v 32 27 3
v 33 23 3
v 34 27 2
v 35 11 1
v 36 9 2
v 37 27 3
v 38 24 2
v 39 24 2
e 0 13 0
e 0 30 0
e 0 12 0
e 0 16 0
e 1 7 0
e 1 26 0
e 1 28 0
e 2 35 0
e 2 3 0
e 2 25 0
e 2 26 0
e 3 27 0
e 3 4 0
e 3 26 0
e 4 8 0
e 5 8 0
e 6 33 0
e 6 16 0
e 7 10 0
e 7 19 0
e 7 18 0
e 7 26 0
e 8 24 0
e 9 21 0
e 9 14 0
e 9 18 0
e 9 19 0
e 9 20 0
e 9 37 0
e 10 25 0
e 10 27 0
e 11 25 0
e 11 27 0
e 12 33 0
e 12 13 0
e 13 28 0
e 14 18 0
e 14 20 0
e 14 21 0
e 14 37 0
e 15 29 0
e 15 32 0
e 16 28 0
e 17 24 0
e 18 19 0
e 19 21 0
e 19 20 0
e 19 26 0
e 20 21 0
e 20 37 0
e 22 36 0
e 23 25 0
e 25 32 0
e 25 27 0
e 28 33 0
e 30 38 0
e 31 34 0
e 32 34 0
e 36 39 0
e 38 39 0
