t 24 83
v 0 18 9
v 1 9 6
v 2 13 4
v 3 13 6
v 4 22 5
v 5 22 5
v 6 18 9
v 7 22 3
v 8 13 13
v 9 13 5
v 10 18 9
v 11 13 3
v 12 14 9
v 13 13 2
v 14 18 11
v 15 13 3
v 16 22 3
v 17 18 11
v 18 13 3
v 19 13 9
v 20 18 11
v 21 18 11
v 22 13 7
v 23 18 9
e 0 17 0
e 0 12 0
e 0 21 0
e 0 6 0
e 0 19 0
e 0 1 0
e 0 14 0
e 0 10 0
e 0 20 0
e 1 20 0
e 1 10 0
e 1 14 0
e 1 17 0
e 1 21 0
e 2 8 0
e 2 5 0
e 2 4 0
e 2 12 0
e 3 15 0
e 3 11 0
e 3 18 0
e 3 9 0
e 3 8 0
e 3 13 0
e 4 7 0
e 4 16 0
e 4 5 0
e 4 8 0
e 5 7 0
e 5 16 0
e 5 8 0
e 6 19 0
e 6 20 0
e 6 10 0
e 6 12 0
e 6 14 0
e 6 17 0
e 6 21 0
e 6 23 0
e 7 8 0
e 8 15 0
e 8 11 0
e 8 18 0
e 8 13 0
e 8 9 0
e 8 16 0
e 8 19 0
e 8 22 0
e 9 15 0
e 9 11 0
e 9 18 0
e 10 17 0
e 10 12 0
e 10 21 0
e 10 23 0
e 10 20 0
e 10 14 0
e 12 20 0
e 12 14 0
e 12 17 0
e 12 21 0
e 12 23 0
e 14 17 0
e 14 21 0
e 14 19 0
e 14 23 0
e 14 22 0
e 14 20 0
e 17 21 0
e 17 19 0
e 17 23 0
e 17 20 0
e 17 22 0
e 19 20 0
e 19 21 0
e 19 22 0
e 19 23 0
e 20 21 0
e 20 22 0
e 20 23 0
e 21 23 0
e 21 22 0
e 22 23 0
