t 32 111
v 0 18 9
v 1 11 5
v 2 36 3
v 3 11 6
v 4 23 3
v 5 11 11
v 6 11 11
v 7 18 6
v 8 11 6
v 9 11 9
v 10 11 6
v 11 11 6
v 12 11 5
v 13 5 3
v 14 18 21
v 15 18 2
v 16 28 6
v 17 28 11
v 18 18 9
v 19 30 3
v 20 11 10
v 21 30 6
v 22 18 9
v 23 11 11
v 24 28 2
v 25 30 6
v 26 28 11
v 27 28 6
v 28 11 15
v 29 13 2
v 30 33 2
v 31 9 1
e 0 16 0
e 0 27 0
e 0 17 0
e 0 2 0
e 0 26 0
e 0 14 0
e 0 6 0
e 0 5 0
e 0 18 0
e 1 3 0
e 1 9 0
e 1 8 0
e 1 14 0
e 1 5 0
e 2 20 0
e 2 23 0
e 3 9 0
e 3 8 0
e 3 14 0
e 3 6 0
e 3 5 0
e 4 13 0
e 4 9 0
e 4 14 0
e 5 18 0
e 5 9 0
e 5 20 0
e 5 22 0
e 5 23 0
e 5 8 0
e 5 28 0
e 5 6 0
e 6 8 0
e 6 9 0
e 6 14 0
e 6 18 0
e 6 20 0
e 6 22 0
e 6 23 0
e 6 28 0
e 7 17 0
e 7 26 0
e 7 19 0
e 7 21 0
e 7 25 0
e 7 23 0
e 8 14 0
e 8 9 0
e 9 13 0
e 9 14 0
e 9 28 0
e 10 11 0
e 10 14 0
e 10 20 0
e 10 22 0
e 10 23 0
e 10 28 0
e 11 14 0
e 11 20 0
e 11 22 0
e 11 23 0
e 11 28 0
e 12 14 0
e 12 20 0
e 12 22 0
e 12 23 0
e 12 28 0
e 13 14 0
e 14 15 0
e 14 16 0
e 14 27 0
e 14 17 0
e 14 26 0
e 14 18 0
e 14 20 0
e 14 22 0
e 14 23 0
e 14 28 0
e 15 18 0
e 16 27 0
e 16 17 0
e 16 18 0
e 16 26 0
e 17 27 0
e 17 26 0
e 17 24 0
e 17 18 0
e 17 21 0
e 17 25 0
e 17 28 0
e 18 27 0
e 18 26 0
e 19 21 0
e 19 25 0
e 20 22 0
e 20 23 0
e 20 28 0
e 21 26 0
e 21 25 0
e 21 28 0
e 22 23 0
e 22 28 0
e 23 28 0
e 24 26 0
e 25 26 0
e 25 28 0
e 26 27 0
e 26 28 0
e 28 29 0
e 29 30 0
e 30 31 0
