t 40 47
v 0 12 5
v 1 11 4
v 2 13 4
v 3 13 2
v 4 13 3
v 5 12 2
v 6 11 5
v 7 2 2
v 8 11 2
v 9 13 4
v 10 11 2
v 11 15 4
v 12 30 3
v 13 9 3
v 14 5 1
v 15 11 2
v 16 11 3
v 17 29 2
v 18 30 2
v 19 12 1
v 20 7 2
v 21 7 2
v 22 23 1
v 23 30 1
v 24 2 3
v 25 5 1
v 26 2 2
v 27 13 2
v 28 9 2
v 29 16 2
v 30 2 2
v 31 11 2
v 32 9 2
v 33 9 1
v 34 9 1
v 35 13 2
v 36 5 3
v 37 15 2
v 38 15 2
v 39 12 3
e 0 4 0
e 0 3 0
e 0 19 0
e 0 11 0
e 0 2 0
e 1 16 0
e 1 6 0
e 1 30 0
e 1 32 0
e 2 4 0
e 2 9 0
e 2 35 0
e 3 22 0
e 4 9 0
e 5 6 0
e 5 9 0
e 6 16 0
e 6 29 0
e 6 30 0
e 7 18 0
e 7 36 0
e 8 29 0
e 8 10 0
e 9 27 0
e 10 12 0
e 11 38 0
e 11 37 0
e 11 39 0
e 12 14 0
e 12 25 0
e 13 34 0
e 13 32 0
e 13 28 0
e 15 16 0
e 15 23 0
e 17 18 0
e 17 24 0
e 20 36 0
e 20 21 0
e 21 28 0
e 24 26 0
e 24 31 0
e 26 31 0
e 27 35 0
e 33 36 0
e 37 39 0
e 38 39 0
