t 40 73
v 0 9 5
v 1 9 6
v 2 18 6
v 3 28 1
v 4 11 1
v 5 18 3
v 6 9 6
v 7 18 4
v 8 11 6
v 9 9 6
v 10 11 2
v 11 18 1
v 12 18 4
v 13 9 2
v 14 17 3
v 15 18 4
v 16 11 3
v 17 9 3
v 18 18 2
v 19 9 4
v 20 30 4
v 21 18 1
v 22 18 4
v 23 23 1
v 24 18 2
v 25 17 2
v 26 11 3
v 27 18 5
v 28 18 2
v 29 30 4
v 30 11 3
v 31 11 1
v 32 11 4
v 33 18 7
v 34 9 5
v 35 28 5
v 36 18 3
v 37 11 8
v 38 30 4
v 39 30 6
e 0 9 0
e 0 13 0
e 0 6 0
e 0 19 0
e 0 34 0
e 1 9 0
e 1 17 0
e 1 34 0
e 1 6 0
e 1 19 0
e 1 33 0
e 2 35 0
e 2 15 0
e 2 29 0
e 2 33 0
e 2 37 0
e 2 39 0
e 3 15 0
e 4 16 0
e 5 27 0
e 5 7 0
e 5 22 0
e 6 9 0
e 6 13 0
e 6 19 0
e 6 34 0
e 7 12 0
e 7 27 0
e 7 8 0
e 8 12 0
e 8 22 0
e 8 10 0
e 8 27 0
e 8 32 0
e 9 17 0
e 9 19 0
e 9 34 0
e 10 23 0
e 11 18 0
e 12 22 0
e 12 27 0
e 14 25 0
e 14 16 0
e 14 32 0
e 15 30 0
e 15 35 0
e 16 32 0
e 17 34 0
e 18 24 0
e 20 39 0
e 20 29 0
e 20 38 0
e 20 33 0
e 21 25 0
e 22 27 0
e 24 28 0
e 26 31 0
e 26 36 0
e 26 37 0
e 28 30 0
e 29 37 0
e 29 38 0
e 30 37 0
e 32 36 0
e 33 35 0
e 33 38 0
e 33 39 0
e 33 37 0
e 35 37 0
e 35 39 0
e 36 37 0
e 37 39 0
e 38 39 0
