t 16 41
v 0 18 6
v 1 18 3
v 2 14 6
v 3 14 5
v 4 14 7
v 5 14 1
v 6 14 6
v 7 14 12
v 8 14 5
v 9 14 4
v 10 14 9
v 11 14 3
v 12 14 4
v 13 14 2
v 14 14 5
v 15 14 4
e 0 2 0
e 0 3 0
e 0 4 0
e 0 7 0
e 0 9 0
e 0 10 0
e 1 3 0
e 1 5 0
e 1 7 0
e 2 12 0
e 2 15 0
e 2 7 0
e 2 10 0
e 2 6 0
e 3 4 0
e 3 7 0
e 3 10 0
e 4 12 0
e 4 7 0
e 4 9 0
e 4 8 0
e 4 6 0
e 6 14 0
e 6 7 0
e 6 10 0
e 6 8 0
e 7 12 0
e 7 15 0
e 7 10 0
e 7 13 0
e 7 11 0
e 7 14 0
e 8 14 0
e 8 15 0
e 8 10 0
e 9 10 0
e 9 14 0
e 10 12 0
e 10 11 0
e 11 15 0
e 13 14 0
