t 24 109
v 0 18 15
v 1 18 12
v 2 18 13
v 3 13 10
v 4 18 15
v 5 18 9
v 6 18 15
v 7 14 9
v 8 22 3
v 9 22 2
v 10 13 10
v 11 18 13
v 12 18 15
v 13 22 3
v 14 22 3
v 15 9 11
v 16 13 2
v 17 22 4
v 18 13 3
v 19 13 2
v 20 18 13
v 21 18 13
v 22 15 9
v 23 18 14
e 0 2 0
e 0 7 0
e 0 22 0
e 0 5 0
e 0 12 0
e 0 10 0
e 0 20 0
e 0 15 0
e 0 6 0
e 0 1 0
e 0 21 0
e 0 3 0
e 0 4 0
e 0 11 0
e 0 23 0
e 1 3 0
e 1 4 0
e 1 6 0
e 1 7 0
e 1 10 0
e 1 11 0
e 1 12 0
e 1 15 0
e 1 20 0
e 1 22 0
e 1 23 0
e 2 7 0
e 2 22 0
e 2 5 0
e 2 12 0
e 2 10 0
e 2 6 0
e 2 21 0
e 2 3 0
e 2 4 0
e 2 15 0
e 2 20 0
e 2 23 0
e 3 23 0
e 3 12 0
e 3 10 0
e 3 6 0
e 3 21 0
e 3 4 0
e 3 11 0
e 4 7 0
e 4 22 0
e 4 5 0
e 4 23 0
e 4 11 0
e 4 12 0
e 4 10 0
e 4 20 0
e 4 15 0
e 4 6 0
e 4 21 0
e 5 18 0
e 5 6 0
e 5 12 0
e 5 15 0
e 5 20 0
e 5 23 0
e 6 21 0
e 6 7 0
e 6 10 0
e 6 11 0
e 6 12 0
e 6 15 0
e 6 20 0
e 6 22 0
e 6 23 0
e 7 12 0
e 7 16 0
e 7 21 0
e 7 11 0
e 8 13 0
e 8 9 0
e 8 17 0
e 9 14 0
e 10 21 0
e 10 11 0
e 10 12 0
e 10 23 0
e 11 22 0
e 11 23 0
e 11 12 0
e 11 20 0
e 11 15 0
e 11 21 0
e 12 21 0
e 12 15 0
e 12 20 0
e 12 22 0
e 12 23 0
e 13 14 0
e 13 17 0
e 14 17 0
e 15 21 0
e 15 20 0
e 15 23 0
e 16 17 0
e 18 19 0
e 18 20 0
e 19 20 0
e 20 21 0
e 20 23 0
e 21 22 0
e 21 23 0
e 22 23 0
