t 40 75
v 0 16 3
v 1 9 3
v 2 15 1
v 3 16 4
v 4 23 1
v 5 7 4
v 6 28 2
v 7 28 3
v 8 7 5
v 9 16 3
v 10 11 5
v 11 11 6
v 12 7 4
v 13 16 5
v 14 11 5
v 15 17 2
v 16 11 7
v 17 11 6
v 18 7 1
v 19 11 9
v 20 11 7
v 21 9 4
v 22 11 4
v 23 11 3
v 24 16 1
v 25 11 2
v 26 29 2
v 27 11 2
v 28 16 3
v 29 11 8
v 30 7 1
v 31 11 5
v 32 33 4
v 33 33 3
v 34 11 5
v 35 33 5
v 36 28 3
v 37 16 5
v 38 11 2
v 39 12 2
e 0 24 0
e 0 28 0
e 0 37 0
e 1 33 0
e 1 32 0
e 1 21 0
e 2 39 0
e 3 5 0
e 3 9 0
e 3 30 0
e 3 37 0
e 4 7 0
e 5 8 0
e 5 12 0
e 5 13 0
e 6 7 0
e 6 36 0
e 7 36 0
e 8 21 0
e 8 12 0
e 8 13 0
e 8 18 0
e 9 28 0
e 9 37 0
e 10 11 0
e 10 17 0
e 10 19 0
e 10 20 0
e 10 29 0
e 11 16 0
e 11 20 0
e 11 29 0
e 11 31 0
e 11 35 0
e 12 13 0
e 12 21 0
e 13 37 0
e 13 21 0
e 14 23 0
e 14 16 0
e 14 19 0
e 14 20 0
e 14 35 0
e 15 32 0
e 15 33 0
e 16 31 0
e 16 17 0
e 16 19 0
e 16 34 0
e 16 22 0
e 17 19 0
e 17 29 0
e 17 31 0
e 17 35 0
e 19 23 0
e 19 34 0
e 19 20 0
e 19 22 0
e 19 29 0
e 20 23 0
e 20 34 0
e 20 29 0
e 22 29 0
e 22 26 0
e 25 27 0
e 25 26 0
e 27 38 0
e 28 37 0
e 29 31 0
e 29 34 0
e 31 34 0
e 32 39 0
e 32 35 0
e 33 35 0
e 36 38 0
