t 24 75
v 0 7 10
v 1 7 10
v 2 7 2
v 3 7 11
v 4 7 7
v 5 7 8
v 6 30 4
v 7 13 10
v 8 7 8
v 9 11 2
v 10 30 4
v 11 15 1
v 12 30 4
v 13 16 2
v 14 30 4
v 15 11 5
v 16 7 9
v 17 7 9
v 18 11 2
v 19 7 11
v 20 7 10
v 21 15 3
v 22 8 4
v 23 7 10
e 0 17 0
e 0 4 0
e 0 7 0
e 0 5 0
e 0 16 0
e 0 1 0
e 0 3 0
e 0 8 0
e 0 20 0
e 0 19 0
e 1 17 0
e 1 5 0
e 1 16 0
e 1 3 0
e 1 8 0
e 1 20 0
e 1 7 0
e 1 19 0
e 1 23 0
e 2 16 0
e 2 20 0
e 3 8 0
e 3 4 0
e 3 5 0
e 3 7 0
e 3 16 0
e 3 17 0
e 3 19 0
e 3 20 0
e 3 23 0
e 4 17 0
e 4 7 0
e 4 16 0
e 4 20 0
e 4 23 0
e 5 7 0
e 5 17 0
e 5 19 0
e 5 20 0
e 5 23 0
e 6 10 0
e 6 15 0
e 6 12 0
e 6 14 0
e 7 17 0
e 7 9 0
e 7 8 0
e 7 19 0
e 7 23 0
e 8 16 0
e 8 17 0
e 8 19 0
e 8 20 0
e 9 13 0
e 10 15 0
e 10 12 0
e 10 14 0
e 11 22 0
e 12 15 0
e 12 14 0
e 13 18 0
e 14 15 0
e 15 18 0
e 16 19 0
e 16 20 0
e 16 23 0
e 17 19 0
e 17 23 0
e 19 21 0
e 19 20 0
e 19 22 0
e 20 23 0
e 21 22 0
e 21 23 0
e 22 23 0
