t 40 106
v 0 14 9
v 1 14 11
v 2 7 1
v 3 14 12
v 4 23 1
v 5 11 4
v 6 23 2
v 7 12 4
v 8 15 9
v 9 9 4
v 10 1 1
v 11 9 8
v 12 23 10
v 13 9 5
v 14 18 10
v 15 12 2
v 16 14 8
v 17 9 9
v 18 7 4
v 19 14 10
v 20 7 3
v 21 15 2
v 22 12 5
v 23 14 4
v 24 11 2
v 25 23 2
v 26 5 3
v 27 7 3
v 28 12 4
v 29 15 2
v 30 15 4
v 31 14 12
v 32 18 9
v 33 12 8
v 34 14 3
v 35 16 3
v 36 23 5
v 37 14 1
v 38 12 5
v 39 14 8
e 0 14 0
e 0 17 0
e 0 32 0
e 0 12 0
e 0 1 0
e 0 3 0
e 0 8 0
e 0 11 0
e 0 31 0
e 1 39 0
e 1 14 0
e 1 36 0
e 1 23 0
e 1 16 0
e 1 32 0
e 1 3 0
e 1 11 0
e 1 19 0
e 1 31 0
e 2 13 0
e 3 39 0
e 3 14 0
e 3 36 0
e 3 23 0
e 3 16 0
e 3 17 0
e 3 19 0
e 3 32 0
e 3 12 0
e 3 8 0
e 4 5 0
e 5 26 0
e 5 6 0
e 5 10 0
e 6 26 0
e 7 21 0
e 7 38 0
e 7 30 0
e 7 33 0
e 8 39 0
e 8 11 0
e 8 16 0
e 8 17 0
e 8 19 0
e 8 13 0
e 8 31 0
e 9 24 0
e 9 25 0
e 9 13 0
e 9 26 0
e 11 17 0
e 11 31 0
e 11 19 0
e 11 22 0
e 11 33 0
e 12 14 0
e 12 36 0
e 12 16 0
e 12 19 0
e 12 31 0
e 12 32 0
e 12 34 0
e 12 39 0
e 13 24 0
e 13 25 0
e 14 36 0
e 14 16 0
e 14 19 0
e 14 31 0
e 14 32 0
e 14 34 0
e 15 38 0
e 15 35 0
e 16 17 0
e 16 32 0
e 16 31 0
e 17 19 0
e 17 22 0
e 17 34 0
e 17 39 0
e 18 27 0
e 18 20 0
e 18 30 0
e 18 33 0
e 19 39 0
e 19 32 0
e 19 31 0
e 20 27 0
e 20 33 0
e 21 28 0
e 22 33 0
e 22 38 0
e 22 35 0
e 23 31 0
e 23 37 0
e 27 33 0
e 28 29 0
e 28 38 0
e 28 30 0
e 29 30 0
e 31 39 0
e 31 36 0
e 31 32 0
e 32 39 0
e 33 38 0
e 33 35 0
