t 40 45
v 0 1 2
v 1 5 3
v 2 28 1
v 3 18 6
v 4 12 2
v 5 9 2
v 6 30 1
v 7 11 1
v 8 15 1
v 9 11 2
v 10 11 2
v 11 28 3
v 12 11 2
v 13 5 2
v 14 11 2
v 15 11 2
v 16 18 1
v 17 2 2
v 18 2 2
v 19 28 2
v 20 15 1
v 21 28 5
v 22 15 3
v 23 29 1
v 24 3 2
v 25 30 1
v 26 30 2
v 27 30 6
v 28 23 2
v 29 28 2
v 30 9 4
v 31 15 3
v 32 30 3
v 33 15 3
v 34 2 2
v 35 11 2
v 36 11 2
v 37 15 1
v 38 25 2
v 39 2 2
e 0 13 0
e 0 4 0
e 1 28 0
e 1 15 0
e 1 23 0
e 2 21 0
e 3 21 0
e 3 6 0
e 3 11 0
e 3 32 0
e 3 27 0
e 3 16 0
e 4 9 0
e 5 10 0
e 5 38 0
e 7 24 0
e 8 33 0
e 9 36 0
e 10 18 0
e 11 31 0
e 11 27 0
e 12 35 0
e 12 14 0
e 13 17 0
e 14 36 0
e 15 35 0
e 17 24 0
e 18 39 0
e 19 29 0
e 19 21 0
e 20 30 0
e 21 29 0
e 21 27 0
e 22 31 0
e 22 30 0
e 22 38 0
e 25 27 0
e 26 27 0
e 26 32 0
e 27 32 0
e 28 34 0
e 30 33 0
e 30 31 0
e 33 37 0
e 34 39 0
