t 32 179
v 0 14 10
v 1 22 3
v 2 13 3
v 3 18 19
v 4 15 4
v 5 18 17
v 6 15 2
v 7 9 14
v 8 9 15
v 9 18 19
v 10 27 18
v 11 18 19
v 12 22 2
v 13 18 19
v 14 9 15
v 15 13 3
v 16 13 11
v 17 18 16
v 18 22 3
v 19 13 5
v 20 15 2
v 21 9 10
v 22 18 19
v 23 13 4
v 24 15 3
v 25 23 5
v 26 15 13
v 27 18 18
v 28 9 15
v 29 18 18
v 30 18 17
v 31 18 17
e 0 13 0
e 0 31 0
e 0 2 0
e 0 30 0
e 0 3 0
e 0 5 0
e 0 9 0
e 0 11 0
e 0 27 0
e 0 29 0
e 1 12 0
e 1 18 0
e 1 15 0
e 2 19 0
e 2 23 0
e 3 11 0
e 3 14 0
e 3 17 0
e 3 29 0
e 3 22 0
e 3 8 0
e 3 5 0
e 3 21 0
e 3 27 0
e 3 13 0
e 3 16 0
e 3 31 0
e 3 26 0
e 3 28 0
e 3 7 0
e 3 10 0
e 3 30 0
e 3 9 0
e 4 25 0
e 4 20 0
e 4 19 0
e 4 26 0
e 5 27 0
e 5 13 0
e 5 16 0
e 5 26 0
e 5 28 0
e 5 7 0
e 5 10 0
e 5 30 0
e 5 8 0
e 5 9 0
e 5 11 0
e 5 14 0
e 5 17 0
e 5 22 0
e 5 29 0
e 6 25 0
e 6 26 0
e 7 10 0
e 7 30 0
e 7 8 0
e 7 9 0
e 7 11 0
e 7 13 0
e 7 14 0
e 7 22 0
e 7 27 0
e 7 28 0
e 7 29 0
e 7 31 0
e 8 27 0
e 8 13 0
e 8 31 0
e 8 28 0
e 8 10 0
e 8 30 0
e 8 9 0
e 8 11 0
e 8 14 0
e 8 17 0
e 8 22 0
e 8 29 0
e 9 11 0
e 9 14 0
e 9 17 0
e 9 29 0
e 9 22 0
e 9 21 0
e 9 27 0
e 9 13 0
e 9 16 0
e 9 31 0
e 9 26 0
e 9 28 0
e 9 10 0
e 9 30 0
e 10 23 0
e 10 19 0
e 10 30 0
e 10 25 0
e 10 11 0
e 10 13 0
e 10 14 0
e 10 17 0
e 10 22 0
e 10 27 0
e 10 28 0
e 10 29 0
e 10 31 0
e 11 14 0
e 11 17 0
e 11 29 0
e 11 22 0
e 11 21 0
e 11 27 0
e 11 13 0
e 11 16 0
e 11 31 0
e 11 26 0
e 11 28 0
e 11 30 0
e 12 18 0
e 13 16 0
e 13 31 0
e 13 26 0
e 13 28 0
e 13 30 0
e 13 14 0
e 13 17 0
e 13 21 0
e 13 22 0
e 13 27 0
e 13 29 0
e 14 27 0
e 14 17 0
e 14 29 0
e 14 31 0
e 14 22 0
e 14 28 0
e 14 30 0
e 15 18 0
e 15 16 0
e 16 31 0
e 16 30 0
e 16 17 0
e 16 27 0
e 16 29 0
e 17 21 0
e 17 27 0
e 17 31 0
e 17 26 0
e 17 22 0
e 17 28 0
e 17 30 0
e 19 22 0
e 19 23 0
e 20 24 0
e 21 27 0
e 21 31 0
e 21 30 0
e 21 22 0
e 21 29 0
e 22 23 0
e 22 27 0
e 22 31 0
e 22 28 0
e 22 30 0
e 22 25 0
e 22 29 0
e 24 25 0
e 24 26 0
e 26 30 0
e 26 27 0
e 26 29 0
e 26 31 0
e 27 31 0
e 27 28 0
e 27 29 0
e 28 30 0
e 28 29 0
e 28 31 0
e 29 31 0
e 29 30 0
