t 32 41
v 0 30 1
v 1 1 3
v 2 1 2
v 3 12 1
v 4 30 2
v 5 12 1
v 6 1 2
v 7 12 1
v 8 7 2
v 9 12 1
v 10 12 3
v 11 7 1
v 12 0 4
v 13 12 3
v 14 13 3
v 15 30 2
v 16 12 5
v 17 7 1
v 18 12 6
v 19 12 4
v 20 1 5
v 21 12 6
v 22 12 3
v 23 15 2
v 24 15 2
v 25 7 2
v 26 13 2
v 27 13 2
v 28 7 3
v 29 13 2
v 30 7 4
v 31 7 1
e 0 15 0
e 1 16 0
e 1 12 0
e 1 20 0
e 2 12 0
e 2 21 0
e 3 18 0
e 4 15 0
e 4 20 0
e 5 18 0
e 6 12 0
e 6 20 0
e 7 18 0
e 8 26 0
e 8 24 0
e 9 18 0
e 10 13 0
e 10 16 0
e 10 23 0
e 11 30 0
e 12 20 0
e 13 16 0
e 13 22 0
e 14 29 0
e 14 31 0
e 14 28 0
e 16 21 0
e 16 19 0
e 17 30 0
e 18 21 0
e 18 19 0
e 19 21 0
e 19 22 0
e 20 21 0
e 21 22 0
e 23 24 0
e 25 28 0
e 25 30 0
e 26 27 0
e 27 29 0
e 28 30 0
