t 32 64
v 0 14 4
v 1 12 6
v 2 15 1
v 3 14 7
v 4 15 1
v 5 9 6
v 6 12 7
v 7 12 4
v 8 15 4
v 9 16 2
v 10 12 9
v 11 12 1
v 12 15 3
v 13 12 2
v 14 12 2
v 15 14 1
v 16 14 5
v 17 16 3
v 18 18 3
v 19 16 3
v 20 12 4
v 21 12 3
v 22 14 8
v 23 14 5
v 24 14 3
v 25 14 5
v 26 14 5
v 27 14 5
v 28 14 7
v 29 9 5
v 30 15 1
v 31 15 3
e 0 27 0
e 0 22 0
e 0 23 0
e 0 28 0
e 1 9 0
e 1 21 0
e 1 20 0
e 1 11 0
e 1 13 0
e 1 17 0
e 2 12 0
e 3 5 0
e 3 22 0
e 3 29 0
e 3 16 0
e 3 27 0
e 3 23 0
e 3 28 0
e 4 14 0
e 5 6 0
e 5 8 0
e 5 10 0
e 5 12 0
e 5 29 0
e 6 31 0
e 6 19 0
e 6 20 0
e 6 7 0
e 6 17 0
e 6 10 0
e 7 13 0
e 7 20 0
e 7 21 0
e 8 31 0
e 8 30 0
e 8 10 0
e 9 19 0
e 10 31 0
e 10 29 0
e 10 19 0
e 10 12 0
e 10 20 0
e 10 17 0
e 14 21 0
e 15 18 0
e 16 22 0
e 16 23 0
e 16 24 0
e 16 26 0
e 18 25 0
e 18 26 0
e 22 27 0
e 22 23 0
e 22 25 0
e 22 26 0
e 22 28 0
e 23 27 0
e 24 26 0
e 24 28 0
e 25 29 0
e 25 26 0
e 25 28 0
e 27 28 0
e 28 29 0
