t 32 132
v 0 11 4
v 1 5 3
v 2 5 14
v 3 9 15
v 4 15 14
v 5 5 13
v 6 5 13
v 7 5 13
v 8 5 3
v 9 5 13
v 10 5 9
v 11 5 3
v 12 22 5
v 13 3 10
v 14 9 14
v 15 5 11
v 16 3 12
v 17 3 10
v 18 5 3
v 19 3 12
v 20 11 2
v 21 11 3
v 22 21 4
v 23 5 26
v 24 5 3
v 25 5 3
v 26 5 15
v 27 5 3
v 28 5 3
v 29 5 3
v 30 5 3
v 31 5 2
e 0 22 0
e 0 3 0
e 0 14 0
e 0 26 0
e 1 9 0
e 1 12 0
e 1 16 0
e 2 8 0
e 2 27 0
e 2 25 0
e 2 18 0
e 2 24 0
e 2 23 0
e 2 31 0
e 2 3 0
e 2 11 0
e 2 14 0
e 2 29 0
e 2 26 0
e 2 30 0
e 2 28 0
e 3 5 0
e 3 10 0
e 3 19 0
e 3 15 0
e 3 13 0
e 3 14 0
e 3 17 0
e 3 6 0
e 3 7 0
e 3 4 0
e 3 9 0
e 3 16 0
e 3 23 0
e 4 5 0
e 4 10 0
e 4 9 0
e 4 19 0
e 4 15 0
e 4 13 0
e 4 16 0
e 4 17 0
e 4 6 0
e 4 7 0
e 4 14 0
e 4 12 0
e 4 23 0
e 5 19 0
e 5 6 0
e 5 7 0
e 5 9 0
e 5 10 0
e 5 13 0
e 5 14 0
e 5 15 0
e 5 16 0
e 5 17 0
e 5 23 0
e 6 19 0
e 6 7 0
e 6 9 0
e 6 10 0
e 6 13 0
e 6 14 0
e 6 15 0
e 6 16 0
e 6 17 0
e 6 23 0
e 7 19 0
e 7 9 0
e 7 10 0
e 7 13 0
e 7 14 0
e 7 15 0
e 7 16 0
e 7 17 0
e 7 23 0
e 8 23 0
e 8 26 0
e 9 10 0
e 9 19 0
e 9 15 0
e 9 13 0
e 9 14 0
e 9 12 0
e 9 23 0
e 10 14 0
e 10 16 0
e 10 23 0
e 11 23 0
e 11 26 0
e 12 16 0
e 12 23 0
e 13 19 0
e 13 15 0
e 13 14 0
e 13 16 0
e 14 19 0
e 14 15 0
e 14 17 0
e 14 23 0
e 15 19 0
e 15 17 0
e 15 23 0
e 16 19 0
e 16 17 0
e 16 23 0
e 17 19 0
e 17 23 0
e 18 23 0
e 18 26 0
e 19 23 0
e 20 21 0
e 20 26 0
e 21 22 0
e 21 23 0
e 22 23 0
e 22 26 0
e 23 26 0
e 23 30 0
e 23 25 0
e 23 24 0
e 23 29 0
e 23 28 0
e 23 27 0
e 24 26 0
e 25 26 0
e 26 27 0
e 26 31 0
e 26 29 0
e 26 30 0
e 26 28 0
