t 40 54
v 0 11 2
v 1 27 2
v 2 9 3
v 3 9 5
v 4 2 3
v 5 9 4
v 6 18 4
v 7 12 2
v 8 11 2
v 9 21 2
v 10 1 3
v 11 24 2
v 12 9 1
v 13 11 2
v 14 22 2
v 15 9 2
v 16 9 2
v 17 9 4
v 18 31 1
v 19 9 8
v 20 9 4
v 21 16 1
v 22 9 3
v 23 16 4
v 24 27 2
v 25 9 1
v 26 11 2
v 27 31 2
v 28 7 1
v 29 25 7
v 30 18 5
v 31 16 3
v 32 13 3
v 33 22 3
v 34 11 2
v 35 33 2
v 36 11 2
v 37 2 2
v 38 11 2
v 39 2 1
e 0 36 0
e 0 13 0
e 1 19 0
e 1 22 0
e 2 6 0
e 2 3 0
e 2 29 0
e 3 33 0
e 3 5 0
e 3 30 0
e 3 17 0
e 4 27 0
e 4 18 0
e 4 15 0
e 5 30 0
e 5 17 0
e 5 29 0
e 6 7 0
e 6 10 0
e 6 29 0
e 7 30 0
e 8 9 0
e 8 10 0
e 9 11 0
e 10 30 0
e 11 14 0
e 12 19 0
e 13 16 0
e 14 15 0
e 16 29 0
e 17 33 0
e 17 29 0
e 19 35 0
e 19 23 0
e 19 20 0
e 19 24 0
e 19 22 0
e 19 32 0
e 20 35 0
e 20 22 0
e 20 24 0
e 21 31 0
e 23 26 0
e 23 31 0
e 23 32 0
e 25 32 0
e 26 34 0
e 27 34 0
e 28 31 0
e 29 33 0
e 29 30 0
e 36 37 0
e 37 38 0
e 38 39 0
