t 40 130
v 0 24 11
v 1 3 11
v 2 11 6
v 3 5 11
v 4 11 5
v 5 5 10
v 6 3 10
v 7 32 3
v 8 5 10
v 9 9 3
v 10 16 3
v 11 9 2
v 12 22 2
v 13 7 2
v 14 5 12
v 15 0 10
v 16 2 3
v 17 16 3
v 18 5 12
v 19 3 11
v 20 5 13
v 21 2 16
v 22 2 10
v 23 32 2
v 24 11 5
v 25 3 2
v 26 2 7
v 27 23 6
v 28 2 7
v 29 7 4
v 30 7 2
v 31 11 2
v 32 11 3
v 33 2 6
v 34 9 3
v 35 3 8
v 36 2 10
v 37 11 6
v 38 16 5
v 39 16 3
e 0 25 0
e 0 32 0
e 0 6 0
e 0 1 0
e 0 3 0
e 0 5 0
e 0 8 0
e 0 14 0
e 0 18 0
e 0 19 0
e 0 20 0
e 1 19 0
e 1 3 0
e 1 35 0
e 1 8 0
e 1 15 0
e 1 6 0
e 1 20 0
e 1 14 0
e 1 18 0
e 1 21 0
e 2 21 0
e 2 22 0
e 2 26 0
e 2 28 0
e 2 33 0
e 2 36 0
e 3 19 0
e 3 5 0
e 3 35 0
e 3 8 0
e 3 15 0
e 3 6 0
e 3 20 0
e 3 18 0
e 3 21 0
e 4 22 0
e 4 26 0
e 4 28 0
e 4 33 0
e 4 36 0
e 5 19 0
e 5 35 0
e 5 15 0
e 5 6 0
e 5 20 0
e 5 14 0
e 5 18 0
e 5 21 0
e 6 14 0
e 6 15 0
e 6 18 0
e 6 19 0
e 6 20 0
e 6 21 0
e 7 23 0
e 7 27 0
e 7 34 0
e 8 19 0
e 8 35 0
e 8 15 0
e 8 20 0
e 8 14 0
e 8 18 0
e 8 21 0
e 9 11 0
e 9 29 0
e 9 13 0
e 10 39 0
e 10 17 0
e 10 38 0
e 11 25 0
e 12 14 0
e 12 20 0
e 13 29 0
e 14 19 0
e 14 35 0
e 14 15 0
e 14 18 0
e 14 20 0
e 14 21 0
e 15 19 0
e 15 35 0
e 15 20 0
e 15 18 0
e 16 31 0
e 16 21 0
e 16 22 0
e 17 39 0
e 17 38 0
e 18 19 0
e 18 35 0
e 18 20 0
e 18 21 0
e 19 20 0
e 19 21 0
e 20 35 0
e 20 21 0
e 21 36 0
e 21 37 0
e 21 27 0
e 21 24 0
e 21 22 0
e 22 36 0
e 22 28 0
e 22 37 0
e 22 26 0
e 22 24 0
e 22 33 0
e 23 34 0
e 24 26 0
e 24 28 0
e 24 36 0
e 26 37 0
e 26 27 0
e 26 36 0
e 27 28 0
e 27 33 0
e 27 36 0
e 28 37 0
e 28 36 0
e 29 38 0
e 29 30 0
e 30 38 0
e 31 32 0
e 32 34 0
e 33 36 0
e 33 37 0
e 36 37 0
e 38 39 0
