t 40 83
v 0 11 8
v 1 21 1
v 2 21 4
v 3 11 3
v 4 11 7
v 5 5 6
v 6 24 3
v 7 11 12
v 8 23 1
v 9 3 4
v 10 9 7
v 11 18 4
v 12 33 8
v 13 18 2
v 14 18 3
v 15 18 5
v 16 5 1
v 17 18 3
v 18 18 5
v 19 18 1
v 20 3 3
v 21 27 1
v 22 18 5
v 23 18 4
v 24 11 1
v 25 18 5
v 26 11 3
v 27 27 1
v 28 11 2
v 29 18 2
v 30 19 3
v 31 17 2
v 32 5 6
v 33 5 7
v 34 5 5
v 35 17 2
v 36 9 8
v 37 5 6
v 38 5 2
v 39 5 10
e 0 33 0
e 0 4 0
e 0 7 0
e 0 2 0
e 0 12 0
e 0 32 0
e 0 36 0
e 0 20 0
e 1 39 0
e 2 4 0
e 2 7 0
e 2 30 0
e 3 14 0
e 3 35 0
e 3 39 0
e 4 5 0
e 4 33 0
e 4 7 0
e 4 32 0
e 4 30 0
e 5 32 0
e 5 10 0
e 5 33 0
e 5 36 0
e 5 39 0
e 6 7 0
e 6 36 0
e 6 37 0
e 7 34 0
e 7 33 0
e 7 9 0
e 7 12 0
e 7 32 0
e 7 37 0
e 7 30 0
e 7 39 0
e 8 29 0
e 9 10 0
e 9 12 0
e 9 33 0
e 10 16 0
e 10 34 0
e 10 33 0
e 10 12 0
e 10 37 0
e 11 19 0
e 11 23 0
e 11 22 0
e 11 15 0
e 12 21 0
e 12 20 0
e 12 36 0
e 12 39 0
e 13 14 0
e 13 27 0
e 14 24 0
e 15 22 0
e 15 17 0
e 15 25 0
e 15 18 0
e 17 18 0
e 17 22 0
e 18 23 0
e 18 25 0
e 18 26 0
e 20 36 0
e 22 23 0
e 22 25 0
e 23 25 0
e 25 26 0
e 26 28 0
e 28 39 0
e 29 31 0
e 31 35 0
e 32 36 0
e 32 39 0
e 33 36 0
e 34 36 0
e 34 37 0
e 34 39 0
e 37 38 0
e 37 39 0
e 38 39 0
