t 32 42
v 0 18 3
v 1 11 3
v 2 11 5
v 3 30 1
v 4 30 2
v 5 11 1
v 6 11 2
v 7 30 4
v 8 5 4
v 9 30 2
v 10 1 1
v 11 5 2
v 12 5 1
v 13 11 5
v 14 7 1
v 15 5 1
v 16 11 2
v 17 18 6
v 18 17 4
v 19 5 3
v 20 5 4
v 21 11 3
v 22 17 2
v 23 16 3
v 24 11 1
v 25 23 2
v 26 18 5
v 27 17 4
v 28 18 2
v 29 9 3
v 30 7 1
v 31 16 1
e 0 1 0
e 0 2 0
e 0 21 0
e 1 5 0
e 1 10 0
e 2 16 0
e 2 17 0
e 2 21 0
e 2 26 0
e 3 13 0
e 4 6 0
e 4 13 0
e 6 13 0
e 7 20 0
e 7 12 0
e 7 19 0
e 7 9 0
e 8 20 0
e 8 11 0
e 8 15 0
e 8 19 0
e 9 13 0
e 11 20 0
e 13 16 0
e 14 29 0
e 17 27 0
e 17 21 0
e 17 25 0
e 17 18 0
e 17 26 0
e 18 27 0
e 18 22 0
e 18 26 0
e 19 20 0
e 22 24 0
e 23 30 0
e 23 31 0
e 23 29 0
e 25 26 0
e 26 27 0
e 27 28 0
e 28 29 0
