t 24 55
v 0 15 6
v 1 15 3
v 2 15 3
v 3 12 9
v 4 12 3
v 5 12 5
v 6 12 2
v 7 12 4
v 8 15 4
v 9 33 5
v 10 17 4
v 11 17 2
v 12 15 2
v 13 16 2
v 14 12 10
v 15 16 9
v 16 9 7
v 17 9 6
v 18 15 6
v 19 15 6
v 20 15 7
v 21 28 2
v 22 18 2
v 23 30 1
e 0 19 0
e 0 16 0
e 0 20 0
e 0 3 0
e 0 14 0
e 0 15 0
e 1 2 0
e 1 4 0
e 1 6 0
e 2 4 0
e 2 12 0
e 3 13 0
e 3 19 0
e 3 9 0
e 3 10 0
e 3 8 0
e 3 7 0
e 3 18 0
e 3 16 0
e 4 12 0
e 5 13 0
e 5 10 0
e 5 7 0
e 5 14 0
e 5 15 0
e 6 7 0
e 7 14 0
e 8 10 0
e 8 14 0
e 8 15 0
e 9 15 0
e 9 17 0
e 9 18 0
e 9 20 0
e 10 14 0
e 11 14 0
e 11 15 0
e 14 19 0
e 14 17 0
e 14 16 0
e 14 15 0
e 15 18 0
e 15 16 0
e 15 20 0
e 16 20 0
e 16 17 0
e 16 18 0
e 17 19 0
e 17 18 0
e 17 20 0
e 18 19 0
e 19 20 0
e 20 21 0
e 21 22 0
e 22 23 0
