t 24 33
v 0 27 2
v 1 30 2
v 2 17 3
v 3 30 2
v 4 2 7
v 5 9 2
v 6 17 4
v 7 27 2
v 8 0 1
v 9 17 5
v 10 7 3
v 11 9 4
v 12 7 3
v 13 17 3
v 14 30 1
v 15 7 2
v 16 7 2
v 17 7 1
v 18 11 2
v 19 17 3
v 20 33 2
v 21 13 3
v 22 17 4
v 23 18 3
e 0 1 0
e 0 7 0
e 1 3 0
e 2 4 0
e 2 11 0
e 2 13 0
e 3 4 0
e 4 6 0
e 4 22 0
e 4 18 0
e 4 9 0
e 4 13 0
e 5 20 0
e 5 7 0
e 6 19 0
e 6 11 0
e 6 23 0
e 8 21 0
e 9 19 0
e 9 11 0
e 9 13 0
e 9 23 0
e 10 15 0
e 10 16 0
e 10 17 0
e 11 22 0
e 12 15 0
e 12 16 0
e 12 21 0
e 14 18 0
e 19 22 0
e 20 21 0
e 22 23 0
