t 24 53
v 0 11 5
v 1 18 1
v 2 30 5
v 3 30 2
v 4 30 4
v 5 13 3
v 6 11 12
v 7 18 7
v 8 30 1
v 9 11 5
v 10 18 7
v 11 36 3
v 12 11 9
v 13 13 6
v 14 18 7
v 15 13 4
v 16 11 5
v 17 28 3
v 18 11 3
v 19 12 4
v 20 13 3
v 21 15 2
v 22 13 4
v 23 9 1
e 0 6 0
e 0 10 0
e 0 12 0
e 0 14 0
e 0 19 0
e 1 7 0
e 2 17 0
e 2 4 0
e 2 3 0
e 2 6 0
e 2 8 0
e 3 4 0
e 4 17 0
e 4 6 0
e 5 15 0
e 5 13 0
e 5 22 0
e 6 9 0
e 6 11 0
e 6 17 0
e 6 7 0
e 6 10 0
e 6 12 0
e 6 14 0
e 6 16 0
e 6 18 0
e 7 10 0
e 7 12 0
e 7 14 0
e 7 16 0
e 7 18 0
e 9 11 0
e 9 10 0
e 9 12 0
e 9 14 0
e 10 14 0
e 10 12 0
e 10 16 0
e 11 12 0
e 12 18 0
e 12 16 0
e 12 14 0
e 13 15 0
e 13 20 0
e 13 22 0
e 13 21 0
e 13 19 0
e 14 16 0
e 15 20 0
e 15 19 0
e 19 22 0
e 20 22 0
e 21 23 0
