t 32 189
v 0 15 14
v 1 15 14
v 2 12 11
v 3 15 3
v 4 12 4
v 5 12 20
v 6 12 22
v 7 15 15
v 8 17 6
v 9 15 15
v 10 15 14
v 11 12 21
v 12 16 9
v 13 15 17
v 14 12 20
v 15 15 3
v 16 9 13
v 17 15 3
v 18 15 6
v 19 12 4
v 20 16 8
v 21 15 13
v 22 15 15
v 23 15 3
v 24 15 14
v 25 33 10
v 26 12 23
v 27 15 3
v 28 12 8
v 29 12 17
v 30 15 16
v 31 9 14
e 0 13 0
e 0 21 0
e 0 5 0
e 0 6 0
e 0 7 0
e 0 9 0
e 0 10 0
e 0 11 0
e 0 14 0
e 0 22 0
e 0 24 0
e 0 26 0
e 0 30 0
e 0 31 0
e 1 25 0
e 1 13 0
e 1 16 0
e 1 7 0
e 1 30 0
e 1 24 0
e 1 5 0
e 1 6 0
e 1 9 0
e 1 10 0
e 1 14 0
e 1 22 0
e 1 26 0
e 1 31 0
e 2 14 0
e 2 4 0
e 2 19 0
e 2 28 0
e 2 20 0
e 2 5 0
e 2 6 0
e 2 8 0
e 2 11 0
e 2 12 0
e 2 26 0
e 3 6 0
e 3 12 0
e 3 26 0
e 4 17 0
e 4 28 0
e 4 23 0
e 5 18 0
e 5 14 0
e 5 22 0
e 5 9 0
e 5 30 0
e 5 24 0
e 5 20 0
e 5 16 0
e 5 7 0
e 5 28 0
e 5 13 0
e 5 25 0
e 5 6 0
e 5 8 0
e 5 11 0
e 5 26 0
e 5 29 0
e 6 31 0
e 6 8 0
e 6 11 0
e 6 14 0
e 6 22 0
e 6 15 0
e 6 9 0
e 6 30 0
e 6 24 0
e 6 20 0
e 6 16 0
e 6 28 0
e 6 13 0
e 6 21 0
e 6 29 0
e 6 12 0
e 6 26 0
e 7 25 0
e 7 21 0
e 7 10 0
e 7 11 0
e 7 14 0
e 7 16 0
e 7 18 0
e 7 22 0
e 7 24 0
e 7 29 0
e 7 30 0
e 7 31 0
e 8 14 0
e 8 11 0
e 8 26 0
e 9 13 0
e 9 10 0
e 9 16 0
e 9 30 0
e 9 21 0
e 9 11 0
e 9 14 0
e 9 22 0
e 9 26 0
e 9 29 0
e 9 31 0
e 10 16 0
e 10 30 0
e 10 24 0
e 10 13 0
e 10 21 0
e 10 11 0
e 10 14 0
e 10 22 0
e 10 26 0
e 10 31 0
e 11 31 0
e 11 14 0
e 11 22 0
e 11 30 0
e 11 24 0
e 11 20 0
e 11 16 0
e 11 28 0
e 11 13 0
e 11 21 0
e 11 25 0
e 11 12 0
e 11 29 0
e 12 14 0
e 12 15 0
e 12 20 0
e 12 29 0
e 12 26 0
e 13 25 0
e 13 14 0
e 13 16 0
e 13 18 0
e 13 22 0
e 13 24 0
e 13 26 0
e 13 29 0
e 13 30 0
e 13 31 0
e 14 18 0
e 14 22 0
e 14 30 0
e 14 24 0
e 14 20 0
e 14 28 0
e 14 25 0
e 14 26 0
e 15 26 0
e 16 21 0
e 16 26 0
e 16 29 0
e 16 30 0
e 16 31 0
e 17 19 0
e 17 27 0
e 18 26 0
e 18 29 0
e 19 23 0
e 19 27 0
e 20 26 0
e 20 29 0
e 21 25 0
e 21 24 0
e 21 26 0
e 21 29 0
e 21 30 0
e 21 31 0
e 22 30 0
e 22 24 0
e 22 26 0
e 22 29 0
e 22 31 0
e 23 27 0
e 24 26 0
e 24 29 0
e 24 30 0
e 25 26 0
e 25 29 0
e 25 31 0
e 26 30 0
e 26 28 0
e 26 29 0
e 28 29 0
e 29 31 0
e 30 31 0
