t 40 185
v 0 18 16
v 1 13 2
v 2 18 13
v 3 13 3
v 4 18 15
v 5 15 8
v 6 15 1
v 7 13 2
v 8 15 11
v 9 18 16
v 10 18 15
v 11 18 14
v 12 9 15
v 13 9 12
v 14 13 10
v 15 18 16
v 16 13 5
v 17 13 3
v 18 13 3
v 19 22 5
v 20 18 17
v 21 13 3
v 22 22 3
v 23 13 2
v 24 13 5
v 25 18 15
v 26 13 3
v 27 13 4
v 28 13 9
v 29 18 15
v 30 13 5
v 31 22 4
v 32 13 12
v 33 22 3
v 34 18 17
v 35 22 5
v 36 14 13
v 37 18 16
v 38 18 18
v 39 18 16
e 0 2 0
e 0 8 0
e 0 9 0
e 0 10 0
e 0 11 0
e 0 12 0
e 0 13 0
e 0 14 0
e 0 20 0
e 0 25 0
e 0 32 0
e 0 34 0
e 0 36 0
e 0 37 0
e 0 38 0
e 0 39 0
e 1 17 0
e 1 4 0
e 2 15 0
e 2 10 0
e 2 3 0
e 2 9 0
e 2 20 0
e 2 4 0
e 2 13 0
e 2 11 0
e 2 12 0
e 2 34 0
e 2 37 0
e 2 39 0
e 3 17 0
e 3 4 0
e 4 15 0
e 4 20 0
e 4 13 0
e 4 11 0
e 4 12 0
e 4 34 0
e 4 37 0
e 4 9 0
e 4 10 0
e 4 25 0
e 4 29 0
e 4 38 0
e 5 34 0
e 5 37 0
e 5 8 0
e 5 20 0
e 5 25 0
e 5 29 0
e 5 38 0
e 5 39 0
e 6 8 0
e 7 35 0
e 7 36 0
e 8 20 0
e 8 11 0
e 8 34 0
e 8 9 0
e 8 10 0
e 8 15 0
e 8 38 0
e 8 39 0
e 9 15 0
e 9 36 0
e 9 20 0
e 9 29 0
e 9 11 0
e 9 12 0
e 9 34 0
e 9 37 0
e 9 10 0
e 9 14 0
e 9 25 0
e 9 38 0
e 10 15 0
e 10 36 0
e 10 38 0
e 10 29 0
e 10 32 0
e 10 20 0
e 10 12 0
e 10 37 0
e 10 25 0
e 10 39 0
e 11 12 0
e 11 37 0
e 11 13 0
e 11 15 0
e 11 25 0
e 11 29 0
e 11 32 0
e 11 38 0
e 11 39 0
e 12 34 0
e 12 37 0
e 12 13 0
e 12 15 0
e 12 20 0
e 12 25 0
e 12 29 0
e 12 38 0
e 12 39 0
e 13 15 0
e 13 20 0
e 13 34 0
e 13 37 0
e 13 25 0
e 13 38 0
e 13 39 0
e 14 15 0
e 14 20 0
e 14 29 0
e 14 32 0
e 14 34 0
e 14 28 0
e 14 25 0
e 14 39 0
e 15 36 0
e 15 32 0
e 15 34 0
e 15 37 0
e 15 25 0
e 15 29 0
e 15 38 0
e 16 30 0
e 16 26 0
e 16 27 0
e 16 24 0
e 16 28 0
e 17 36 0
e 18 21 0
e 18 23 0
e 18 30 0
e 19 22 0
e 19 31 0
e 19 33 0
e 19 28 0
e 19 35 0
e 20 32 0
e 20 34 0
e 20 37 0
e 20 29 0
e 20 36 0
e 20 38 0
e 20 39 0
e 21 23 0
e 21 30 0
e 22 31 0
e 22 33 0
e 24 30 0
e 24 26 0
e 24 27 0
e 24 28 0
e 25 36 0
e 25 38 0
e 25 29 0
e 25 32 0
e 25 37 0
e 26 28 0
e 27 30 0
e 27 28 0
e 28 31 0
e 28 35 0
e 28 32 0
e 29 36 0
e 29 32 0
e 29 34 0
e 29 38 0
e 29 39 0
e 31 35 0
e 32 34 0
e 32 38 0
e 32 39 0
e 33 35 0
e 34 37 0
e 34 36 0
e 34 38 0
e 34 39 0
e 36 37 0
e 36 38 0
e 36 39 0
e 37 38 0
e 37 39 0
e 38 39 0
