t 40 98
v 0 5 2
v 1 2 13
v 2 5 2
v 3 2 6
v 4 5 6
v 5 11 7
v 6 5 1
v 7 5 1
v 8 5 6
v 9 5 3
v 10 5 12
v 11 2 8
v 12 2 10
v 13 5 1
v 14 2 5
v 15 2 7
v 16 11 6
v 17 5 2
v 18 11 8
v 19 11 2
v 20 11 5
v 21 5 1
v 22 11 2
v 23 11 5
v 24 2 16
v 25 2 6
v 26 11 2
v 27 5 2
v 28 11 1
v 29 2 8
v 30 11 7
v 31 5 1
v 32 2 6
v 33 11 4
v 34 11 6
v 35 11 7
v 36 2 6
v 37 11 1
v 38 11 1
v 39 11 1
e 0 4 0
e 0 10 0
e 1 24 0
e 1 3 0
e 1 34 0
e 1 18 0
e 1 36 0
e 1 26 0
e 1 20 0
e 1 11 0
e 1 12 0
e 1 10 0
e 1 28 0
e 1 19 0
e 1 23 0
e 2 4 0
e 2 8 0
e 3 34 0
e 3 16 0
e 3 5 0
e 3 35 0
e 3 11 0
e 4 9 0
e 4 21 0
e 4 27 0
e 4 8 0
e 5 11 0
e 5 14 0
e 5 15 0
e 5 24 0
e 5 29 0
e 5 32 0
e 6 8 0
e 7 10 0
e 8 9 0
e 8 17 0
e 8 10 0
e 9 10 0
e 10 17 0
e 10 27 0
e 10 37 0
e 10 38 0
e 10 39 0
e 10 31 0
e 10 13 0
e 11 18 0
e 11 34 0
e 11 30 0
e 11 12 0
e 11 36 0
e 12 24 0
e 12 29 0
e 12 30 0
e 12 35 0
e 12 36 0
e 12 20 0
e 12 25 0
e 12 32 0
e 14 24 0
e 14 18 0
e 14 30 0
e 14 16 0
e 15 24 0
e 15 33 0
e 15 30 0
e 15 16 0
e 15 35 0
e 15 23 0
e 16 24 0
e 16 32 0
e 16 36 0
e 18 20 0
e 18 24 0
e 18 25 0
e 18 29 0
e 18 32 0
e 19 26 0
e 20 34 0
e 20 35 0
e 22 35 0
e 22 24 0
e 23 24 0
e 23 25 0
e 23 29 0
e 24 34 0
e 24 29 0
e 24 30 0
e 24 35 0
e 24 25 0
e 24 32 0
e 24 36 0
e 25 33 0
e 25 35 0
e 29 34 0
e 29 33 0
e 29 30 0
e 30 36 0
e 32 33 0
