t 24 80
v 0 18 5
v 1 18 12
v 2 18 13
v 3 15 1
v 4 15 5
v 5 13 6
v 6 15 2
v 7 13 4
v 8 13 5
v 9 15 5
v 10 18 12
v 11 13 4
v 12 18 12
v 13 18 13
v 14 18 10
v 15 15 1
v 16 9 9
v 17 9 8
v 18 14 1
v 19 9 8
v 20 9 9
v 21 18 9
v 22 14 4
v 23 14 2
e 0 2 0
e 0 10 0
e 0 13 0
e 0 16 0
e 0 17 0
e 1 22 0
e 1 4 0
e 1 2 0
e 1 14 0
e 1 16 0
e 1 20 0
e 1 12 0
e 1 19 0
e 1 13 0
e 1 21 0
e 1 10 0
e 1 7 0
e 2 5 0
e 2 8 0
e 2 20 0
e 2 19 0
e 2 21 0
e 2 12 0
e 2 10 0
e 2 13 0
e 2 14 0
e 2 16 0
e 2 17 0
e 3 6 0
e 4 9 0
e 4 15 0
e 4 21 0
e 4 12 0
e 5 8 0
e 5 9 0
e 5 10 0
e 5 11 0
e 5 13 0
e 6 9 0
e 7 14 0
e 7 21 0
e 7 12 0
e 8 9 0
e 8 11 0
e 8 13 0
e 9 11 0
e 10 17 0
e 10 20 0
e 10 19 0
e 10 21 0
e 10 12 0
e 10 13 0
e 10 14 0
e 10 16 0
e 11 13 0
e 12 13 0
e 12 14 0
e 12 16 0
e 12 17 0
e 12 20 0
e 12 21 0
e 12 22 0
e 13 17 0
e 13 19 0
e 13 21 0
e 13 14 0
e 13 16 0
e 14 22 0
e 14 16 0
e 14 20 0
e 14 19 0
e 16 20 0
e 16 19 0
e 17 20 0
e 17 19 0
e 17 21 0
e 18 23 0
e 19 20 0
e 20 21 0
e 22 23 0
