t 24 29
v 0 22 2
v 1 22 2
v 2 14 2
v 3 11 1
v 4 14 2
v 5 14 2
v 6 14 5
v 7 14 4
v 8 13 2
v 9 14 2
v 10 11 3
v 11 9 2
v 12 18 2
v 13 18 3
v 14 13 3
v 15 14 2
v 16 13 2
v 17 11 1
v 18 14 3
v 19 9 2
v 20 13 5
v 21 14 2
v 22 14 2
v 23 14 2
e 0 14 0
e 0 20 0
e 1 14 0
e 1 20 0
e 2 9 0
e 2 18 0
e 3 10 0
e 4 6 0
e 4 7 0
e 5 6 0
e 5 7 0
e 6 14 0
e 6 18 0
e 6 20 0
e 7 18 0
e 7 20 0
e 8 15 0
e 8 16 0
e 9 15 0
e 10 17 0
e 10 19 0
e 11 12 0
e 11 13 0
e 12 13 0
e 13 16 0
e 19 23 0
e 20 21 0
e 21 22 0
e 22 23 0
