t 32 57
v 0 5 4
v 1 11 4
v 2 24 2
v 3 11 2
v 4 17 2
v 5 11 6
v 6 11 3
v 7 24 4
v 8 11 4
v 9 21 1
v 10 19 1
v 11 24 5
v 12 33 2
v 13 3 3
v 14 5 5
v 15 5 4
v 16 11 3
v 17 11 5
v 18 3 5
v 19 5 5
v 20 33 2
v 21 11 5
v 22 24 2
v 23 3 4
v 24 11 6
v 25 11 8
v 26 11 5
v 27 23 2
v 28 11 5
v 29 5 1
v 30 11 2
v 31 3 2
e 0 5 0
e 0 15 0
e 0 18 0
e 0 23 0
e 1 24 0
e 1 17 0
e 1 6 0
e 1 28 0
e 2 5 0
e 2 7 0
e 3 20 0
e 3 11 0
e 4 12 0
e 4 21 0
e 5 14 0
e 5 22 0
e 5 15 0
e 5 10 0
e 6 26 0
e 6 25 0
e 7 22 0
e 7 11 0
e 7 9 0
e 8 21 0
e 8 24 0
e 8 16 0
e 8 25 0
e 11 18 0
e 11 14 0
e 11 23 0
e 12 20 0
e 13 18 0
e 13 19 0
e 13 23 0
e 14 18 0
e 14 15 0
e 14 19 0
e 15 19 0
e 16 21 0
e 16 25 0
e 17 24 0
e 17 25 0
e 17 26 0
e 17 31 0
e 18 19 0
e 19 23 0
e 21 25 0
e 21 26 0
e 24 25 0
e 24 26 0
e 24 28 0
e 25 28 0
e 25 30 0
e 26 28 0
e 27 29 0
e 27 31 0
e 28 30 0
