t 24 70
v 0 23 3
v 1 12 8
v 2 12 9
v 3 12 11
v 4 12 8
v 5 12 9
v 6 12 6
v 7 12 6
v 8 14 2
v 9 12 4
v 10 12 8
v 11 14 6
v 12 12 10
v 13 18 4
v 14 12 7
v 15 12 8
v 16 12 9
v 17 9 3
v 18 14 2
v 19 14 2
v 20 14 3
v 21 14 6
v 22 18 5
v 23 15 1
e 0 11 0
e 0 13 0
e 0 21 0
e 1 12 0
e 1 6 0
e 1 10 0
e 1 4 0
e 1 3 0
e 1 5 0
e 1 15 0
e 1 16 0
e 2 3 0
e 2 12 0
e 2 6 0
e 2 7 0
e 2 10 0
e 2 4 0
e 2 9 0
e 2 15 0
e 2 16 0
e 3 5 0
e 3 12 0
e 3 6 0
e 3 14 0
e 3 10 0
e 3 4 0
e 3 9 0
e 3 15 0
e 3 16 0
e 4 5 0
e 4 6 0
e 4 10 0
e 4 12 0
e 4 14 0
e 5 12 0
e 5 6 0
e 5 14 0
e 5 10 0
e 5 15 0
e 5 16 0
e 6 10 0
e 7 10 0
e 7 12 0
e 7 14 0
e 7 15 0
e 7 16 0
e 8 22 0
e 8 17 0
e 9 16 0
e 9 22 0
e 10 12 0
e 11 20 0
e 11 18 0
e 11 22 0
e 11 13 0
e 11 21 0
e 12 14 0
e 12 15 0
e 12 16 0
e 13 22 0
e 13 21 0
e 14 15 0
e 14 16 0
e 15 16 0
e 17 23 0
e 17 21 0
e 18 19 0
e 19 20 0
e 20 21 0
e 21 22 0
