t 24 36
v 0 12 4
v 1 12 7
v 2 0 4
v 3 1 4
v 4 0 1
v 5 0 3
v 6 15 2
v 7 1 4
v 8 12 6
v 9 12 5
v 10 7 3
v 11 12 2
v 12 12 4
v 13 13 2
v 14 12 5
v 15 12 3
v 16 12 1
v 17 7 2
v 18 12 1
v 19 15 2
v 20 13 2
v 21 13 2
v 22 7 1
v 23 13 2
e 0 15 0
e 0 9 0
e 0 12 0
e 0 19 0
e 1 3 0
e 1 7 0
e 1 8 0
e 1 9 0
e 1 12 0
e 1 14 0
e 1 15 0
e 2 7 0
e 2 10 0
e 2 3 0
e 2 5 0
e 3 8 0
e 3 7 0
e 4 5 0
e 5 10 0
e 6 19 0
e 6 17 0
e 7 10 0
e 8 9 0
e 8 11 0
e 8 12 0
e 8 14 0
e 9 12 0
e 9 15 0
e 11 14 0
e 13 23 0
e 13 22 0
e 14 16 0
e 14 18 0
e 17 20 0
e 20 21 0
e 21 23 0
