t 40 56
v 0 7 4
v 1 7 4
v 2 3 4
v 3 9 6
v 4 9 7
v 5 7 1
v 6 3 4
v 7 5 5
v 8 27 2
v 9 5 2
v 10 3 2
v 11 5 3
v 12 5 3
v 13 3 2
v 14 3 5
v 15 11 1
v 16 5 1
v 17 7 4
v 18 3 2
v 19 2 1
v 20 5 4
v 21 11 2
v 22 18 2
v 23 27 3
v 24 9 4
v 25 3 1
v 26 3 3
v 27 2 1
v 28 9 2
v 29 2 1
v 30 3 2
v 31 7 1
v 32 9 6
v 33 3 1
v 34 5 1
v 35 22 4
v 36 7 2
v 37 7 6
v 38 18 2
v 39 18 1
e 0 1 0
e 0 3 0
e 0 17 0
e 0 37 0
e 1 5 0
e 1 3 0
e 1 37 0
e 2 32 0
e 2 30 0
e 2 13 0
e 2 6 0
e 3 36 0
e 3 4 0
e 3 17 0
e 3 37 0
e 4 7 0
e 4 11 0
e 4 20 0
e 4 9 0
e 4 12 0
e 4 35 0
e 6 32 0
e 6 13 0
e 6 23 0
e 7 21 0
e 7 14 0
e 7 20 0
e 7 34 0
e 8 24 0
e 8 32 0
e 9 14 0
e 10 22 0
e 10 24 0
e 11 12 0
e 11 20 0
e 12 14 0
e 14 20 0
e 14 21 0
e 15 35 0
e 16 23 0
e 17 36 0
e 17 37 0
e 18 26 0
e 18 24 0
e 19 28 0
e 22 26 0
e 23 35 0
e 24 26 0
e 25 35 0
e 27 32 0
e 28 32 0
e 29 32 0
e 30 33 0
e 31 37 0
e 37 38 0
e 38 39 0
