t 16 54
v 0 12 9
v 1 12 7
v 2 12 5
v 3 12 7
v 4 12 9
v 5 12 2
v 6 12 6
v 7 12 7
v 8 13 1
v 9 12 9
v 10 12 6
v 11 12 8
v 12 12 8
v 13 12 9
v 14 12 6
v 15 12 9
e 0 14 0
e 0 11 0
e 0 12 0
e 0 9 0
e 0 13 0
e 0 10 0
e 0 6 0
e 0 15 0
e 0 5 0
e 1 8 0
e 1 4 0
e 1 11 0
e 1 12 0
e 1 3 0
e 1 13 0
e 1 15 0
e 2 6 0
e 2 4 0
e 2 7 0
e 2 9 0
e 2 10 0
e 3 10 0
e 3 15 0
e 3 7 0
e 3 9 0
e 3 11 0
e 3 12 0
e 4 11 0
e 4 12 0
e 4 9 0
e 4 10 0
e 4 6 0
e 4 15 0
e 4 7 0
e 5 14 0
e 6 7 0
e 6 11 0
e 6 13 0
e 7 9 0
e 7 13 0
e 7 15 0
e 9 13 0
e 9 11 0
e 9 12 0
e 9 14 0
e 10 15 0
e 10 13 0
e 11 15 0
e 11 14 0
e 12 13 0
e 12 15 0
e 12 14 0
e 13 15 0
e 13 14 0
