t 32 54
v 0 18 3
v 1 3 2
v 2 12 4
v 3 24 4
v 4 7 5
v 5 9 5
v 6 11 3
v 7 2 8
v 8 7 4
v 9 7 4
v 10 9 2
v 11 5 1
v 12 18 1
v 13 11 3
v 14 12 4
v 15 2 4
v 16 11 2
v 17 11 2
v 18 11 4
v 19 11 2
v 20 11 2
v 21 12 4
v 22 5 2
v 23 12 5
v 24 11 2
v 25 12 4
v 26 11 2
v 27 7 4
v 28 24 4
v 29 2 5
v 30 11 4
v 31 2 3
e 0 12 0
e 0 3 0
e 0 7 0
e 1 26 0
e 1 28 0
e 2 21 0
e 2 14 0
e 2 23 0
e 2 25 0
e 3 28 0
e 3 4 0
e 3 7 0
e 4 8 0
e 4 5 0
e 4 27 0
e 4 9 0
e 5 8 0
e 5 10 0
e 5 27 0
e 5 9 0
e 6 7 0
e 6 29 0
e 6 31 0
e 7 13 0
e 7 22 0
e 7 18 0
e 7 30 0
e 7 29 0
e 8 27 0
e 8 9 0
e 9 27 0
e 10 11 0
e 13 15 0
e 13 28 0
e 14 21 0
e 14 23 0
e 14 25 0
e 15 30 0
e 15 18 0
e 15 29 0
e 16 17 0
e 16 24 0
e 17 19 0
e 18 29 0
e 18 31 0
e 19 20 0
e 20 23 0
e 21 23 0
e 21 25 0
e 22 28 0
e 23 25 0
e 24 26 0
e 29 30 0
e 30 31 0
