t 40 162
v 0 2 4
v 1 2 3
v 2 2 17
v 3 5 12
v 4 5 15
v 5 5 14
v 6 2 6
v 7 5 15
v 8 5 15
v 9 3 11
v 10 5 12
v 11 11 4
v 12 5 5
v 13 5 12
v 14 5 12
v 15 9 5
v 16 3 6
v 17 5 8
v 18 9 2
v 19 32 2
v 20 11 5
v 21 5 10
v 22 9 6
v 23 9 4
v 24 9 4
v 25 5 14
v 26 3 12
v 27 5 6
v 28 2 7
v 29 5 12
v 30 9 6
v 31 11 5
v 32 11 4
v 33 9 2
v 34 5 12
v 35 9 4
v 36 3 16
v 37 5 6
v 38 11 4
v 39 2 5
e 0 2 0
e 0 6 0
e 0 28 0
e 0 38 0
e 1 11 0
e 1 32 0
e 1 38 0
e 2 5 0
e 2 34 0
e 2 36 0
e 2 26 0
e 2 4 0
e 2 7 0
e 2 25 0
e 2 13 0
e 2 21 0
e 2 14 0
e 2 10 0
e 2 9 0
e 2 38 0
e 2 6 0
e 2 28 0
e 2 39 0
e 3 4 0
e 3 25 0
e 3 17 0
e 3 10 0
e 3 9 0
e 3 5 0
e 3 8 0
e 3 12 0
e 3 14 0
e 3 26 0
e 3 34 0
e 3 36 0
e 4 25 0
e 4 17 0
e 4 29 0
e 4 10 0
e 4 9 0
e 4 5 0
e 4 8 0
e 4 12 0
e 4 13 0
e 4 14 0
e 4 26 0
e 4 34 0
e 4 36 0
e 5 34 0
e 5 12 0
e 5 26 0
e 5 16 0
e 5 25 0
e 5 29 0
e 5 8 0
e 5 10 0
e 5 20 0
e 5 31 0
e 5 37 0
e 6 32 0
e 6 11 0
e 6 28 0
e 6 39 0
e 7 34 0
e 7 26 0
e 7 25 0
e 7 13 0
e 7 29 0
e 7 21 0
e 7 27 0
e 7 14 0
e 7 10 0
e 7 8 0
e 7 16 0
e 7 20 0
e 7 36 0
e 7 37 0
e 8 26 0
e 8 25 0
e 8 17 0
e 8 13 0
e 8 27 0
e 8 14 0
e 8 10 0
e 8 9 0
e 8 20 0
e 8 31 0
e 8 36 0
e 9 21 0
e 9 10 0
e 9 13 0
e 9 25 0
e 9 26 0
e 9 29 0
e 9 36 0
e 10 14 0
e 10 17 0
e 10 26 0
e 10 29 0
e 10 36 0
e 11 28 0
e 11 39 0
e 12 13 0
e 12 29 0
e 13 25 0
e 13 21 0
e 13 14 0
e 13 26 0
e 13 34 0
e 13 36 0
e 14 17 0
e 14 21 0
e 14 29 0
e 14 34 0
e 14 36 0
e 15 23 0
e 15 22 0
e 15 24 0
e 15 30 0
e 15 35 0
e 16 27 0
e 16 31 0
e 16 36 0
e 16 37 0
e 17 29 0
e 17 25 0
e 17 34 0
e 18 22 0
e 18 24 0
e 19 33 0
e 19 30 0
e 20 36 0
e 20 27 0
e 21 25 0
e 21 26 0
e 21 29 0
e 21 34 0
e 21 36 0
e 22 24 0
e 22 23 0
e 22 30 0
e 22 35 0
e 23 30 0
e 23 35 0
e 24 30 0
e 25 29 0
e 25 26 0
e 25 34 0
e 25 36 0
e 26 34 0
e 27 36 0
e 27 37 0
e 28 32 0
e 28 38 0
e 28 39 0
e 29 34 0
e 29 36 0
e 30 35 0
e 31 33 0
e 31 37 0
e 32 39 0
e 36 37 0
