t 40 97
v 0 3 1
v 1 3 8
v 2 5 8
v 3 5 7
v 4 5 2
v 5 27 4
v 6 15 4
v 7 5 10
v 8 27 5
v 9 5 6
v 10 23 1
v 11 3 6
v 12 18 4
v 13 14 9
v 14 5 10
v 15 15 4
v 16 14 2
v 17 5 3
v 18 15 1
v 19 14 3
v 20 3 10
v 21 12 5
v 22 14 5
v 23 5 2
v 24 15 3
v 25 14 7
v 26 5 2
v 27 17 2
v 28 14 7
v 29 12 7
v 30 14 6
v 31 9 5
v 32 14 5
v 33 5 3
v 34 17 1
v 35 14 7
v 36 15 3
v 37 14 7
v 38 3 1
v 39 3 8
e 0 17 0
e 1 20 0
e 1 2 0
e 1 17 0
e 1 3 0
e 1 7 0
e 1 11 0
e 1 14 0
e 1 39 0
e 2 20 0
e 2 3 0
e 2 7 0
e 2 9 0
e 2 11 0
e 2 14 0
e 2 39 0
e 3 33 0
e 3 9 0
e 3 7 0
e 3 14 0
e 3 39 0
e 4 9 0
e 4 7 0
e 5 12 0
e 5 8 0
e 5 14 0
e 5 23 0
e 6 31 0
e 6 15 0
e 6 21 0
e 6 29 0
e 7 33 0
e 7 20 0
e 7 9 0
e 7 11 0
e 7 14 0
e 7 39 0
e 8 20 0
e 8 12 0
e 8 14 0
e 8 26 0
e 9 20 0
e 9 39 0
e 10 12 0
e 11 20 0
e 11 14 0
e 11 39 0
e 12 13 0
e 13 22 0
e 13 30 0
e 13 28 0
e 13 24 0
e 13 32 0
e 13 25 0
e 13 35 0
e 13 37 0
e 14 33 0
e 14 39 0
e 14 20 0
e 15 31 0
e 15 21 0
e 15 29 0
e 16 19 0
e 16 37 0
e 17 38 0
e 18 19 0
e 19 24 0
e 20 26 0
e 20 23 0
e 20 39 0
e 21 31 0
e 21 36 0
e 21 29 0
e 22 30 0
e 22 28 0
e 22 25 0
e 22 37 0
e 24 37 0
e 25 30 0
e 25 28 0
e 25 32 0
e 25 37 0
e 25 35 0
e 27 36 0
e 27 29 0
e 28 32 0
e 28 30 0
e 28 35 0
e 28 37 0
e 29 31 0
e 29 36 0
e 29 34 0
e 30 32 0
e 30 35 0
e 31 35 0
e 32 35 0
e 35 37 0
