t 40 550
v 0 15 23
v 1 18 33
v 2 18 34
v 3 18 34
v 4 13 2
v 5 9 29
v 6 18 33
v 7 18 33
v 8 13 5
v 9 15 2
v 10 9 26
v 11 18 30
v 12 14 22
v 13 18 34
v 14 18 34
v 15 18 34
v 16 13 21
v 17 15 2
v 18 18 33
v 19 18 33
v 20 18 33
v 21 18 31
v 22 18 33
v 23 18 30
v 24 18 10
v 25 9 29
v 26 18 34
v 27 18 32
v 28 9 28
v 29 18 32
v 30 18 34
v 31 9 26
v 32 18 34
v 33 18 34
v 34 9 28
v 35 9 27
v 36 18 32
v 37 18 33
v 38 18 30
v 39 18 33
e 0 9 0
e 0 21 0
e 0 29 0
e 0 18 0
e 0 26 0
e 0 1 0
e 0 2 0
e 0 3 0
e 0 6 0
e 0 7 0
e 0 13 0
e 0 14 0
e 0 15 0
e 0 19 0
e 0 22 0
e 0 23 0
e 0 30 0
e 0 32 0
e 0 33 0
e 0 36 0
e 0 37 0
e 0 38 0
e 0 39 0
e 1 5 0
e 1 25 0
e 1 3 0
e 1 2 0
e 1 30 0
e 1 36 0
e 1 33 0
e 1 20 0
e 1 10 0
e 1 15 0
e 1 12 0
e 1 23 0
e 1 31 0
e 1 35 0
e 1 34 0
e 1 37 0
e 1 28 0
e 1 6 0
e 1 21 0
e 1 29 0
e 1 18 0
e 1 11 0
e 1 26 0
e 1 7 0
e 1 13 0
e 1 14 0
e 1 16 0
e 1 19 0
e 1 22 0
e 1 27 0
e 1 32 0
e 1 39 0
e 2 30 0
e 2 36 0
e 2 33 0
e 2 20 0
e 2 10 0
e 2 15 0
e 2 12 0
e 2 23 0
e 2 31 0
e 2 35 0
e 2 34 0
e 2 37 0
e 2 28 0
e 2 38 0
e 2 6 0
e 2 21 0
e 2 29 0
e 2 18 0
e 2 11 0
e 2 26 0
e 2 3 0
e 2 5 0
e 2 7 0
e 2 13 0
e 2 14 0
e 2 16 0
e 2 19 0
e 2 22 0
e 2 25 0
e 2 27 0
e 2 32 0
e 2 39 0
e 3 30 0
e 3 36 0
e 3 33 0
e 3 20 0
e 3 10 0
e 3 15 0
e 3 12 0
e 3 23 0
e 3 31 0
e 3 35 0
e 3 34 0
e 3 37 0
e 3 28 0
e 3 38 0
e 3 6 0
e 3 21 0
e 3 29 0
e 3 18 0
e 3 11 0
e 3 26 0
e 3 5 0
e 3 7 0
e 3 13 0
e 3 14 0
e 3 16 0
e 3 19 0
e 3 22 0
e 3 25 0
e 3 27 0
e 3 32 0
e 3 39 0
e 4 8 0
e 4 12 0
e 5 25 0
e 5 30 0
e 5 36 0
e 5 33 0
e 5 20 0
e 5 15 0
e 5 23 0
e 5 34 0
e 5 37 0
e 5 28 0
e 5 24 0
e 5 38 0
e 5 6 0
e 5 21 0
e 5 29 0
e 5 18 0
e 5 11 0
e 5 26 0
e 5 7 0
e 5 13 0
e 5 14 0
e 5 19 0
e 5 22 0
e 5 27 0
e 5 32 0
e 5 39 0
e 6 21 0
e 6 29 0
e 6 18 0
e 6 11 0
e 6 26 0
e 6 7 0
e 6 10 0
e 6 12 0
e 6 13 0
e 6 14 0
e 6 15 0
e 6 16 0
e 6 19 0
e 6 20 0
e 6 22 0
e 6 23 0
e 6 25 0
e 6 27 0
e 6 28 0
e 6 30 0
e 6 31 0
e 6 32 0
e 6 33 0
e 6 34 0
e 6 35 0
e 6 36 0
e 6 37 0
e 6 39 0
e 7 25 0
e 7 30 0
e 7 33 0
e 7 20 0
e 7 10 0
e 7 15 0
e 7 12 0
e 7 23 0
e 7 31 0
e 7 35 0
e 7 34 0
e 7 37 0
e 7 28 0
e 7 38 0
e 7 21 0
e 7 29 0
e 7 18 0
e 7 11 0
e 7 26 0
e 7 13 0
e 7 14 0
e 7 16 0
e 7 19 0
e 7 22 0
e 7 27 0
e 7 32 0
e 7 39 0
e 8 11 0
e 8 17 0
e 8 20 0
e 8 27 0
e 9 17 0
e 10 15 0
e 10 23 0
e 10 35 0
e 10 37 0
e 10 24 0
e 10 38 0
e 10 21 0
e 10 29 0
e 10 18 0
e 10 11 0
e 10 26 0
e 10 13 0
e 10 14 0
e 10 19 0
e 10 20 0
e 10 22 0
e 10 30 0
e 10 32 0
e 10 33 0
e 10 36 0
e 10 39 0
e 11 24 0
e 11 26 0
e 11 13 0
e 11 14 0
e 11 15 0
e 11 19 0
e 11 20 0
e 11 22 0
e 11 23 0
e 11 25 0
e 11 27 0
e 11 28 0
e 11 30 0
e 11 31 0
e 11 32 0
e 11 33 0
e 11 34 0
e 11 35 0
e 11 36 0
e 11 37 0
e 11 38 0
e 11 39 0
e 12 23 0
e 12 37 0
e 12 38 0
e 12 29 0
e 12 18 0
e 12 26 0
e 12 13 0
e 12 14 0
e 12 15 0
e 12 19 0
e 12 22 0
e 12 30 0
e 12 32 0
e 12 33 0
e 12 36 0
e 12 39 0
e 13 25 0
e 13 30 0
e 13 36 0
e 13 33 0
e 13 20 0
e 13 15 0
e 13 23 0
e 13 31 0
e 13 35 0
e 13 34 0
e 13 37 0
e 13 28 0
e 13 38 0
e 13 21 0
e 13 29 0
e 13 18 0
e 13 26 0
e 13 14 0
e 13 16 0
e 13 19 0
e 13 22 0
e 13 27 0
e 13 32 0
e 13 39 0
e 14 39 0
e 14 16 0
e 14 32 0
e 14 25 0
e 14 30 0
e 14 36 0
e 14 33 0
e 14 20 0
e 14 15 0
e 14 23 0
e 14 31 0
e 14 35 0
e 14 34 0
e 14 37 0
e 14 28 0
e 14 38 0
e 14 21 0
e 14 29 0
e 14 18 0
e 14 26 0
e 14 19 0
e 14 22 0
e 14 27 0
e 15 23 0
e 15 31 0
e 15 35 0
e 15 34 0
e 15 37 0
e 15 28 0
e 15 38 0
e 15 21 0
e 15 29 0
e 15 18 0
e 15 26 0
e 15 16 0
e 15 19 0
e 15 20 0
e 15 22 0
e 15 25 0
e 15 27 0
e 15 30 0
e 15 32 0
e 15 33 0
e 15 36 0
e 15 39 0
e 16 32 0
e 16 30 0
e 16 36 0
e 16 33 0
e 16 37 0
e 16 38 0
e 16 21 0
e 16 29 0
e 16 18 0
e 16 26 0
e 16 19 0
e 16 22 0
e 16 39 0
e 18 26 0
e 18 19 0
e 18 20 0
e 18 21 0
e 18 22 0
e 18 23 0
e 18 25 0
e 18 27 0
e 18 28 0
e 18 29 0
e 18 30 0
e 18 31 0
e 18 32 0
e 18 33 0
e 18 34 0
e 18 35 0
e 18 36 0
e 18 37 0
e 18 38 0
e 18 39 0
e 19 39 0
e 19 32 0
e 19 25 0
e 19 30 0
e 19 36 0
e 19 33 0
e 19 20 0
e 19 23 0
e 19 31 0
e 19 35 0
e 19 34 0
e 19 37 0
e 19 38 0
e 19 21 0
e 19 29 0
e 19 26 0
e 19 22 0
e 19 27 0
e 20 23 0
e 20 31 0
e 20 35 0
e 20 34 0
e 20 37 0
e 20 28 0
e 20 24 0
e 20 38 0
e 20 21 0
e 20 29 0
e 20 26 0
e 20 22 0
e 20 25 0
e 20 27 0
e 20 30 0
e 20 32 0
e 20 33 0
e 20 36 0
e 20 39 0
e 21 26 0
e 21 22 0
e 21 23 0
e 21 25 0
e 21 27 0
e 21 28 0
e 21 30 0
e 21 31 0
e 21 32 0
e 21 33 0
e 21 34 0
e 21 35 0
e 21 36 0
e 21 37 0
e 21 38 0
e 21 39 0
e 22 27 0
e 22 39 0
e 22 32 0
e 22 25 0
e 22 30 0
e 22 36 0
e 22 33 0
e 22 31 0
e 22 35 0
e 22 34 0
e 22 37 0
e 22 28 0
e 22 38 0
e 22 29 0
e 22 26 0
e 23 31 0
e 23 35 0
e 23 37 0
e 23 28 0
e 23 38 0
e 23 29 0
e 23 26 0
e 23 25 0
e 23 27 0
e 23 30 0
e 23 32 0
e 23 33 0
e 23 36 0
e 24 25 0
e 24 27 0
e 24 28 0
e 24 31 0
e 24 34 0
e 24 35 0
e 25 30 0
e 25 36 0
e 25 33 0
e 25 34 0
e 25 37 0
e 25 28 0
e 25 38 0
e 25 29 0
e 25 26 0
e 25 27 0
e 25 32 0
e 25 39 0
e 26 27 0
e 26 28 0
e 26 29 0
e 26 30 0
e 26 31 0
e 26 32 0
e 26 33 0
e 26 34 0
e 26 35 0
e 26 36 0
e 26 37 0
e 26 38 0
e 26 39 0
e 27 39 0
e 27 32 0
e 27 30 0
e 27 36 0
e 27 33 0
e 27 31 0
e 27 35 0
e 27 34 0
e 27 37 0
e 27 28 0
e 27 38 0
e 27 29 0
e 28 38 0
e 28 29 0
e 28 30 0
e 28 32 0
e 28 33 0
e 28 34 0
e 28 36 0
e 28 37 0
e 28 39 0
e 29 30 0
e 29 31 0
e 29 32 0
e 29 33 0
e 29 34 0
e 29 35 0
e 29 36 0
e 29 37 0
e 29 38 0
e 29 39 0
e 30 36 0
e 30 33 0
e 30 31 0
e 30 35 0
e 30 34 0
e 30 37 0
e 30 38 0
e 30 32 0
e 30 39 0
e 31 37 0
e 31 38 0
e 31 32 0
e 31 33 0
e 31 36 0
e 31 39 0
e 32 36 0
e 32 33 0
e 32 35 0
e 32 34 0
e 32 37 0
e 32 38 0
e 32 39 0
e 33 35 0
e 33 34 0
e 33 37 0
e 33 38 0
e 33 36 0
e 33 39 0
e 34 37 0
e 34 38 0
e 34 36 0
e 34 39 0
e 35 37 0
e 35 38 0
e 35 36 0
e 35 39 0
e 36 37 0
e 36 39 0
e 37 39 0
e 38 39 0
