t 24 46
v 0 18 3
v 1 7 5
v 2 7 7
v 3 5 3
v 4 11 3
v 5 7 6
v 6 7 6
v 7 5 2
v 8 29 2
v 9 7 6
v 10 27 3
v 11 7 6
v 12 11 1
v 13 18 1
v 14 18 3
v 15 7 6
v 16 7 7
v 17 9 9
v 18 2 3
v 19 36 1
v 20 18 2
v 21 11 2
v 22 11 3
v 23 11 2
e 0 14 0
e 0 2 0
e 0 20 0
e 1 5 0
e 1 6 0
e 1 11 0
e 1 16 0
e 1 17 0
e 2 5 0
e 2 6 0
e 2 16 0
e 2 9 0
e 2 11 0
e 2 17 0
e 3 7 0
e 3 10 0
e 3 18 0
e 4 21 0
e 4 20 0
e 4 22 0
e 5 15 0
e 5 9 0
e 5 11 0
e 5 17 0
e 6 16 0
e 6 15 0
e 6 9 0
e 6 17 0
e 7 10 0
e 8 23 0
e 8 22 0
e 9 17 0
e 9 16 0
e 9 15 0
e 10 18 0
e 11 17 0
e 11 16 0
e 11 15 0
e 12 23 0
e 13 14 0
e 14 19 0
e 15 16 0
e 15 17 0
e 16 17 0
e 17 18 0
e 21 22 0
