t 32 53
v 0 9 3
v 1 7 5
v 2 13 3
v 3 7 3
v 4 7 5
v 5 23 2
v 6 7 5
v 7 7 3
v 8 13 2
v 9 9 6
v 10 33 4
v 11 7 2
v 12 33 3
v 13 9 4
v 14 9 9
v 15 31 1
v 16 9 4
v 17 5 2
v 18 33 4
v 19 24 2
v 20 5 2
v 21 9 3
v 22 9 8
v 23 33 4
v 24 11 1
v 25 12 4
v 26 11 4
v 27 11 1
v 28 11 2
v 29 2 1
v 30 9 2
v 31 9 2
e 0 16 0
e 0 3 0
e 0 22 0
e 1 11 0
e 1 21 0
e 1 2 0
e 1 4 0
e 1 6 0
e 2 7 0
e 2 25 0
e 3 14 0
e 3 4 0
e 4 14 0
e 4 7 0
e 4 6 0
e 5 21 0
e 5 31 0
e 6 11 0
e 6 21 0
e 6 7 0
e 8 14 0
e 8 25 0
e 9 18 0
e 9 10 0
e 9 16 0
e 9 23 0
e 9 22 0
e 9 14 0
e 10 13 0
e 10 14 0
e 10 22 0
e 12 13 0
e 12 14 0
e 12 22 0
e 13 18 0
e 13 23 0
e 14 18 0
e 14 16 0
e 14 22 0
e 15 28 0
e 16 22 0
e 17 31 0
e 17 20 0
e 18 22 0
e 19 30 0
e 19 20 0
e 22 23 0
e 23 25 0
e 24 26 0
e 25 26 0
e 26 27 0
e 26 28 0
e 29 30 0
