t 40 71
v 0 12 2
v 1 32 2
v 2 12 2
v 3 9 6
v 4 30 2
v 5 30 3
v 6 12 2
v 7 12 5
v 8 30 3
v 9 11 7
v 10 11 2
v 11 9 7
v 12 27 6
v 13 30 4
v 14 9 5
v 15 11 2
v 16 12 5
v 17 30 1
v 18 11 2
v 19 9 4
v 20 11 2
v 21 32 3
v 22 11 1
v 23 9 5
v 24 30 2
v 25 11 2
v 26 15 4
v 27 9 5
v 28 9 5
v 29 2 2
v 30 12 1
v 31 1 2
v 32 12 8
v 33 18 5
v 34 11 4
v 35 13 2
v 36 23 3
v 37 15 4
v 38 15 4
v 39 9 6
e 0 2 0
e 0 7 0
e 1 21 0
e 1 27 0
e 2 31 0
e 3 19 0
e 3 14 0
e 3 11 0
e 3 23 0
e 3 27 0
e 3 28 0
e 4 5 0
e 4 31 0
e 5 17 0
e 5 11 0
e 6 16 0
e 6 32 0
e 7 37 0
e 7 39 0
e 7 38 0
e 7 26 0
e 8 9 0
e 8 24 0
e 8 33 0
e 9 33 0
e 9 10 0
e 9 12 0
e 9 34 0
e 9 16 0
e 9 32 0
e 10 34 0
e 11 23 0
e 11 14 0
e 11 28 0
e 11 33 0
e 11 35 0
e 12 25 0
e 12 15 0
e 12 18 0
e 12 29 0
e 12 32 0
e 13 36 0
e 13 16 0
e 13 32 0
e 13 35 0
e 14 19 0
e 14 23 0
e 14 28 0
e 15 25 0
e 16 39 0
e 16 36 0
e 18 34 0
e 19 23 0
e 19 27 0
e 20 22 0
e 20 32 0
e 21 27 0
e 21 29 0
e 23 28 0
e 24 33 0
e 26 37 0
e 26 38 0
e 26 39 0
e 27 28 0
e 30 32 0
e 32 39 0
e 32 36 0
e 33 34 0
e 37 38 0
e 37 39 0
e 38 39 0
