t 32 95
v 0 7 8
v 1 12 5
v 2 7 10
v 3 16 1
v 4 7 8
v 5 13 3
v 6 7 10
v 7 13 2
v 8 16 5
v 9 13 4
v 10 12 9
v 11 13 5
v 12 33 3
v 13 12 3
v 14 16 11
v 15 12 5
v 16 12 2
v 17 12 4
v 18 12 4
v 19 16 11
v 20 13 13
v 21 7 7
v 22 12 5
v 23 16 4
v 24 11 1
v 25 16 4
v 26 16 12
v 27 7 8
v 28 7 7
v 29 9 11
v 30 33 2
v 31 17 3
e 0 21 0
e 0 6 0
e 0 2 0
e 0 19 0
e 0 20 0
e 0 26 0
e 0 27 0
e 0 29 0
e 1 22 0
e 1 10 0
e 1 15 0
e 1 17 0
e 1 18 0
e 2 27 0
e 2 19 0
e 2 6 0
e 2 4 0
e 2 14 0
e 2 20 0
e 2 26 0
e 2 28 0
e 2 29 0
e 3 26 0
e 4 26 0
e 4 27 0
e 4 19 0
e 4 20 0
e 4 28 0
e 4 6 0
e 4 21 0
e 5 9 0
e 5 11 0
e 5 10 0
e 6 21 0
e 6 14 0
e 6 19 0
e 6 20 0
e 6 27 0
e 6 28 0
e 6 29 0
e 7 9 0
e 7 11 0
e 8 14 0
e 8 19 0
e 8 23 0
e 8 25 0
e 8 26 0
e 9 10 0
e 9 11 0
e 10 17 0
e 10 20 0
e 10 15 0
e 10 31 0
e 10 11 0
e 10 22 0
e 11 20 0
e 12 16 0
e 12 29 0
e 12 31 0
e 13 22 0
e 13 15 0
e 13 18 0
e 14 26 0
e 14 23 0
e 14 29 0
e 14 27 0
e 14 19 0
e 14 25 0
e 14 21 0
e 14 20 0
e 15 22 0
e 15 18 0
e 16 30 0
e 17 18 0
e 17 22 0
e 19 25 0
e 19 20 0
e 19 26 0
e 19 28 0
e 19 29 0
e 20 26 0
e 20 21 0
e 20 27 0
e 20 28 0
e 20 29 0
e 21 26 0
e 21 29 0
e 23 25 0
e 23 26 0
e 24 31 0
e 26 27 0
e 26 28 0
e 27 29 0
e 28 29 0
e 29 30 0
