t 32 69
v 0 15 3
v 1 27 3
v 2 15 4
v 3 12 7
v 4 16 7
v 5 13 1
v 6 15 3
v 7 9 8
v 8 13 2
v 9 16 5
v 10 7 3
v 11 9 4
v 12 11 6
v 13 9 5
v 14 11 5
v 15 15 1
v 16 11 5
v 17 27 4
v 18 16 6
v 19 11 3
v 20 12 2
v 21 11 6
v 22 11 6
v 23 16 4
v 24 16 3
v 25 16 5
v 26 7 4
v 27 7 5
v 28 9 6
v 29 9 5
v 30 9 3
v 31 9 4
e 0 2 0
e 0 6 0
e 0 20 0
e 1 14 0
e 1 21 0
e 1 19 0
e 2 3 0
e 2 6 0
e 2 15 0
e 3 8 0
e 3 6 0
e 3 17 0
e 3 12 0
e 3 22 0
e 3 16 0
e 4 9 0
e 4 18 0
e 4 25 0
e 4 24 0
e 4 26 0
e 4 23 0
e 4 27 0
e 5 8 0
e 7 10 0
e 7 28 0
e 7 13 0
e 7 18 0
e 7 27 0
e 7 29 0
e 7 30 0
e 7 31 0
e 9 23 0
e 9 20 0
e 9 18 0
e 9 25 0
e 10 26 0
e 10 27 0
e 11 28 0
e 11 31 0
e 11 13 0
e 11 29 0
e 12 21 0
e 12 22 0
e 12 14 0
e 12 17 0
e 12 19 0
e 13 28 0
e 13 29 0
e 13 31 0
e 14 16 0
e 14 21 0
e 14 22 0
e 16 17 0
e 16 21 0
e 16 22 0
e 17 22 0
e 18 25 0
e 18 26 0
e 18 27 0
e 19 21 0
e 21 22 0
e 23 24 0
e 23 25 0
e 24 25 0
e 26 27 0
e 28 29 0
e 28 30 0
e 28 31 0
e 29 30 0
