t 32 75
v 0 11 1
v 1 9 3
v 2 3 5
v 3 2 6
v 4 5 8
v 5 11 4
v 6 5 3
v 7 11 10
v 8 2 9
v 9 11 3
v 10 5 1
v 11 11 3
v 12 13 2
v 13 5 1
v 14 18 2
v 15 5 13
v 16 5 1
v 17 5 4
v 18 3 9
v 19 5 8
v 20 9 11
v 21 5 4
v 22 11 8
v 23 2 2
v 24 13 1
v 25 27 4
v 26 9 9
v 27 24 5
v 28 5 2
v 29 18 2
v 30 13 3
v 31 2 3
e 0 31 0
e 1 14 0
e 1 25 0
e 1 29 0
e 2 7 0
e 2 8 0
e 2 18 0
e 2 20 0
e 2 26 0
e 3 4 0
e 3 7 0
e 3 27 0
e 3 20 0
e 3 9 0
e 3 23 0
e 4 7 0
e 4 15 0
e 4 17 0
e 4 18 0
e 4 19 0
e 4 20 0
e 4 26 0
e 5 8 0
e 5 15 0
e 5 22 0
e 5 26 0
e 6 7 0
e 6 8 0
e 6 15 0
e 7 19 0
e 7 26 0
e 7 11 0
e 7 18 0
e 7 8 0
e 7 15 0
e 8 19 0
e 8 17 0
e 8 20 0
e 8 26 0
e 8 15 0
e 9 23 0
e 9 31 0
e 10 15 0
e 11 12 0
e 11 15 0
e 12 25 0
e 13 21 0
e 14 30 0
e 15 28 0
e 15 19 0
e 15 22 0
e 15 20 0
e 15 26 0
e 15 21 0
e 16 18 0
e 17 20 0
e 17 22 0
e 18 19 0
e 18 20 0
e 18 22 0
e 18 26 0
e 18 27 0
e 19 20 0
e 19 22 0
e 19 26 0
e 20 22 0
e 20 26 0
e 20 27 0
e 21 22 0
e 21 28 0
e 22 27 0
e 24 30 0
e 25 30 0
e 25 29 0
e 27 31 0
