t 40 75
v 0 3 3
v 1 24 4
v 2 24 2
v 3 18 2
v 4 9 4
v 5 24 5
v 6 3 5
v 7 11 11
v 8 11 6
v 9 11 7
v 10 11 7
v 11 11 4
v 12 23 2
v 13 11 7
v 14 11 1
v 15 18 1
v 16 24 1
v 17 11 6
v 18 18 7
v 19 5 3
v 20 4 1
v 21 11 1
v 22 11 3
v 23 18 2
v 24 2 3
v 25 24 3
v 26 11 7
v 27 23 2
v 28 11 1
v 29 11 1
v 30 9 2
v 31 30 3
v 32 29 2
v 33 2 3
v 34 2 11
v 35 11 3
v 36 11 6
v 37 11 4
v 38 21 2
v 39 21 2
e 0 5 0
e 0 6 0
e 0 37 0
e 1 11 0
e 1 12 0
e 1 35 0
e 1 25 0
e 2 11 0
e 2 35 0
e 3 23 0
e 3 18 0
e 4 11 0
e 4 35 0
e 4 6 0
e 4 24 0
e 5 6 0
e 5 7 0
e 5 34 0
e 5 37 0
e 6 24 0
e 6 37 0
e 7 10 0
e 7 13 0
e 7 32 0
e 7 8 0
e 7 9 0
e 7 27 0
e 7 36 0
e 7 26 0
e 7 33 0
e 7 34 0
e 8 13 0
e 8 17 0
e 8 26 0
e 8 10 0
e 8 34 0
e 9 13 0
e 9 36 0
e 9 18 0
e 9 17 0
e 9 10 0
e 9 34 0
e 10 22 0
e 10 17 0
e 10 34 0
e 10 36 0
e 11 24 0
e 12 25 0
e 13 36 0
e 13 14 0
e 13 17 0
e 13 26 0
e 15 18 0
e 16 25 0
e 17 26 0
e 17 36 0
e 18 36 0
e 18 23 0
e 18 26 0
e 18 34 0
e 19 22 0
e 19 32 0
e 19 27 0
e 20 38 0
e 21 30 0
e 22 34 0
e 26 28 0
e 26 34 0
e 29 34 0
e 30 31 0
e 31 33 0
e 31 34 0
e 33 34 0
e 37 39 0
e 38 39 0
