t 40 72
v 0 5 1
v 1 19 4
v 2 5 5
v 3 30 4
v 4 5 6
v 5 5 5
v 6 5 6
v 7 11 3
v 8 5 11
v 9 11 4
v 10 0 2
v 11 5 1
v 12 5 4
v 13 5 2
v 14 11 5
v 15 32 1
v 16 9 2
v 17 30 2
v 18 11 3
v 19 5 4
v 20 30 3
v 21 5 2
v 22 30 2
v 23 11 8
v 24 5 2
v 25 30 2
v 26 5 2
v 27 30 1
v 28 32 3
v 29 3 2
v 30 5 3
v 31 9 2
v 32 30 3
v 33 2 6
v 34 30 5
v 35 30 1
v 36 30 2
v 37 11 8
v 38 24 7
v 39 22 5
e 0 1 0
e 1 26 0
e 1 37 0
e 1 9 0
e 2 38 0
e 2 4 0
e 2 5 0
e 2 8 0
e 2 37 0
e 3 36 0
e 3 18 0
e 3 32 0
e 3 17 0
e 4 23 0
e 4 5 0
e 4 8 0
e 4 9 0
e 4 39 0
e 5 23 0
e 5 8 0
e 5 37 0
e 6 38 0
e 6 29 0
e 6 8 0
e 6 23 0
e 6 33 0
e 6 37 0
e 7 31 0
e 7 8 0
e 7 37 0
e 8 12 0
e 8 38 0
e 8 23 0
e 8 39 0
e 8 10 0
e 8 33 0
e 9 39 0
e 9 33 0
e 10 13 0
e 11 30 0
e 12 38 0
e 12 29 0
e 12 33 0
e 13 37 0
e 14 27 0
e 14 22 0
e 14 25 0
e 14 32 0
e 14 34 0
e 15 28 0
e 16 28 0
e 16 17 0
e 18 35 0
e 18 36 0
e 19 30 0
e 19 21 0
e 19 24 0
e 19 34 0
e 20 30 0
e 20 34 0
e 20 32 0
e 21 34 0
e 22 25 0
e 23 38 0
e 23 33 0
e 23 37 0
e 23 39 0
e 24 34 0
e 26 37 0
e 28 31 0
e 33 38 0
e 38 39 0
