t 32 73
v 0 11 6
v 1 5 5
v 2 2 6
v 3 2 8
v 4 2 6
v 5 2 11
v 6 11 6
v 7 4 2
v 8 32 4
v 9 32 6
v 10 7 4
v 11 2 7
v 12 13 2
v 13 9 5
v 14 2 8
v 15 32 4
v 16 11 6
v 17 32 7
v 18 32 5
v 19 7 2
v 20 9 2
v 21 23 4
v 22 7 6
v 23 4 2
v 24 7 4
v 25 12 2
v 26 7 4
v 27 7 5
v 28 13 2
v 29 7 2
v 30 12 2
v 31 18 1
e 0 2 0
e 0 3 0
e 0 4 0
e 0 5 0
e 0 11 0
e 0 14 0
e 1 21 0
e 1 23 0
e 1 20 0
e 1 11 0
e 1 22 0
e 2 6 0
e 2 16 0
e 2 3 0
e 2 5 0
e 2 14 0
e 3 5 0
e 3 6 0
e 3 11 0
e 3 14 0
e 3 4 0
e 3 16 0
e 4 6 0
e 4 16 0
e 4 5 0
e 4 14 0
e 5 7 0
e 5 11 0
e 5 6 0
e 5 9 0
e 5 14 0
e 5 16 0
e 5 17 0
e 6 11 0
e 6 14 0
e 7 17 0
e 8 9 0
e 8 13 0
e 8 17 0
e 8 18 0
e 9 15 0
e 9 13 0
e 9 17 0
e 9 18 0
e 10 24 0
e 10 22 0
e 10 26 0
e 10 27 0
e 11 14 0
e 11 16 0
e 12 28 0
e 12 19 0
e 13 15 0
e 13 17 0
e 13 18 0
e 14 16 0
e 15 17 0
e 15 18 0
e 17 18 0
e 19 27 0
e 20 21 0
e 21 23 0
e 21 22 0
e 22 24 0
e 22 26 0
e 22 27 0
e 24 26 0
e 24 27 0
e 25 28 0
e 25 29 0
e 26 27 0
e 29 30 0
e 30 31 0
