t 32 62
v 0 4 1
v 1 18 4
v 2 17 4
v 3 18 4
v 4 9 3
v 5 9 4
v 6 9 1
v 7 25 10
v 8 9 1
v 9 9 10
v 10 25 6
v 11 9 3
v 12 9 2
v 13 9 1
v 14 22 2
v 15 9 4
v 16 9 2
v 17 25 3
v 18 9 7
v 19 17 5
v 20 18 4
v 21 9 7
v 22 17 4
v 23 11 3
v 24 17 4
v 25 9 1
v 26 18 4
v 27 27 8
v 28 9 1
v 29 9 4
v 30 18 3
v 31 18 4
e 0 3 0
e 1 3 0
e 1 22 0
e 1 19 0
e 1 24 0
e 2 9 0
e 2 18 0
e 2 21 0
e 2 23 0
e 3 19 0
e 3 23 0
e 4 5 0
e 4 10 0
e 4 18 0
e 5 7 0
e 5 21 0
e 5 9 0
e 6 7 0
e 7 14 0
e 7 11 0
e 7 15 0
e 7 21 0
e 7 17 0
e 7 9 0
e 7 10 0
e 7 18 0
e 8 15 0
e 9 10 0
e 9 16 0
e 9 21 0
e 9 22 0
e 9 27 0
e 9 19 0
e 9 24 0
e 10 12 0
e 10 11 0
e 10 21 0
e 11 15 0
e 12 17 0
e 13 17 0
e 14 15 0
e 16 18 0
e 18 22 0
e 18 27 0
e 18 19 0
e 19 21 0
e 20 27 0
e 20 26 0
e 20 29 0
e 20 31 0
e 21 24 0
e 22 27 0
e 23 24 0
e 25 27 0
e 26 27 0
e 26 30 0
e 26 31 0
e 27 30 0
e 27 31 0
e 28 29 0
e 29 30 0
e 29 31 0
