t 40 121
v 0 28 3
v 1 30 2
v 2 1 11
v 3 30 2
v 4 30 4
v 5 1 1
v 6 30 1
v 7 0 8
v 8 1 11
v 9 1 11
v 10 1 8
v 11 36 1
v 12 11 2
v 13 18 4
v 14 0 12
v 15 1 6
v 16 0 8
v 17 28 3
v 18 18 4
v 19 1 10
v 20 1 10
v 21 18 9
v 22 18 3
v 23 1 15
v 24 0 10
v 25 1 11
v 26 1 9
v 27 1 9
v 28 1 1
v 29 18 3
v 30 1 14
v 31 1 1
v 32 28 1
v 33 1 1
v 34 18 8
v 35 1 10
v 36 1 1
v 37 0 11
v 38 11 2
v 39 11 1
e 0 34 0
e 0 17 0
e 0 21 0
e 1 34 0
e 1 3 0
e 2 15 0
e 2 13 0
e 2 7 0
e 2 23 0
e 2 25 0
e 2 19 0
e 2 8 0
e 2 9 0
e 2 26 0
e 2 27 0
e 2 30 0
e 3 4 0
e 4 34 0
e 4 18 0
e 4 21 0
e 5 23 0
e 6 34 0
e 7 37 0
e 7 16 0
e 7 10 0
e 7 14 0
e 7 19 0
e 7 9 0
e 7 20 0
e 8 37 0
e 8 16 0
e 8 15 0
e 8 9 0
e 8 20 0
e 8 30 0
e 8 10 0
e 8 25 0
e 8 14 0
e 8 19 0
e 9 37 0
e 9 24 0
e 9 20 0
e 9 30 0
e 9 27 0
e 9 35 0
e 9 25 0
e 9 14 0
e 10 24 0
e 10 35 0
e 10 14 0
e 10 19 0
e 10 20 0
e 10 30 0
e 11 38 0
e 12 21 0
e 12 29 0
e 13 34 0
e 13 18 0
e 13 17 0
e 14 37 0
e 14 24 0
e 14 19 0
e 14 20 0
e 14 23 0
e 14 26 0
e 14 27 0
e 14 35 0
e 15 25 0
e 15 26 0
e 15 30 0
e 15 35 0
e 16 19 0
e 16 24 0
e 16 26 0
e 16 30 0
e 16 35 0
e 16 37 0
e 17 34 0
e 18 34 0
e 18 22 0
e 19 37 0
e 19 23 0
e 19 25 0
e 19 30 0
e 20 24 0
e 20 30 0
e 20 26 0
e 20 23 0
e 20 25 0
e 21 32 0
e 21 22 0
e 21 34 0
e 21 29 0
e 21 38 0
e 21 39 0
e 22 29 0
e 23 36 0
e 23 37 0
e 23 24 0
e 23 31 0
e 23 35 0
e 23 25 0
e 23 28 0
e 23 33 0
e 23 27 0
e 23 30 0
e 24 25 0
e 24 26 0
e 24 27 0
e 24 37 0
e 25 26 0
e 25 27 0
e 25 30 0
e 26 35 0
e 26 30 0
e 27 37 0
e 27 35 0
e 27 30 0
e 30 37 0
e 30 35 0
e 35 37 0
