t 32 50
v 0 12 2
v 1 2 4
v 2 9 6
v 3 5 2
v 4 24 3
v 5 24 4
v 6 9 3
v 7 11 5
v 8 18 1
v 9 12 4
v 10 24 1
v 11 9 3
v 12 5 2
v 13 1 2
v 14 21 2
v 15 33 3
v 16 9 5
v 17 9 1
v 18 24 3
v 19 33 5
v 20 9 6
v 21 33 4
v 22 9 2
v 23 9 3
v 24 33 5
v 25 11 2
v 26 9 2
v 27 33 2
v 28 9 4
v 29 21 2
v 30 24 2
v 31 24 5
e 0 13 0
e 0 25 0
e 1 7 0
e 1 6 0
e 1 3 0
e 1 12 0
e 2 21 0
e 2 19 0
e 2 23 0
e 2 24 0
e 2 15 0
e 2 20 0
e 3 6 0
e 4 5 0
e 4 18 0
e 4 30 0
e 5 10 0
e 5 7 0
e 5 31 0
e 6 7 0
e 7 18 0
e 7 30 0
e 8 31 0
e 9 15 0
e 9 19 0
e 9 21 0
e 9 24 0
e 11 17 0
e 11 22 0
e 11 26 0
e 12 13 0
e 14 29 0
e 14 31 0
e 15 20 0
e 16 21 0
e 16 19 0
e 16 23 0
e 16 24 0
e 16 20 0
e 18 31 0
e 19 20 0
e 19 28 0
e 20 23 0
e 20 24 0
e 21 28 0
e 22 28 0
e 24 27 0
e 25 27 0
e 26 28 0
e 29 31 0
