t 24 82
v 0 9 9
v 1 14 1
v 2 14 1
v 3 14 2
v 4 11 7
v 5 9 7
v 6 9 7
v 7 9 11
v 8 9 12
v 9 25 9
v 10 9 3
v 11 17 2
v 12 18 8
v 13 25 15
v 14 9 3
v 15 9 14
v 16 9 13
v 17 9 8
v 18 9 9
v 19 9 13
v 20 9 3
v 21 9 2
v 22 9 4
v 23 11 1
e 0 9 0
e 0 7 0
e 0 8 0
e 0 13 0
e 0 15 0
e 0 16 0
e 0 17 0
e 0 18 0
e 0 19 0
e 1 3 0
e 2 14 0
e 3 14 0
e 4 7 0
e 4 15 0
e 4 8 0
e 4 16 0
e 4 19 0
e 4 12 0
e 4 13 0
e 5 16 0
e 5 19 0
e 5 12 0
e 5 7 0
e 5 8 0
e 5 13 0
e 5 15 0
e 6 14 0
e 6 7 0
e 6 8 0
e 6 13 0
e 6 15 0
e 6 16 0
e 6 19 0
e 7 15 0
e 7 8 0
e 7 16 0
e 7 19 0
e 7 12 0
e 7 9 0
e 7 18 0
e 8 18 0
e 8 19 0
e 8 9 0
e 8 12 0
e 8 17 0
e 8 13 0
e 8 15 0
e 9 13 0
e 9 15 0
e 9 16 0
e 9 17 0
e 9 18 0
e 9 19 0
e 10 13 0
e 10 15 0
e 10 16 0
e 11 22 0
e 11 23 0
e 12 13 0
e 12 15 0
e 12 16 0
e 12 19 0
e 13 17 0
e 13 16 0
e 13 22 0
e 13 19 0
e 13 18 0
e 13 15 0
e 13 20 0
e 15 17 0
e 15 16 0
e 15 19 0
e 15 18 0
e 16 17 0
e 16 18 0
e 16 19 0
e 17 18 0
e 17 19 0
e 18 19 0
e 20 22 0
e 20 21 0
e 21 22 0
