t 32 45
v 0 11 3
v 1 5 3
v 2 11 1
v 3 2 2
v 4 2 1
v 5 9 2
v 6 5 2
v 7 11 2
v 8 23 1
v 9 5 2
v 10 24 4
v 11 11 4
v 12 2 5
v 13 3 4
v 14 2 4
v 15 2 3
v 16 11 1
v 17 2 1
v 18 11 4
v 19 2 5
v 20 5 4
v 21 5 4
v 22 24 1
v 23 0 2
v 24 5 3
v 25 11 6
v 26 0 1
v 27 11 3
v 28 2 6
v 29 5 2
v 30 11 2
v 31 24 2
e 0 2 0
e 0 25 0
e 0 27 0
e 1 21 0
e 1 27 0
e 1 28 0
e 3 6 0
e 3 13 0
e 4 25 0
e 5 30 0
e 5 29 0
e 6 13 0
e 7 12 0
e 7 19 0
e 8 13 0
e 9 11 0
e 9 13 0
e 10 21 0
e 10 20 0
e 10 24 0
e 10 27 0
e 11 12 0
e 11 14 0
e 11 19 0
e 12 28 0
e 12 18 0
e 12 14 0
e 14 19 0
e 14 15 0
e 15 28 0
e 15 18 0
e 16 28 0
e 17 18 0
e 18 19 0
e 19 28 0
e 20 21 0
e 20 23 0
e 20 25 0
e 21 25 0
e 22 31 0
e 23 24 0
e 24 25 0
e 25 26 0
e 28 29 0
e 30 31 0
