t 40 70
v 0 5 1
v 1 5 1
v 2 9 4
v 3 21 2
v 4 22 9
v 5 24 1
v 6 3 4
v 7 5 5
v 8 24 3
v 9 30 4
v 10 5 3
v 11 3 2
v 12 5 5
v 13 9 2
v 14 5 1
v 15 5 5
v 16 9 3
v 17 24 2
v 18 18 3
v 19 5 6
v 20 11 4
v 21 11 1
v 22 11 5
v 23 4 2
v 24 11 2
v 25 11 11
v 26 18 2
v 27 11 1
v 28 9 1
v 29 24 2
v 30 11 6
v 31 25 4
v 32 11 2
v 33 30 1
v 34 24 9
v 35 11 3
v 36 5 1
v 37 3 5
v 38 5 6
v 39 5 6
e 0 12 0
e 1 12 0
e 2 22 0
e 2 20 0
e 2 16 0
e 2 31 0
e 3 24 0
e 3 12 0
e 4 6 0
e 4 30 0
e 4 34 0
e 4 7 0
e 4 19 0
e 4 24 0
e 4 25 0
e 4 37 0
e 4 39 0
e 5 17 0
e 6 19 0
e 6 25 0
e 6 38 0
e 7 30 0
e 7 25 0
e 7 34 0
e 7 37 0
e 8 10 0
e 8 15 0
e 8 34 0
e 9 32 0
e 9 23 0
e 9 11 0
e 9 18 0
e 10 15 0
e 10 30 0
e 11 18 0
e 12 36 0
e 12 14 0
e 13 16 0
e 13 31 0
e 15 25 0
e 15 30 0
e 15 34 0
e 16 31 0
e 17 22 0
e 18 26 0
e 19 25 0
e 19 34 0
e 19 38 0
e 19 39 0
e 20 22 0
e 20 25 0
e 20 29 0
e 21 32 0
e 22 25 0
e 22 29 0
e 23 33 0
e 25 38 0
e 25 30 0
e 25 39 0
e 25 37 0
e 26 35 0
e 27 35 0
e 28 31 0
e 30 34 0
e 34 35 0
e 34 38 0
e 34 39 0
e 37 38 0
e 37 39 0
e 38 39 0
