t 40 71
v 0 11 3
v 1 12 1
v 2 11 4
v 3 9 5
v 4 11 2
v 5 11 1
v 6 7 2
v 7 12 8
v 8 9 2
v 9 12 1
v 10 3 3
v 11 12 4
v 12 7 1
v 13 9 4
v 14 13 2
v 15 7 2
v 16 5 5
v 17 9 5
v 18 7 6
v 19 7 5
v 20 5 3
v 21 12 4
v 22 3 4
v 23 12 3
v 24 5 4
v 25 12 5
v 26 7 4
v 27 3 2
v 28 5 4
v 29 12 4
v 30 3 4
v 31 5 9
v 32 3 6
v 33 9 5
v 34 11 1
v 35 7 4
v 36 7 2
v 37 13 2
v 38 11 4
v 39 9 2
e 0 2 0
e 0 3 0
e 0 11 0
e 1 37 0
e 2 7 0
e 2 13 0
e 2 38 0
e 3 38 0
e 3 34 0
e 3 7 0
e 3 11 0
e 4 5 0
e 4 7 0
e 6 18 0
e 6 19 0
e 7 37 0
e 7 38 0
e 7 29 0
e 7 14 0
e 7 21 0
e 8 39 0
e 8 13 0
e 9 25 0
e 10 24 0
e 10 31 0
e 10 32 0
e 11 25 0
e 11 12 0
e 13 39 0
e 13 38 0
e 14 15 0
e 15 18 0
e 16 31 0
e 16 28 0
e 16 22 0
e 16 30 0
e 16 32 0
e 17 20 0
e 17 27 0
e 17 28 0
e 17 31 0
e 17 33 0
e 18 19 0
e 18 26 0
e 18 33 0
e 18 35 0
e 19 26 0
e 19 33 0
e 19 36 0
e 20 28 0
e 20 31 0
e 21 23 0
e 21 25 0
e 21 29 0
e 22 31 0
e 22 30 0
e 22 32 0
e 23 25 0
e 23 29 0
e 24 30 0
e 24 31 0
e 24 32 0
e 25 29 0
e 26 33 0
e 26 35 0
e 27 31 0
e 28 31 0
e 30 32 0
e 31 32 0
e 33 35 0
e 35 36 0
