t 24 53
v 0 14 1
v 1 13 6
v 2 14 3
v 3 13 6
v 4 15 5
v 5 13 6
v 6 13 6
v 7 13 5
v 8 14 2
v 9 14 8
v 10 14 3
v 11 13 7
v 12 14 7
v 13 14 3
v 14 14 6
v 15 13 5
v 16 13 3
v 17 13 4
v 18 14 3
v 19 14 6
v 20 13 2
v 21 14 4
v 22 14 3
v 23 13 2
e 0 19 0
e 1 7 0
e 1 11 0
e 1 3 0
e 1 5 0
e 1 6 0
e 1 17 0
e 2 4 0
e 2 14 0
e 2 19 0
e 3 23 0
e 3 6 0
e 3 16 0
e 3 7 0
e 3 11 0
e 4 18 0
e 4 10 0
e 4 9 0
e 4 22 0
e 5 17 0
e 5 6 0
e 5 16 0
e 5 7 0
e 5 15 0
e 6 18 0
e 6 15 0
e 6 20 0
e 7 11 0
e 7 17 0
e 8 9 0
e 8 12 0
e 9 13 0
e 9 10 0
e 9 21 0
e 9 12 0
e 9 14 0
e 9 19 0
e 10 12 0
e 11 23 0
e 11 16 0
e 11 15 0
e 11 17 0
e 12 13 0
e 12 14 0
e 12 21 0
e 12 22 0
e 13 14 0
e 14 21 0
e 14 19 0
e 15 18 0
e 15 20 0
e 19 21 0
e 19 22 0
