t 24 32
v 0 30 2
v 1 5 1
v 2 30 6
v 3 5 1
v 4 5 2
v 5 5 2
v 6 9 3
v 7 30 5
v 8 5 2
v 9 30 7
v 10 11 2
v 11 30 5
v 12 3 2
v 13 30 2
v 14 4 1
v 15 30 3
v 16 5 1
v 17 30 1
v 18 30 1
v 19 11 5
v 20 11 2
v 21 9 3
v 22 9 2
v 23 9 3
e 0 9 0
e 0 15 0
e 1 5 0
e 2 10 0
e 2 15 0
e 2 8 0
e 2 19 0
e 2 9 0
e 2 11 0
e 3 7 0
e 4 5 0
e 4 7 0
e 6 22 0
e 6 23 0
e 6 21 0
e 7 10 0
e 7 12 0
e 7 9 0
e 8 9 0
e 9 11 0
e 9 12 0
e 9 13 0
e 11 14 0
e 11 16 0
e 11 13 0
e 15 19 0
e 17 19 0
e 18 19 0
e 19 20 0
e 20 21 0
e 21 23 0
e 22 23 0
