t 40 111
v 0 13 3
v 1 33 3
v 2 7 13
v 3 15 3
v 4 6 2
v 5 12 2
v 6 5 1
v 7 7 2
v 8 9 4
v 9 7 10
v 10 13 4
v 11 13 3
v 12 7 11
v 13 7 10
v 14 7 11
v 15 7 2
v 16 9 14
v 17 30 4
v 18 11 2
v 19 7 9
v 20 30 4
v 21 7 13
v 22 13 3
v 23 11 5
v 24 13 2
v 25 7 9
v 26 30 4
v 27 33 2
v 28 7 12
v 29 16 2
v 30 30 4
v 31 7 12
v 32 11 2
v 33 7 12
v 34 13 12
v 35 30 2
v 36 6 3
v 37 30 3
v 38 30 1
v 39 30 2
e 0 35 0
e 0 1 0
e 0 34 0
e 1 5 0
e 1 8 0
e 2 15 0
e 2 31 0
e 2 33 0
e 2 9 0
e 2 12 0
e 2 13 0
e 2 14 0
e 2 16 0
e 2 19 0
e 2 21 0
e 2 25 0
e 2 28 0
e 2 34 0
e 3 16 0
e 3 21 0
e 3 36 0
e 4 16 0
e 4 21 0
e 5 27 0
e 6 39 0
e 7 8 0
e 7 10 0
e 8 10 0
e 8 27 0
e 9 33 0
e 9 31 0
e 9 12 0
e 9 13 0
e 9 16 0
e 9 21 0
e 9 25 0
e 9 28 0
e 9 34 0
e 10 24 0
e 10 11 0
e 11 24 0
e 11 22 0
e 12 22 0
e 12 28 0
e 12 33 0
e 12 31 0
e 12 13 0
e 12 14 0
e 12 16 0
e 12 21 0
e 12 25 0
e 13 28 0
e 13 19 0
e 13 25 0
e 13 34 0
e 13 31 0
e 13 14 0
e 13 16 0
e 14 28 0
e 14 19 0
e 14 31 0
e 14 33 0
e 14 16 0
e 14 21 0
e 14 25 0
e 14 34 0
e 15 33 0
e 16 36 0
e 16 28 0
e 16 19 0
e 16 34 0
e 16 31 0
e 16 33 0
e 16 21 0
e 17 23 0
e 17 20 0
e 17 26 0
e 17 30 0
e 18 23 0
e 18 29 0
e 19 33 0
e 19 31 0
e 19 21 0
e 19 28 0
e 19 34 0
e 20 30 0
e 20 23 0
e 20 26 0
e 21 28 0
e 21 36 0
e 21 25 0
e 21 31 0
e 21 33 0
e 22 34 0
e 23 26 0
e 23 30 0
e 25 28 0
e 25 31 0
e 25 33 0
e 26 30 0
e 28 31 0
e 28 33 0
e 28 34 0
e 29 32 0
e 31 33 0
e 31 34 0
e 32 34 0
e 33 34 0
e 35 37 0
e 37 38 0
e 37 39 0
