t 32 50
v 0 12 3
v 1 1 1
v 2 12 6
v 3 12 1
v 4 12 7
v 5 12 1
v 6 12 1
v 7 15 1
v 8 1 5
v 9 16 3
v 10 9 4
v 11 12 4
v 12 17 3
v 13 12 6
v 14 0 3
v 15 12 6
v 16 15 3
v 17 9 2
v 18 16 7
v 19 15 2
v 20 15 3
v 21 12 6
v 22 16 2
v 23 1 3
v 24 0 2
v 25 7 2
v 26 7 3
v 27 33 2
v 28 33 2
v 29 9 2
v 30 12 2
v 31 33 2
e 0 2 0
e 0 5 0
e 0 3 0
e 1 14 0
e 2 4 0
e 2 8 0
e 2 11 0
e 2 13 0
e 2 18 0
e 4 8 0
e 4 16 0
e 4 18 0
e 4 11 0
e 4 19 0
e 4 13 0
e 6 27 0
e 7 16 0
e 8 23 0
e 8 14 0
e 8 18 0
e 9 25 0
e 9 26 0
e 9 18 0
e 10 29 0
e 10 27 0
e 10 31 0
e 10 28 0
e 11 19 0
e 11 16 0
e 12 13 0
e 12 15 0
e 12 21 0
e 13 15 0
e 13 20 0
e 13 21 0
e 14 18 0
e 15 17 0
e 15 22 0
e 15 20 0
e 15 21 0
e 17 21 0
e 18 24 0
e 18 23 0
e 20 21 0
e 21 22 0
e 23 24 0
e 25 26 0
e 26 29 0
e 28 30 0
e 30 31 0
