t 24 49
v 0 15 7
v 1 9 9
v 2 0 3
v 3 14 7
v 4 14 6
v 5 9 3
v 6 14 4
v 7 18 3
v 8 14 7
v 9 15 2
v 10 15 4
v 11 11 3
v 12 15 4
v 13 13 3
v 14 14 4
v 15 25 2
v 16 14 5
v 17 15 3
v 18 18 1
v 19 13 3
v 20 13 4
v 21 13 4
v 22 11 2
v 23 14 5
e 0 6 0
e 0 1 0
e 0 23 0
e 0 14 0
e 0 16 0
e 0 8 0
e 0 4 0
e 1 6 0
e 1 12 0
e 1 23 0
e 1 14 0
e 1 10 0
e 1 8 0
e 1 4 0
e 1 3 0
e 2 4 0
e 2 8 0
e 2 23 0
e 3 21 0
e 3 13 0
e 3 8 0
e 3 4 0
e 3 19 0
e 3 20 0
e 4 6 0
e 4 8 0
e 5 11 0
e 5 15 0
e 5 22 0
e 6 16 0
e 7 8 0
e 7 14 0
e 7 23 0
e 8 16 0
e 9 12 0
e 9 17 0
e 10 12 0
e 10 15 0
e 10 17 0
e 11 22 0
e 11 18 0
e 12 17 0
e 13 20 0
e 13 21 0
e 14 16 0
e 16 23 0
e 19 20 0
e 19 21 0
e 20 21 0
