t 16 46
v 0 0 8
v 1 1 7
v 2 12 3
v 3 12 4
v 4 7 9
v 5 0 7
v 6 15 2
v 7 0 5
v 8 0 9
v 9 0 6
v 10 12 2
v 11 1 7
v 12 0 8
v 13 7 10
v 14 13 3
v 15 13 2
e 0 13 0
e 0 9 0
e 0 12 0
e 0 8 0
e 0 1 0
e 0 4 0
e 0 5 0
e 0 11 0
e 1 13 0
e 1 12 0
e 1 8 0
e 1 3 0
e 1 4 0
e 1 11 0
e 2 6 0
e 2 3 0
e 2 10 0
e 3 6 0
e 3 11 0
e 4 7 0
e 4 13 0
e 4 9 0
e 4 8 0
e 4 11 0
e 4 5 0
e 4 14 0
e 5 7 0
e 5 13 0
e 5 9 0
e 5 12 0
e 5 8 0
e 7 13 0
e 7 12 0
e 7 8 0
e 8 9 0
e 8 11 0
e 8 12 0
e 8 13 0
e 9 12 0
e 9 13 0
e 10 15 0
e 11 13 0
e 11 12 0
e 12 13 0
e 13 14 0
e 14 15 0
