t 40 52
v 0 9 2
v 1 25 4
v 2 18 3
v 3 18 2
v 4 11 3
v 5 9 2
v 6 18 2
v 7 11 2
v 8 11 2
v 9 18 3
v 10 5 4
v 11 30 4
v 12 11 2
v 13 28 2
v 14 9 1
v 15 9 2
v 16 9 1
v 17 23 4
v 18 11 2
v 19 11 2
v 20 18 4
v 21 5 5
v 22 28 3
v 23 18 2
v 24 28 1
v 25 30 2
v 26 28 3
v 27 18 1
v 28 28 3
v 29 18 9
v 30 11 3
v 31 3 5
v 32 14 2
v 33 5 2
v 34 30 1
v 35 5 2
v 36 14 2
v 37 22 2
v 38 15 2
v 39 15 1
e 0 5 0
e 0 1 0
e 1 2 0
e 1 16 0
e 1 15 0
e 2 4 0
e 2 18 0
e 3 4 0
e 3 18 0
e 4 6 0
e 5 36 0
e 6 7 0
e 7 32 0
e 8 17 0
e 8 29 0
e 9 27 0
e 9 31 0
e 9 29 0
e 10 17 0
e 10 21 0
e 10 29 0
e 10 31 0
e 11 25 0
e 11 26 0
e 11 20 0
e 11 34 0
e 12 32 0
e 12 19 0
e 13 22 0
e 13 30 0
e 14 15 0
e 17 21 0
e 17 29 0
e 19 29 0
e 20 28 0
e 20 25 0
e 20 29 0
e 21 35 0
e 21 29 0
e 21 31 0
e 22 24 0
e 22 30 0
e 23 26 0
e 23 30 0
e 26 28 0
e 28 29 0
e 29 31 0
e 31 33 0
e 33 35 0
e 36 37 0
e 37 38 0
e 38 39 0
