t 40 48
v 0 11 2
v 1 11 2
v 2 23 2
v 3 13 2
v 4 12 5
v 5 33 4
v 6 12 3
v 7 12 3
v 8 9 1
v 9 13 2
v 10 9 4
v 11 1 4
v 12 13 2
v 13 15 2
v 14 13 2
v 15 33 2
v 16 12 3
v 17 0 1
v 18 12 2
v 19 12 1
v 20 7 1
v 21 13 2
v 22 0 2
v 23 15 6
v 24 18 2
v 25 12 3
v 26 12 1
v 27 7 2
v 28 0 3
v 29 0 2
v 30 12 3
v 31 0 2
v 32 0 3
v 33 12 4
v 34 1 2
v 35 30 2
v 36 15 2
v 37 0 2
v 38 24 2
v 39 24 1
e 0 1 0
e 0 24 0
e 1 35 0
e 2 24 0
e 2 38 0
e 3 5 0
e 3 35 0
e 4 11 0
e 4 16 0
e 4 30 0
e 4 33 0
e 4 34 0
e 5 23 0
e 5 7 0
e 5 10 0
e 6 7 0
e 6 15 0
e 6 23 0
e 7 23 0
e 8 23 0
e 9 14 0
e 9 21 0
e 10 20 0
e 10 23 0
e 10 14 0
e 11 33 0
e 11 32 0
e 11 37 0
e 12 21 0
e 12 27 0
e 13 16 0
e 13 36 0
e 15 23 0
e 16 33 0
e 17 37 0
e 18 19 0
e 18 30 0
e 22 28 0
e 22 31 0
e 25 30 0
e 25 33 0
e 25 26 0
e 27 36 0
e 28 29 0
e 28 32 0
e 29 31 0
e 32 34 0
e 38 39 0
