t 32 67
v 0 5 4
v 1 23 4
v 2 2 3
v 3 23 4
v 4 2 6
v 5 23 6
v 6 3 6
v 7 2 5
v 8 2 5
v 9 11 8
v 10 16 3
v 11 23 5
v 12 16 3
v 13 16 2
v 14 5 3
v 15 4 2
v 16 5 2
v 17 3 2
v 18 5 7
v 19 16 3
v 20 5 2
v 21 5 7
v 22 11 5
v 23 2 4
v 24 2 6
v 25 5 8
v 26 5 3
v 27 5 6
v 28 5 3
v 29 5 2
v 30 5 3
v 31 5 2
e 0 6 0
e 0 7 0
e 0 9 0
e 0 18 0
e 1 18 0
e 1 6 0
e 1 5 0
e 1 9 0
e 2 23 0
e 2 8 0
e 2 4 0
e 3 18 0
e 3 5 0
e 3 9 0
e 3 11 0
e 4 22 0
e 4 23 0
e 4 7 0
e 4 8 0
e 4 24 0
e 5 6 0
e 5 11 0
e 5 18 0
e 5 9 0
e 6 11 0
e 6 18 0
e 6 9 0
e 7 24 0
e 7 22 0
e 7 8 0
e 8 22 0
e 8 24 0
e 9 11 0
e 9 18 0
e 9 15 0
e 10 12 0
e 10 13 0
e 10 19 0
e 11 18 0
e 12 13 0
e 12 19 0
e 14 21 0
e 14 25 0
e 14 27 0
e 15 20 0
e 16 21 0
e 16 25 0
e 17 19 0
e 17 20 0
e 21 28 0
e 21 31 0
e 21 26 0
e 21 30 0
e 21 25 0
e 22 23 0
e 22 24 0
e 23 24 0
e 24 25 0
e 25 28 0
e 25 26 0
e 25 29 0
e 25 30 0
e 26 27 0
e 27 28 0
e 27 31 0
e 27 29 0
e 27 30 0
