t 40 61
v 0 18 3
v 1 33 1
v 2 18 2
v 3 18 3
v 4 11 2
v 5 11 4
v 6 27 2
v 7 12 3
v 8 11 5
v 9 18 3
v 10 9 3
v 11 11 5
v 12 7 1
v 13 27 1
v 14 9 2
v 15 9 2
v 16 11 4
v 17 33 3
v 18 33 3
v 19 16 3
v 20 11 6
v 21 18 1
v 22 11 2
v 23 15 4
v 24 11 1
v 25 18 5
v 26 9 1
v 27 11 8
v 28 11 4
v 29 9 6
v 30 11 4
v 31 30 1
v 32 11 2
v 33 18 1
v 34 9 2
v 35 11 6
v 36 11 4
v 37 9 5
v 38 33 3
v 39 17 1
e 0 25 0
e 0 2 0
e 0 3 0
e 1 14 0
e 2 9 0
e 3 9 0
e 3 5 0
e 4 22 0
e 4 5 0
e 5 22 0
e 5 7 0
e 6 10 0
e 6 29 0
e 7 17 0
e 7 38 0
e 8 20 0
e 8 16 0
e 8 30 0
e 8 32 0
e 8 27 0
e 9 25 0
e 10 15 0
e 10 19 0
e 11 35 0
e 11 24 0
e 11 20 0
e 11 28 0
e 11 36 0
e 12 19 0
e 13 25 0
e 14 15 0
e 16 27 0
e 16 30 0
e 16 20 0
e 17 23 0
e 17 29 0
e 18 23 0
e 18 29 0
e 18 39 0
e 19 26 0
e 20 35 0
e 20 30 0
e 20 37 0
e 21 25 0
e 23 38 0
e 23 29 0
e 25 31 0
e 27 35 0
e 27 33 0
e 27 37 0
e 27 28 0
e 27 30 0
e 27 32 0
e 28 35 0
e 28 36 0
e 29 34 0
e 29 38 0
e 34 37 0
e 35 36 0
e 35 37 0
e 36 37 0
