t 16 42
v 0 13 8
v 1 15 2
v 2 11 2
v 3 13 3
v 4 13 5
v 5 13 7
v 6 13 6
v 7 15 5
v 8 13 7
v 9 13 6
v 10 13 5
v 11 13 8
v 12 13 8
v 13 13 4
v 14 13 7
v 15 3 1
e 0 3 0
e 0 14 0
e 0 9 0
e 0 4 0
e 0 6 0
e 0 8 0
e 0 10 0
e 0 13 0
e 1 7 0
e 1 2 0
e 2 15 0
e 3 4 0
e 3 14 0
e 4 11 0
e 4 13 0
e 4 14 0
e 5 7 0
e 5 14 0
e 5 8 0
e 5 9 0
e 5 6 0
e 5 11 0
e 5 12 0
e 6 12 0
e 6 11 0
e 6 8 0
e 6 13 0
e 7 11 0
e 7 12 0
e 7 14 0
e 8 9 0
e 8 10 0
e 8 11 0
e 8 12 0
e 9 10 0
e 9 11 0
e 9 12 0
e 10 12 0
e 10 11 0
e 11 12 0
e 12 14 0
e 13 14 0
