t 40 69
v 0 15 3
v 1 15 2
v 2 0 1
v 3 12 8
v 4 15 2
v 5 17 3
v 6 15 3
v 7 12 2
v 8 16 4
v 9 12 5
v 10 12 3
v 11 15 3
v 12 16 5
v 13 15 1
v 14 16 3
v 15 15 2
v 16 9 1
v 17 13 3
v 18 13 2
v 19 14 6
v 20 12 3
v 21 7 2
v 22 14 6
v 23 33 2
v 24 15 3
v 25 14 5
v 26 15 3
v 27 14 5
v 28 12 2
v 29 14 10
v 30 15 3
v 31 14 3
v 32 14 4
v 33 7 2
v 34 14 4
v 35 14 2
v 36 14 5
v 37 27 4
v 38 14 6
v 39 7 2
e 0 1 0
e 0 3 0
e 0 9 0
e 1 3 0
e 2 5 0
e 3 8 0
e 3 6 0
e 3 10 0
e 3 14 0
e 3 12 0
e 3 9 0
e 4 26 0
e 4 24 0
e 5 23 0
e 5 17 0
e 6 24 0
e 6 11 0
e 7 10 0
e 7 20 0
e 8 9 0
e 8 12 0
e 8 14 0
e 9 26 0
e 9 12 0
e 10 12 0
e 11 26 0
e 11 24 0
e 12 14 0
e 13 20 0
e 15 20 0
e 15 28 0
e 16 23 0
e 17 18 0
e 17 28 0
e 18 39 0
e 19 30 0
e 19 29 0
e 19 22 0
e 19 37 0
e 19 25 0
e 19 36 0
e 21 38 0
e 21 33 0
e 22 29 0
e 22 32 0
e 22 34 0
e 22 36 0
e 22 38 0
e 25 27 0
e 25 31 0
e 25 30 0
e 25 37 0
e 27 32 0
e 27 29 0
e 27 34 0
e 27 38 0
e 29 31 0
e 29 35 0
e 29 30 0
e 29 37 0
e 29 34 0
e 29 36 0
e 29 38 0
e 31 32 0
e 32 35 0
e 33 39 0
e 34 36 0
e 36 38 0
e 37 38 0
