t 32 177
v 0 12 15
v 1 27 12
v 2 9 2
v 3 13 2
v 4 12 15
v 5 7 4
v 6 9 18
v 7 9 16
v 8 12 15
v 9 9 17
v 10 27 11
v 11 33 12
v 12 33 12
v 13 9 19
v 14 33 11
v 15 9 15
v 16 33 12
v 17 30 2
v 18 15 22
v 19 33 12
v 20 33 12
v 21 33 11
v 22 30 2
v 23 33 12
v 24 9 19
v 25 33 12
v 26 33 13
v 27 33 1
v 28 33 12
v 29 9 13
v 30 22 2
v 31 11 1
e 0 1 0
e 0 4 0
e 0 8 0
e 0 10 0
e 0 11 0
e 0 12 0
e 0 14 0
e 0 16 0
e 0 18 0
e 0 19 0
e 0 20 0
e 0 21 0
e 0 23 0
e 0 25 0
e 0 28 0
e 1 8 0
e 1 4 0
e 1 6 0
e 1 7 0
e 1 9 0
e 1 13 0
e 1 15 0
e 1 18 0
e 1 24 0
e 1 26 0
e 1 29 0
e 2 18 0
e 2 5 0
e 3 17 0
e 3 29 0
e 4 8 0
e 4 10 0
e 4 11 0
e 4 12 0
e 4 14 0
e 4 16 0
e 4 18 0
e 4 19 0
e 4 20 0
e 4 21 0
e 4 23 0
e 4 25 0
e 4 28 0
e 5 13 0
e 5 6 0
e 5 24 0
e 6 23 0
e 6 14 0
e 6 25 0
e 6 18 0
e 6 7 0
e 6 21 0
e 6 12 0
e 6 9 0
e 6 28 0
e 6 11 0
e 6 20 0
e 6 16 0
e 6 13 0
e 6 10 0
e 6 19 0
e 6 24 0
e 7 23 0
e 7 14 0
e 7 25 0
e 7 18 0
e 7 21 0
e 7 12 0
e 7 28 0
e 7 11 0
e 7 20 0
e 7 16 0
e 7 19 0
e 7 13 0
e 7 15 0
e 7 24 0
e 8 10 0
e 8 11 0
e 8 12 0
e 8 14 0
e 8 16 0
e 8 18 0
e 8 19 0
e 8 20 0
e 8 21 0
e 8 23 0
e 8 25 0
e 8 28 0
e 9 23 0
e 9 14 0
e 9 25 0
e 9 18 0
e 9 12 0
e 9 21 0
e 9 28 0
e 9 11 0
e 9 20 0
e 9 16 0
e 9 10 0
e 9 19 0
e 9 13 0
e 9 15 0
e 9 24 0
e 10 13 0
e 10 15 0
e 10 18 0
e 10 24 0
e 10 26 0
e 10 29 0
e 11 18 0
e 11 13 0
e 11 15 0
e 11 24 0
e 11 26 0
e 11 29 0
e 12 18 0
e 12 13 0
e 12 15 0
e 12 24 0
e 12 26 0
e 12 29 0
e 13 14 0
e 13 16 0
e 13 19 0
e 13 23 0
e 13 15 0
e 13 25 0
e 13 21 0
e 13 28 0
e 13 20 0
e 13 24 0
e 13 18 0
e 14 18 0
e 14 24 0
e 14 26 0
e 14 29 0
e 15 23 0
e 15 25 0
e 15 21 0
e 15 28 0
e 15 20 0
e 15 16 0
e 15 19 0
e 15 24 0
e 16 18 0
e 16 24 0
e 16 26 0
e 16 29 0
e 17 22 0
e 18 19 0
e 18 20 0
e 18 21 0
e 18 23 0
e 18 24 0
e 18 25 0
e 18 28 0
e 18 29 0
e 19 24 0
e 19 26 0
e 19 29 0
e 20 24 0
e 20 26 0
e 20 29 0
e 21 24 0
e 21 26 0
e 22 30 0
e 23 24 0
e 23 26 0
e 23 29 0
e 24 25 0
e 24 28 0
e 25 26 0
e 25 29 0
e 26 27 0
e 26 28 0
e 28 29 0
e 30 31 0
