t 40 276
v 0 22 2
v 1 1 21
v 2 27 2
v 3 1 27
v 4 9 2
v 5 27 4
v 6 1 24
v 7 15 7
v 8 1 1
v 9 0 22
v 10 9 2
v 11 0 20
v 12 3 3
v 13 1 21
v 14 1 22
v 15 5 3
v 16 1 1
v 17 1 22
v 18 9 4
v 19 1 22
v 20 27 2
v 21 1 23
v 22 1 22
v 23 1 3
v 24 1 20
v 25 1 21
v 26 22 2
v 27 1 22
v 28 1 19
v 29 1 21
v 30 0 22
v 31 5 3
v 32 1 21
v 33 1 22
v 34 1 22
v 35 0 20
v 36 1 8
v 37 1 3
v 38 1 21
v 39 0 23
e 0 10 0
e 0 26 0
e 1 22 0
e 1 25 0
e 1 17 0
e 1 11 0
e 1 30 0
e 1 35 0
e 1 24 0
e 1 28 0
e 1 14 0
e 1 3 0
e 1 6 0
e 1 9 0
e 1 13 0
e 1 19 0
e 1 27 0
e 1 29 0
e 1 32 0
e 1 33 0
e 1 34 0
e 1 38 0
e 1 39 0
e 2 5 0
e 2 20 0
e 3 36 0
e 3 38 0
e 3 22 0
e 3 25 0
e 3 17 0
e 3 11 0
e 3 30 0
e 3 35 0
e 3 24 0
e 3 28 0
e 3 14 0
e 3 37 0
e 3 23 0
e 3 5 0
e 3 7 0
e 3 6 0
e 3 9 0
e 3 13 0
e 3 19 0
e 3 21 0
e 3 27 0
e 3 29 0
e 3 32 0
e 3 33 0
e 3 34 0
e 3 39 0
e 4 20 0
e 4 10 0
e 5 37 0
e 5 23 0
e 6 36 0
e 6 19 0
e 6 29 0
e 6 34 0
e 6 38 0
e 6 22 0
e 6 25 0
e 6 17 0
e 6 11 0
e 6 30 0
e 6 35 0
e 6 24 0
e 6 28 0
e 6 14 0
e 6 7 0
e 6 9 0
e 6 13 0
e 6 21 0
e 6 27 0
e 6 32 0
e 6 33 0
e 6 39 0
e 7 13 0
e 7 14 0
e 7 19 0
e 7 21 0
e 7 29 0
e 8 19 0
e 9 36 0
e 9 39 0
e 9 19 0
e 9 34 0
e 9 38 0
e 9 22 0
e 9 25 0
e 9 17 0
e 9 11 0
e 9 30 0
e 9 35 0
e 9 24 0
e 9 28 0
e 9 14 0
e 9 13 0
e 9 21 0
e 9 27 0
e 9 32 0
e 9 33 0
e 11 30 0
e 11 35 0
e 11 24 0
e 11 14 0
e 11 13 0
e 11 17 0
e 11 21 0
e 11 22 0
e 11 25 0
e 11 27 0
e 11 29 0
e 11 32 0
e 11 33 0
e 11 34 0
e 11 38 0
e 11 39 0
e 12 15 0
e 12 18 0
e 12 31 0
e 13 21 0
e 13 33 0
e 13 27 0
e 13 39 0
e 13 19 0
e 13 29 0
e 13 34 0
e 13 22 0
e 13 25 0
e 13 17 0
e 13 30 0
e 13 35 0
e 13 28 0
e 13 14 0
e 13 32 0
e 14 17 0
e 14 19 0
e 14 21 0
e 14 22 0
e 14 24 0
e 14 25 0
e 14 27 0
e 14 28 0
e 14 29 0
e 14 30 0
e 14 32 0
e 14 33 0
e 14 34 0
e 14 38 0
e 14 39 0
e 15 18 0
e 15 31 0
e 16 19 0
e 17 36 0
e 17 30 0
e 17 35 0
e 17 24 0
e 17 28 0
e 17 21 0
e 17 22 0
e 17 25 0
e 17 27 0
e 17 29 0
e 17 32 0
e 17 33 0
e 17 34 0
e 17 38 0
e 17 39 0
e 18 31 0
e 18 26 0
e 19 29 0
e 19 34 0
e 19 38 0
e 19 22 0
e 19 25 0
e 19 30 0
e 19 35 0
e 19 24 0
e 19 28 0
e 19 21 0
e 19 27 0
e 19 33 0
e 19 39 0
e 21 36 0
e 21 33 0
e 21 27 0
e 21 39 0
e 21 29 0
e 21 34 0
e 21 38 0
e 21 22 0
e 21 25 0
e 21 30 0
e 21 35 0
e 21 24 0
e 21 28 0
e 21 32 0
e 22 25 0
e 22 30 0
e 22 35 0
e 22 24 0
e 22 28 0
e 22 27 0
e 22 29 0
e 22 32 0
e 22 33 0
e 22 34 0
e 22 38 0
e 22 39 0
e 23 37 0
e 24 36 0
e 24 25 0
e 24 27 0
e 24 30 0
e 24 32 0
e 24 33 0
e 24 34 0
e 24 35 0
e 24 38 0
e 24 39 0
e 25 30 0
e 25 28 0
e 25 27 0
e 25 29 0
e 25 32 0
e 25 33 0
e 25 34 0
e 25 38 0
e 25 39 0
e 27 39 0
e 27 29 0
e 27 34 0
e 27 38 0
e 27 30 0
e 27 35 0
e 27 28 0
e 27 32 0
e 27 33 0
e 28 29 0
e 28 30 0
e 28 32 0
e 28 34 0
e 28 35 0
e 28 38 0
e 28 39 0
e 29 34 0
e 29 38 0
e 29 30 0
e 29 35 0
e 29 32 0
e 29 33 0
e 29 39 0
e 30 35 0
e 30 32 0
e 30 33 0
e 30 34 0
e 30 38 0
e 30 39 0
e 32 33 0
e 32 39 0
e 32 34 0
e 32 38 0
e 32 35 0
e 33 36 0
e 33 39 0
e 33 34 0
e 33 38 0
e 33 35 0
e 34 38 0
e 34 35 0
e 34 39 0
e 35 38 0
e 35 39 0
e 36 39 0
e 38 39 0
