t 40 75
v 0 14 9
v 1 15 3
v 2 14 7
v 3 15 3
v 4 15 3
v 5 17 3
v 6 14 4
v 7 17 2
v 8 15 5
v 9 11 2
v 10 15 4
v 11 17 3
v 12 30 3
v 13 12 4
v 14 5 3
v 15 30 2
v 16 14 6
v 17 11 5
v 18 12 5
v 19 0 3
v 20 30 2
v 21 15 1
v 22 5 4
v 23 9 5
v 24 5 1
v 25 30 4
v 26 14 2
v 27 30 2
v 28 0 5
v 29 30 2
v 30 12 2
v 31 14 7
v 32 30 3
v 33 12 5
v 34 30 4
v 35 16 1
v 36 14 6
v 37 18 7
v 38 23 1
v 39 23 7
e 0 26 0
e 0 28 0
e 0 23 0
e 0 39 0
e 0 19 0
e 0 6 0
e 0 36 0
e 0 2 0
e 0 16 0
e 1 4 0
e 1 3 0
e 1 13 0
e 2 28 0
e 2 23 0
e 2 39 0
e 2 37 0
e 2 31 0
e 2 36 0
e 3 4 0
e 3 23 0
e 4 23 0
e 5 10 0
e 5 13 0
e 5 8 0
e 6 19 0
e 6 37 0
e 6 39 0
e 7 8 0
e 7 18 0
e 8 33 0
e 8 10 0
e 8 18 0
e 9 17 0
e 9 30 0
e 10 11 0
e 10 18 0
e 11 33 0
e 11 18 0
e 12 25 0
e 12 32 0
e 12 34 0
e 13 18 0
e 13 33 0
e 14 15 0
e 14 22 0
e 14 32 0
e 15 22 0
e 16 26 0
e 16 39 0
e 16 19 0
e 16 37 0
e 16 36 0
e 17 25 0
e 17 20 0
e 17 27 0
e 17 34 0
e 20 25 0
e 21 31 0
e 22 24 0
e 22 32 0
e 23 31 0
e 25 29 0
e 27 34 0
e 28 37 0
e 28 31 0
e 28 39 0
e 29 34 0
e 30 33 0
e 31 37 0
e 31 39 0
e 31 36 0
e 33 35 0
e 36 39 0
e 36 37 0
e 37 38 0
