t 32 135
v 0 12 19
v 1 12 12
v 2 15 4
v 3 12 5
v 4 15 9
v 5 15 2
v 6 15 1
v 7 15 8
v 8 15 9
v 9 9 10
v 10 15 6
v 11 12 16
v 12 12 3
v 13 12 3
v 14 15 6
v 15 12 12
v 16 16 6
v 17 15 10
v 18 12 16
v 19 16 8
v 20 15 9
v 21 16 5
v 22 15 6
v 23 12 5
v 24 15 7
v 25 15 6
v 26 17 6
v 27 12 8
v 28 12 19
v 29 15 8
v 30 12 19
v 31 15 7
e 0 25 0
e 0 15 0
e 0 2 0
e 0 4 0
e 0 20 0
e 0 11 0
e 0 8 0
e 0 17 0
e 0 21 0
e 0 19 0
e 0 9 0
e 0 27 0
e 0 7 0
e 0 31 0
e 0 26 0
e 0 14 0
e 0 18 0
e 0 24 0
e 0 30 0
e 1 19 0
e 1 23 0
e 1 13 0
e 1 3 0
e 1 27 0
e 1 12 0
e 1 16 0
e 1 21 0
e 1 11 0
e 1 15 0
e 1 26 0
e 1 30 0
e 2 11 0
e 2 18 0
e 2 28 0
e 3 5 0
e 3 27 0
e 3 15 0
e 3 23 0
e 4 7 0
e 4 9 0
e 4 20 0
e 4 8 0
e 4 17 0
e 4 10 0
e 4 11 0
e 4 30 0
e 5 23 0
e 6 9 0
e 7 11 0
e 7 17 0
e 7 18 0
e 7 28 0
e 7 29 0
e 7 30 0
e 8 9 0
e 8 17 0
e 8 29 0
e 8 18 0
e 8 20 0
e 8 28 0
e 8 30 0
e 9 10 0
e 9 11 0
e 9 17 0
e 9 20 0
e 9 29 0
e 9 30 0
e 10 17 0
e 10 20 0
e 10 28 0
e 10 29 0
e 11 29 0
e 11 19 0
e 11 27 0
e 11 16 0
e 11 15 0
e 11 18 0
e 11 26 0
e 11 28 0
e 11 30 0
e 11 31 0
e 12 13 0
e 12 15 0
e 13 15 0
e 14 25 0
e 14 24 0
e 14 30 0
e 14 28 0
e 14 22 0
e 15 19 0
e 15 23 0
e 15 27 0
e 15 28 0
e 15 30 0
e 15 31 0
e 16 19 0
e 16 18 0
e 16 21 0
e 16 30 0
e 17 18 0
e 17 20 0
e 17 28 0
e 17 30 0
e 18 25 0
e 18 29 0
e 18 19 0
e 18 27 0
e 18 30 0
e 18 28 0
e 18 31 0
e 18 22 0
e 18 24 0
e 19 21 0
e 19 28 0
e 20 29 0
e 20 28 0
e 20 30 0
e 21 28 0
e 22 25 0
e 22 24 0
e 22 28 0
e 22 30 0
e 23 27 0
e 24 25 0
e 24 30 0
e 24 28 0
e 25 28 0
e 26 28 0
e 26 30 0
e 26 31 0
e 27 28 0
e 28 31 0
e 28 30 0
e 29 30 0
e 30 31 0
