t 40 76
v 0 2 7
v 1 13 5
v 2 4 2
v 3 23 3
v 4 13 2
v 5 5 3
v 6 11 7
v 7 7 3
v 8 7 2
v 9 7 2
v 10 7 3
v 11 2 2
v 12 23 2
v 13 23 1
v 14 7 4
v 15 11 4
v 16 11 1
v 17 11 2
v 18 5 6
v 19 7 4
v 20 5 5
v 21 3 6
v 22 13 4
v 23 2 2
v 24 13 6
v 25 13 5
v 26 13 7
v 27 15 2
v 28 11 8
v 29 13 5
v 30 11 6
v 31 13 3
v 32 13 6
v 33 13 5
v 34 13 2
v 35 5 5
v 36 15 5
v 37 3 2
v 38 2 1
v 39 11 2
e 0 28 0
e 0 15 0
e 0 11 0
e 0 3 0
e 0 39 0
e 0 5 0
e 0 38 0
e 1 33 0
e 1 32 0
e 1 29 0
e 1 26 0
e 1 24 0
e 2 3 0
e 2 15 0
e 3 15 0
e 4 22 0
e 4 31 0
e 5 8 0
e 5 15 0
e 6 35 0
e 6 18 0
e 6 37 0
e 6 30 0
e 6 20 0
e 6 21 0
e 6 28 0
e 7 8 0
e 7 14 0
e 7 19 0
e 9 10 0
e 9 19 0
e 10 14 0
e 10 19 0
e 11 23 0
e 12 13 0
e 12 14 0
e 14 19 0
e 16 17 0
e 17 28 0
e 18 30 0
e 18 20 0
e 18 21 0
e 18 28 0
e 18 35 0
e 20 21 0
e 20 27 0
e 20 28 0
e 21 28 0
e 21 30 0
e 21 35 0
e 22 26 0
e 22 32 0
e 22 24 0
e 23 39 0
e 24 25 0
e 24 32 0
e 24 33 0
e 24 34 0
e 25 33 0
e 25 32 0
e 25 36 0
e 25 26 0
e 26 36 0
e 26 29 0
e 26 31 0
e 26 33 0
e 27 36 0
e 28 35 0
e 28 30 0
e 29 36 0
e 29 34 0
e 29 32 0
e 30 37 0
e 30 35 0
e 31 32 0
e 33 36 0
