t 24 32
v 0 3 2
v 1 4 1
v 2 11 2
v 3 5 3
v 4 30 2
v 5 5 3
v 6 30 3
v 7 5 2
v 8 30 3
v 9 30 3
v 10 30 4
v 11 30 3
v 12 11 4
v 13 30 4
v 14 11 2
v 15 30 4
v 16 11 4
v 17 30 4
v 18 5 2
v 19 5 2
v 20 5 2
v 21 2 2
v 22 9 2
v 23 24 1
e 0 14 0
e 0 13 0
e 1 13 0
e 2 22 0
e 2 23 0
e 3 7 0
e 3 5 0
e 3 6 0
e 4 13 0
e 4 10 0
e 5 7 0
e 5 11 0
e 6 16 0
e 6 10 0
e 8 17 0
e 8 15 0
e 8 16 0
e 9 17 0
e 9 15 0
e 9 12 0
e 10 11 0
e 10 13 0
e 11 16 0
e 12 15 0
e 12 16 0
e 12 17 0
e 14 19 0
e 15 17 0
e 18 21 0
e 18 22 0
e 19 20 0
e 20 21 0
