t 40 189
v 0 8 18
v 1 15 12
v 2 15 10
v 3 5 7
v 4 15 8
v 5 6 17
v 6 7 4
v 7 15 11
v 8 5 9
v 9 6 17
v 10 15 11
v 11 18 1
v 12 15 10
v 13 18 2
v 14 3 8
v 15 15 2
v 16 15 15
v 17 5 3
v 18 6 16
v 19 6 17
v 20 15 9
v 21 15 5
v 22 6 16
v 23 3 5
v 24 3 5
v 25 7 18
v 26 5 6
v 27 5 7
v 28 5 7
v 29 9 5
v 30 7 4
v 31 15 2
v 32 9 8
v 33 7 1
v 34 6 18
v 35 7 3
v 36 15 12
v 37 6 18
v 38 6 16
v 39 6 15
e 0 34 0
e 0 5 0
e 0 25 0
e 0 22 0
e 0 37 0
e 0 36 0
e 0 39 0
e 0 38 0
e 0 19 0
e 0 1 0
e 0 2 0
e 0 7 0
e 0 20 0
e 0 10 0
e 0 16 0
e 0 12 0
e 0 18 0
e 0 9 0
e 1 4 0
e 1 16 0
e 1 5 0
e 1 9 0
e 1 18 0
e 1 19 0
e 1 22 0
e 1 25 0
e 1 36 0
e 1 37 0
e 1 38 0
e 2 4 0
e 2 10 0
e 2 16 0
e 2 9 0
e 2 19 0
e 2 34 0
e 2 36 0
e 2 37 0
e 2 38 0
e 3 8 0
e 3 17 0
e 3 26 0
e 3 14 0
e 3 27 0
e 3 28 0
e 3 32 0
e 4 5 0
e 4 25 0
e 4 34 0
e 4 37 0
e 4 38 0
e 4 39 0
e 5 25 0
e 5 22 0
e 5 37 0
e 5 36 0
e 5 38 0
e 5 39 0
e 5 19 0
e 5 7 0
e 5 20 0
e 5 10 0
e 5 16 0
e 5 9 0
e 5 18 0
e 5 34 0
e 6 25 0
e 6 29 0
e 6 30 0
e 6 35 0
e 7 9 0
e 7 18 0
e 7 19 0
e 7 22 0
e 7 25 0
e 7 34 0
e 7 37 0
e 7 38 0
e 7 39 0
e 8 17 0
e 8 26 0
e 8 14 0
e 8 23 0
e 8 24 0
e 8 27 0
e 8 28 0
e 8 32 0
e 9 34 0
e 9 25 0
e 9 22 0
e 9 37 0
e 9 36 0
e 9 39 0
e 9 19 0
e 9 20 0
e 9 10 0
e 9 16 0
e 9 12 0
e 9 18 0
e 10 18 0
e 10 19 0
e 10 25 0
e 10 34 0
e 10 37 0
e 10 38 0
e 10 39 0
e 11 21 0
e 12 18 0
e 12 19 0
e 12 22 0
e 12 25 0
e 12 34 0
e 12 37 0
e 12 38 0
e 12 39 0
e 13 21 0
e 13 31 0
e 14 26 0
e 14 23 0
e 14 24 0
e 14 27 0
e 14 28 0
e 14 32 0
e 15 21 0
e 15 31 0
e 16 18 0
e 16 19 0
e 16 21 0
e 16 22 0
e 16 25 0
e 16 34 0
e 16 36 0
e 16 37 0
e 16 38 0
e 16 39 0
e 17 32 0
e 18 34 0
e 18 25 0
e 18 22 0
e 18 37 0
e 18 38 0
e 18 36 0
e 18 19 0
e 18 20 0
e 19 20 0
e 19 22 0
e 19 25 0
e 19 34 0
e 19 37 0
e 19 38 0
e 19 39 0
e 20 22 0
e 20 25 0
e 20 34 0
e 20 37 0
e 21 36 0
e 22 37 0
e 22 36 0
e 22 39 0
e 22 38 0
e 22 25 0
e 22 34 0
e 23 26 0
e 23 28 0
e 23 24 0
e 24 32 0
e 24 27 0
e 25 38 0
e 25 39 0
e 25 29 0
e 25 34 0
e 26 27 0
e 26 28 0
e 27 28 0
e 27 32 0
e 28 32 0
e 29 35 0
e 29 32 0
e 29 30 0
e 30 33 0
e 30 35 0
e 34 37 0
e 34 36 0
e 34 38 0
e 34 39 0
e 36 37 0
e 36 39 0
e 37 38 0
e 37 39 0
e 38 39 0
