t 24 43
v 0 27 2
v 1 11 4
v 2 1 8
v 3 1 3
v 4 11 2
v 5 0 3
v 6 1 1
v 7 11 2
v 8 0 7
v 9 15 2
v 10 1 7
v 11 0 4
v 12 15 2
v 13 0 7
v 14 1 4
v 15 15 3
v 16 1 1
v 17 1 5
v 18 1 6
v 19 11 2
v 20 11 2
v 21 11 1
v 22 11 3
v 23 18 5
e 0 4 0
e 0 2 0
e 1 21 0
e 1 23 0
e 1 22 0
e 1 20 0
e 2 8 0
e 2 11 0
e 2 6 0
e 2 3 0
e 2 5 0
e 2 13 0
e 2 18 0
e 3 11 0
e 3 10 0
e 4 19 0
e 5 8 0
e 5 14 0
e 7 22 0
e 7 23 0
e 8 10 0
e 8 13 0
e 8 14 0
e 8 17 0
e 8 18 0
e 9 12 0
e 9 10 0
e 10 15 0
e 10 17 0
e 10 13 0
e 10 18 0
e 11 13 0
e 11 18 0
e 12 15 0
e 13 18 0
e 13 14 0
e 13 17 0
e 14 18 0
e 15 17 0
e 16 17 0
e 19 23 0
e 20 23 0
e 22 23 0
