t 32 42
v 0 30 2
v 1 30 4
v 2 11 2
v 3 5 1
v 4 30 6
v 5 30 2
v 6 7 4
v 7 30 2
v 8 30 2
v 9 5 3
v 10 11 2
v 11 18 2
v 12 7 4
v 13 18 2
v 14 7 4
v 15 30 2
v 16 15 4
v 17 15 1
v 18 6 3
v 19 15 1
v 20 15 2
v 21 7 2
v 22 18 1
v 23 18 1
v 24 15 4
v 25 18 3
v 26 15 3
v 27 9 6
v 28 30 2
v 29 30 3
v 30 4 2
v 31 15 2
e 0 2 0
e 0 30 0
e 1 30 0
e 1 3 0
e 1 4 0
e 1 7 0
e 2 14 0
e 4 9 0
e 4 28 0
e 4 10 0
e 4 5 0
e 4 7 0
e 5 9 0
e 6 12 0
e 6 21 0
e 6 14 0
e 6 27 0
e 8 15 0
e 8 29 0
e 9 28 0
e 10 29 0
e 11 16 0
e 11 24 0
e 12 21 0
e 12 14 0
e 12 27 0
e 13 25 0
e 13 23 0
e 14 27 0
e 15 29 0
e 16 25 0
e 16 20 0
e 16 17 0
e 18 27 0
e 18 26 0
e 18 31 0
e 19 24 0
e 20 24 0
e 22 25 0
e 24 26 0
e 26 27 0
e 27 31 0
