t 40 202
v 0 14 14
v 1 14 6
v 2 14 11
v 3 15 10
v 4 9 9
v 5 14 7
v 6 15 10
v 7 14 7
v 8 14 8
v 9 14 10
v 10 14 21
v 11 12 10
v 12 27 6
v 13 14 9
v 14 15 15
v 15 14 7
v 16 14 9
v 17 14 2
v 18 14 18
v 19 9 11
v 20 14 4
v 21 0 11
v 22 15 11
v 23 16 3
v 24 15 10
v 25 16 3
v 26 14 17
v 27 9 22
v 28 14 3
v 29 9 9
v 30 14 12
v 31 15 7
v 32 16 12
v 33 15 9
v 34 14 14
v 35 14 13
v 36 15 1
v 37 9 11
v 38 14 15
v 39 9 17
e 0 14 0
e 0 16 0
e 0 2 0
e 0 21 0
e 0 3 0
e 0 39 0
e 0 5 0
e 0 10 0
e 0 15 0
e 0 18 0
e 0 26 0
e 0 27 0
e 0 34 0
e 0 35 0
e 1 21 0
e 1 39 0
e 1 9 0
e 1 26 0
e 1 34 0
e 1 38 0
e 2 5 0
e 2 10 0
e 2 13 0
e 2 15 0
e 2 16 0
e 2 18 0
e 2 30 0
e 2 34 0
e 2 35 0
e 2 38 0
e 3 39 0
e 3 10 0
e 3 14 0
e 3 26 0
e 3 27 0
e 3 30 0
e 3 34 0
e 3 35 0
e 3 38 0
e 4 37 0
e 4 29 0
e 4 6 0
e 4 11 0
e 4 22 0
e 4 24 0
e 4 27 0
e 4 33 0
e 4 39 0
e 5 16 0
e 5 18 0
e 5 38 0
e 5 26 0
e 5 13 0
e 6 37 0
e 6 29 0
e 6 11 0
e 6 19 0
e 6 22 0
e 6 24 0
e 6 27 0
e 6 32 0
e 6 33 0
e 7 21 0
e 7 9 0
e 7 10 0
e 7 14 0
e 7 18 0
e 7 27 0
e 7 34 0
e 8 14 0
e 8 21 0
e 8 10 0
e 8 15 0
e 8 18 0
e 8 26 0
e 8 27 0
e 8 38 0
e 9 10 0
e 9 18 0
e 9 20 0
e 9 26 0
e 9 30 0
e 9 34 0
e 9 35 0
e 9 38 0
e 10 14 0
e 10 19 0
e 10 39 0
e 10 12 0
e 10 21 0
e 10 16 0
e 10 26 0
e 10 13 0
e 10 15 0
e 10 18 0
e 10 27 0
e 10 30 0
e 10 34 0
e 10 35 0
e 10 38 0
e 11 27 0
e 11 33 0
e 11 32 0
e 11 25 0
e 11 29 0
e 11 22 0
e 11 24 0
e 11 23 0
e 12 18 0
e 12 26 0
e 12 30 0
e 12 34 0
e 12 38 0
e 13 16 0
e 13 35 0
e 13 30 0
e 13 38 0
e 13 26 0
e 13 34 0
e 14 19 0
e 14 39 0
e 14 17 0
e 14 18 0
e 14 20 0
e 14 26 0
e 14 27 0
e 14 28 0
e 14 30 0
e 14 35 0
e 15 20 0
e 15 38 0
e 15 26 0
e 16 18 0
e 16 26 0
e 16 30 0
e 16 35 0
e 17 39 0
e 18 21 0
e 18 35 0
e 18 30 0
e 18 38 0
e 18 39 0
e 18 26 0
e 18 27 0
e 18 34 0
e 19 24 0
e 19 33 0
e 19 37 0
e 19 29 0
e 19 31 0
e 19 27 0
e 19 32 0
e 19 34 0
e 20 21 0
e 21 26 0
e 21 30 0
e 21 34 0
e 21 35 0
e 22 37 0
e 22 29 0
e 22 31 0
e 22 24 0
e 22 27 0
e 22 32 0
e 22 33 0
e 22 39 0
e 23 25 0
e 23 32 0
e 24 37 0
e 24 27 0
e 24 32 0
e 24 33 0
e 24 39 0
e 25 32 0
e 26 39 0
e 26 27 0
e 26 35 0
e 27 33 0
e 27 38 0
e 27 37 0
e 27 29 0
e 27 31 0
e 27 28 0
e 27 30 0
e 27 32 0
e 28 36 0
e 29 32 0
e 29 37 0
e 29 39 0
e 30 38 0
e 31 32 0
e 31 33 0
e 31 37 0
e 31 39 0
e 32 39 0
e 32 37 0
e 33 37 0
e 34 35 0
e 34 38 0
e 35 39 0
e 37 39 0
e 38 39 0
