t 24 47
v 0 17 4
v 1 17 4
v 2 18 5
v 3 17 2
v 4 14 2
v 5 1 2
v 6 18 4
v 7 9 5
v 8 22 2
v 9 25 9
v 10 18 5
v 11 33 4
v 12 9 7
v 13 25 4
v 14 9 2
v 15 9 7
v 16 9 2
v 17 18 5
v 18 11 3
v 19 9 9
v 20 33 2
v 21 9 2
v 22 14 2
v 23 15 1
e 0 2 0
e 0 3 0
e 0 6 0
e 0 11 0
e 1 2 0
e 1 3 0
e 1 6 0
e 1 11 0
e 2 11 0
e 2 18 0
e 2 6 0
e 4 23 0
e 4 22 0
e 5 17 0
e 5 18 0
e 6 18 0
e 7 19 0
e 7 10 0
e 7 9 0
e 7 12 0
e 7 15 0
e 8 9 0
e 8 19 0
e 9 12 0
e 9 15 0
e 9 13 0
e 9 19 0
e 9 17 0
e 9 10 0
e 9 14 0
e 10 12 0
e 10 15 0
e 10 19 0
e 11 20 0
e 12 15 0
e 12 13 0
e 12 19 0
e 12 17 0
e 13 15 0
e 13 19 0
e 14 19 0
e 15 19 0
e 15 17 0
e 16 21 0
e 16 22 0
e 17 19 0
e 20 21 0
