t 40 60
v 0 11 2
v 1 9 2
v 2 24 2
v 3 24 5
v 4 23 4
v 5 11 2
v 6 24 3
v 7 11 2
v 8 24 3
v 9 13 2
v 10 12 2
v 11 33 3
v 12 30 2
v 13 13 3
v 14 24 4
v 15 13 2
v 16 9 4
v 17 7 6
v 18 7 4
v 19 24 5
v 20 7 3
v 21 24 1
v 22 7 2
v 23 12 2
v 24 7 3
v 25 18 4
v 26 9 3
v 27 7 4
v 28 9 5
v 29 13 3
v 30 33 3
v 31 11 2
v 32 7 3
v 33 9 2
v 34 16 4
v 35 13 4
v 36 11 3
v 37 2 2
v 38 11 2
v 39 2 3
e 0 36 0
e 0 6 0
e 1 7 0
e 1 14 0
e 2 21 0
e 2 14 0
e 3 8 0
e 3 4 0
e 3 14 0
e 3 19 0
e 3 25 0
e 4 8 0
e 4 19 0
e 4 25 0
e 5 12 0
e 5 31 0
e 6 7 0
e 6 39 0
e 8 19 0
e 9 10 0
e 9 12 0
e 10 29 0
e 11 23 0
e 11 26 0
e 11 28 0
e 13 15 0
e 13 29 0
e 13 35 0
e 14 19 0
e 15 29 0
e 16 28 0
e 16 35 0
e 16 18 0
e 16 34 0
e 17 32 0
e 17 35 0
e 17 24 0
e 17 20 0
e 17 22 0
e 17 27 0
e 18 35 0
e 18 34 0
e 18 32 0
e 19 25 0
e 20 24 0
e 20 27 0
e 22 27 0
e 23 30 0
e 24 27 0
e 25 31 0
e 26 30 0
e 26 28 0
e 28 30 0
e 28 33 0
e 32 34 0
e 33 34 0
e 36 37 0
e 36 39 0
e 37 38 0
e 38 39 0
