t 24 50
v 0 9 5
v 1 9 3
v 2 5 8
v 3 33 4
v 4 24 10
v 5 5 6
v 6 9 5
v 7 5 5
v 8 3 6
v 9 5 3
v 10 12 2
v 11 11 2
v 12 24 2
v 13 3 5
v 14 5 4
v 15 9 4
v 16 33 5
v 17 3 6
v 18 11 2
v 19 33 4
v 20 33 4
v 21 11 3
v 22 11 1
v 23 31 1
e 0 20 0
e 0 3 0
e 0 1 0
e 0 19 0
e 0 6 0
e 1 6 0
e 1 15 0
e 2 7 0
e 2 8 0
e 2 13 0
e 2 14 0
e 2 5 0
e 2 4 0
e 2 17 0
e 2 9 0
e 3 6 0
e 3 15 0
e 3 16 0
e 4 7 0
e 4 8 0
e 4 13 0
e 4 5 0
e 4 17 0
e 4 12 0
e 4 11 0
e 4 9 0
e 4 14 0
e 5 8 0
e 5 7 0
e 5 13 0
e 5 17 0
e 6 20 0
e 6 19 0
e 7 8 0
e 7 17 0
e 8 13 0
e 8 17 0
e 9 14 0
e 10 21 0
e 10 16 0
e 11 16 0
e 12 14 0
e 13 17 0
e 15 19 0
e 15 20 0
e 16 20 0
e 16 19 0
e 18 23 0
e 18 21 0
e 21 22 0
