t 32 40
v 0 13 3
v 1 9 2
v 2 30 2
v 3 11 2
v 4 37 2
v 5 2 3
v 6 32 4
v 7 41 3
v 8 9 3
v 9 11 2
v 10 30 3
v 11 9 2
v 12 11 1
v 13 3 3
v 14 11 2
v 15 32 3
v 16 13 3
v 17 32 3
v 18 2 4
v 19 13 2
v 20 24 2
v 21 11 3
v 22 5 2
v 23 24 4
v 24 11 2
v 25 11 1
v 26 12 4
v 27 1 3
v 28 18 2
v 29 11 2
v 30 13 2
v 31 7 1
e 0 19 0
e 0 16 0
e 0 1 0
e 1 4 0
e 2 7 0
e 2 10 0
e 3 5 0
e 3 18 0
e 4 7 0
e 5 13 0
e 5 18 0
e 6 8 0
e 6 15 0
e 6 17 0
e 6 18 0
e 7 10 0
e 8 17 0
e 8 15 0
e 9 27 0
e 9 29 0
e 10 11 0
e 11 12 0
e 13 23 0
e 13 21 0
e 14 29 0
e 14 30 0
e 15 17 0
e 16 19 0
e 16 20 0
e 18 23 0
e 20 21 0
e 21 22 0
e 22 23 0
e 23 24 0
e 24 26 0
e 25 26 0
e 26 28 0
e 26 27 0
e 27 28 0
e 30 31 0
