t 24 30
v 0 17 2
v 1 18 3
v 2 11 2
v 3 12 2
v 4 13 2
v 5 1 2
v 6 13 4
v 7 7 2
v 8 3 2
v 9 0 2
v 10 23 2
v 11 18 3
v 12 30 2
v 13 7 1
v 14 12 2
v 15 7 5
v 16 7 3
v 17 0 2
v 18 0 1
v 19 2 4
v 20 11 4
v 21 11 2
v 22 2 4
v 23 11 2
e 0 1 0
e 0 11 0
e 1 10 0
e 1 11 0
e 2 14 0
e 2 3 0
e 3 4 0
e 4 6 0
e 5 11 0
e 5 14 0
e 6 9 0
e 6 15 0
e 6 17 0
e 7 15 0
e 7 16 0
e 8 12 0
e 8 20 0
e 9 15 0
e 10 12 0
e 13 16 0
e 15 17 0
e 15 16 0
e 18 20 0
e 19 20 0
e 19 23 0
e 19 21 0
e 19 22 0
e 20 22 0
e 21 22 0
e 22 23 0
