t 40 150
v 0 13 8
v 1 9 7
v 2 18 14
v 3 18 13
v 4 18 11
v 5 14 7
v 6 9 7
v 7 12 3
v 8 9 5
v 9 9 3
v 10 18 11
v 11 33 3
v 12 18 14
v 13 27 15
v 14 33 3
v 15 18 12
v 16 18 14
v 17 13 9
v 18 13 3
v 19 9 8
v 20 27 4
v 21 13 4
v 22 9 6
v 23 18 16
v 24 7 1
v 25 33 3
v 26 9 5
v 27 13 1
v 28 18 13
v 29 15 5
v 30 18 15
v 31 9 6
v 32 27 4
v 33 18 10
v 34 13 2
v 35 18 12
v 36 9 2
v 37 18 10
v 38 13 5
v 39 13 6
e 0 27 0
e 0 17 0
e 0 2 0
e 0 10 0
e 0 12 0
e 0 28 0
e 0 30 0
e 0 35 0
e 1 26 0
e 1 25 0
e 1 6 0
e 1 32 0
e 1 20 0
e 1 8 0
e 1 14 0
e 2 22 0
e 2 23 0
e 2 29 0
e 2 19 0
e 2 28 0
e 2 17 0
e 2 30 0
e 2 16 0
e 2 12 0
e 2 15 0
e 2 37 0
e 2 4 0
e 2 35 0
e 3 38 0
e 3 39 0
e 3 19 0
e 3 28 0
e 3 16 0
e 3 13 0
e 3 4 0
e 3 10 0
e 3 12 0
e 3 15 0
e 3 23 0
e 3 30 0
e 3 35 0
e 4 23 0
e 4 5 0
e 4 28 0
e 4 30 0
e 4 17 0
e 4 10 0
e 4 12 0
e 4 13 0
e 4 35 0
e 5 18 0
e 5 16 0
e 5 10 0
e 5 12 0
e 5 33 0
e 5 35 0
e 6 11 0
e 6 25 0
e 6 14 0
e 6 20 0
e 6 8 0
e 6 26 0
e 7 11 0
e 7 25 0
e 7 32 0
e 8 32 0
e 8 14 0
e 8 9 0
e 9 26 0
e 9 36 0
e 10 22 0
e 10 23 0
e 10 17 0
e 10 16 0
e 10 12 0
e 10 37 0
e 10 35 0
e 11 26 0
e 12 22 0
e 12 23 0
e 12 28 0
e 12 19 0
e 12 31 0
e 12 37 0
e 12 30 0
e 12 33 0
e 13 34 0
e 13 38 0
e 13 21 0
e 13 39 0
e 13 16 0
e 13 32 0
e 13 20 0
e 13 15 0
e 13 19 0
e 13 28 0
e 13 30 0
e 13 33 0
e 13 35 0
e 15 22 0
e 15 23 0
e 15 28 0
e 15 17 0
e 15 16 0
e 15 31 0
e 15 30 0
e 15 33 0
e 15 35 0
e 16 17 0
e 16 19 0
e 16 23 0
e 16 28 0
e 16 29 0
e 16 30 0
e 16 31 0
e 16 33 0
e 17 30 0
e 17 33 0
e 17 35 0
e 18 21 0
e 18 39 0
e 19 30 0
e 19 33 0
e 19 37 0
e 20 26 0
e 21 37 0
e 21 38 0
e 22 23 0
e 22 31 0
e 23 38 0
e 23 39 0
e 23 28 0
e 23 31 0
e 23 30 0
e 23 33 0
e 23 35 0
e 23 37 0
e 24 36 0
e 28 31 0
e 28 30 0
e 28 35 0
e 28 37 0
e 29 30 0
e 29 33 0
e 29 35 0
e 30 37 0
e 30 33 0
e 34 39 0
e 37 38 0
e 37 39 0
