t 40 95
v 0 7 3
v 1 16 3
v 2 18 2
v 3 15 6
v 4 12 5
v 5 12 7
v 6 12 9
v 7 0 1
v 8 12 6
v 9 15 2
v 10 9 8
v 11 14 9
v 12 14 5
v 13 16 2
v 14 9 3
v 15 14 3
v 16 16 3
v 17 18 4
v 18 18 4
v 19 14 5
v 20 16 3
v 21 12 8
v 22 15 4
v 23 30 3
v 24 18 5
v 25 15 5
v 26 18 2
v 27 12 6
v 28 12 6
v 29 18 6
v 30 14 8
v 31 12 9
v 32 14 6
v 33 30 3
v 34 16 3
v 35 18 2
v 36 11 2
v 37 14 5
v 38 12 8
v 39 12 6
e 0 22 0
e 0 28 0
e 0 25 0
e 1 13 0
e 1 20 0
e 1 16 0
e 2 18 0
e 2 35 0
e 3 6 0
e 3 25 0
e 3 8 0
e 3 5 0
e 3 22 0
e 3 4 0
e 4 6 0
e 4 21 0
e 4 31 0
e 4 38 0
e 5 31 0
e 5 9 0
e 5 21 0
e 5 6 0
e 5 8 0
e 5 38 0
e 6 31 0
e 6 25 0
e 6 8 0
e 6 22 0
e 6 21 0
e 6 38 0
e 7 31 0
e 8 31 0
e 8 9 0
e 8 21 0
e 10 14 0
e 10 37 0
e 10 11 0
e 10 27 0
e 10 28 0
e 10 30 0
e 10 32 0
e 10 39 0
e 11 15 0
e 11 19 0
e 11 12 0
e 11 37 0
e 11 30 0
e 11 29 0
e 11 32 0
e 11 24 0
e 12 15 0
e 12 19 0
e 12 30 0
e 12 32 0
e 13 20 0
e 14 27 0
e 14 39 0
e 15 19 0
e 16 17 0
e 16 20 0
e 17 33 0
e 17 23 0
e 17 18 0
e 18 23 0
e 18 33 0
e 19 30 0
e 19 32 0
e 21 27 0
e 21 31 0
e 21 38 0
e 21 39 0
e 22 25 0
e 23 33 0
e 24 28 0
e 24 29 0
e 24 30 0
e 24 37 0
e 25 28 0
e 26 35 0
e 26 36 0
e 27 34 0
e 27 31 0
e 27 38 0
e 28 36 0
e 28 29 0
e 29 30 0
e 29 32 0
e 29 37 0
e 30 37 0
e 30 32 0
e 31 38 0
e 31 39 0
e 34 38 0
e 34 39 0
e 38 39 0
