t 24 39
v 0 9 2
v 1 26 6
v 2 19 2
v 3 24 5
v 4 3 3
v 5 9 9
v 6 28 3
v 7 5 3
v 8 23 2
v 9 28 3
v 10 24 2
v 11 24 2
v 12 5 2
v 13 28 3
v 14 24 5
v 15 27 4
v 16 5 4
v 17 5 3
v 18 5 6
v 19 3 2
v 20 9 2
v 21 22 1
v 22 5 2
v 23 15 2
e 0 19 0
e 0 15 0
e 1 13 0
e 1 6 0
e 1 7 0
e 1 9 0
e 1 5 0
e 1 18 0
e 2 5 0
e 2 17 0
e 3 10 0
e 3 5 0
e 3 14 0
e 3 16 0
e 3 18 0
e 4 17 0
e 4 5 0
e 4 15 0
e 5 16 0
e 5 18 0
e 5 7 0
e 5 17 0
e 5 14 0
e 6 9 0
e 6 13 0
e 7 18 0
e 8 21 0
e 8 23 0
e 9 13 0
e 10 14 0
e 11 20 0
e 11 12 0
e 12 22 0
e 14 16 0
e 14 18 0
e 15 19 0
e 15 20 0
e 16 18 0
e 22 23 0
