t 40 226
v 0 33 2
v 1 5 13
v 2 3 14
v 3 5 16
v 4 5 16
v 5 5 5
v 6 5 14
v 7 5 12
v 8 3 17
v 9 3 13
v 10 9 23
v 11 5 13
v 12 5 13
v 13 5 12
v 14 3 9
v 15 5 13
v 16 22 15
v 17 33 2
v 18 9 17
v 19 5 11
v 20 5 8
v 21 5 10
v 22 5 15
v 23 5 11
v 24 5 16
v 25 9 25
v 26 5 10
v 27 5 11
v 28 2 22
v 29 5 13
v 30 22 11
v 31 5 5
v 32 5 10
v 33 33 19
v 34 9 1
v 35 5 1
v 36 5 6
v 37 33 3
v 38 9 2
v 39 9 3
e 0 17 0
e 0 33 0
e 1 22 0
e 1 4 0
e 1 9 0
e 1 6 0
e 1 7 0
e 1 8 0
e 1 11 0
e 1 13 0
e 1 15 0
e 1 18 0
e 1 25 0
e 1 27 0
e 1 33 0
e 2 3 0
e 2 6 0
e 2 22 0
e 2 11 0
e 2 7 0
e 2 4 0
e 2 9 0
e 2 15 0
e 2 13 0
e 2 10 0
e 2 18 0
e 2 25 0
e 2 28 0
e 2 29 0
e 3 22 0
e 3 4 0
e 3 9 0
e 3 6 0
e 3 7 0
e 3 8 0
e 3 10 0
e 3 11 0
e 3 13 0
e 3 15 0
e 3 18 0
e 3 25 0
e 3 27 0
e 3 29 0
e 3 33 0
e 4 9 0
e 4 6 0
e 4 8 0
e 4 10 0
e 4 11 0
e 4 13 0
e 4 15 0
e 4 18 0
e 4 22 0
e 4 25 0
e 4 28 0
e 4 29 0
e 4 33 0
e 5 8 0
e 5 24 0
e 5 29 0
e 5 31 0
e 5 36 0
e 6 11 0
e 6 33 0
e 6 9 0
e 6 15 0
e 6 8 0
e 6 10 0
e 6 18 0
e 6 25 0
e 6 28 0
e 6 29 0
e 7 22 0
e 7 33 0
e 7 9 0
e 7 8 0
e 7 13 0
e 7 15 0
e 7 18 0
e 7 25 0
e 7 27 0
e 8 16 0
e 8 35 0
e 8 24 0
e 8 22 0
e 8 36 0
e 8 25 0
e 8 33 0
e 8 10 0
e 8 9 0
e 8 15 0
e 8 28 0
e 9 10 0
e 9 11 0
e 9 22 0
e 9 25 0
e 9 28 0
e 9 33 0
e 10 32 0
e 10 20 0
e 10 30 0
e 10 13 0
e 10 15 0
e 10 27 0
e 10 19 0
e 10 11 0
e 10 33 0
e 10 14 0
e 10 18 0
e 10 12 0
e 10 16 0
e 10 24 0
e 10 25 0
e 10 28 0
e 10 29 0
e 11 22 0
e 11 33 0
e 11 13 0
e 11 25 0
e 11 28 0
e 11 29 0
e 12 23 0
e 12 26 0
e 12 32 0
e 12 20 0
e 12 19 0
e 12 30 0
e 12 16 0
e 12 18 0
e 12 21 0
e 12 24 0
e 12 25 0
e 12 28 0
e 13 27 0
e 13 22 0
e 13 33 0
e 13 18 0
e 13 28 0
e 14 23 0
e 14 26 0
e 14 21 0
e 14 30 0
e 14 16 0
e 14 24 0
e 14 25 0
e 14 28 0
e 15 27 0
e 15 22 0
e 15 33 0
e 15 25 0
e 15 28 0
e 16 23 0
e 16 24 0
e 16 32 0
e 16 19 0
e 16 21 0
e 16 25 0
e 16 30 0
e 16 18 0
e 16 28 0
e 16 31 0
e 16 36 0
e 17 33 0
e 18 23 0
e 18 27 0
e 18 30 0
e 18 33 0
e 18 21 0
e 18 24 0
e 18 29 0
e 19 20 0
e 19 23 0
e 19 24 0
e 19 25 0
e 19 26 0
e 19 28 0
e 19 30 0
e 19 32 0
e 20 26 0
e 20 21 0
e 20 24 0
e 20 25 0
e 20 28 0
e 21 23 0
e 21 26 0
e 21 30 0
e 21 24 0
e 21 25 0
e 22 25 0
e 22 27 0
e 22 28 0
e 22 29 0
e 22 33 0
e 23 26 0
e 23 25 0
e 23 28 0
e 23 30 0
e 23 32 0
e 24 26 0
e 24 32 0
e 24 25 0
e 24 30 0
e 24 31 0
e 24 36 0
e 25 32 0
e 25 30 0
e 25 26 0
e 25 33 0
e 25 28 0
e 26 28 0
e 26 32 0
e 27 33 0
e 27 28 0
e 27 29 0
e 28 32 0
e 28 33 0
e 28 29 0
e 29 31 0
e 29 36 0
e 30 32 0
e 31 36 0
e 33 37 0
e 34 39 0
e 37 38 0
e 37 39 0
e 38 39 0
