t 24 44
v 0 13 4
v 1 13 2
v 2 24 2
v 3 13 4
v 4 13 6
v 5 15 5
v 6 15 5
v 7 15 5
v 8 15 3
v 9 18 2
v 10 16 3
v 11 24 3
v 12 12 8
v 13 13 3
v 14 11 2
v 15 24 3
v 16 9 1
v 17 12 5
v 18 24 2
v 19 12 6
v 20 12 3
v 21 15 5
v 22 17 3
v 23 12 3
e 0 1 0
e 0 3 0
e 0 13 0
e 0 8 0
e 1 3 0
e 2 11 0
e 2 18 0
e 3 13 0
e 3 8 0
e 4 6 0
e 4 7 0
e 4 21 0
e 4 12 0
e 4 5 0
e 4 13 0
e 5 6 0
e 5 7 0
e 5 21 0
e 5 12 0
e 6 7 0
e 6 21 0
e 6 12 0
e 7 21 0
e 7 12 0
e 8 14 0
e 9 15 0
e 9 14 0
e 10 12 0
e 10 17 0
e 10 19 0
e 11 15 0
e 11 16 0
e 12 22 0
e 12 21 0
e 12 19 0
e 15 18 0
e 17 23 0
e 17 20 0
e 17 19 0
e 17 22 0
e 19 23 0
e 19 20 0
e 19 22 0
e 20 23 0
