t 24 84
v 0 11 12
v 1 5 8
v 2 5 9
v 3 11 8
v 4 5 11
v 5 5 9
v 6 5 10
v 7 5 11
v 8 5 11
v 9 28 4
v 10 3 8
v 11 28 5
v 12 26 14
v 13 5 2
v 14 28 4
v 15 28 5
v 16 28 5
v 17 19 3
v 18 5 2
v 19 5 3
v 20 5 15
v 21 5 2
v 22 5 2
v 23 5 5
e 0 5 0
e 0 4 0
e 0 6 0
e 0 10 0
e 0 17 0
e 0 3 0
e 0 12 0
e 0 7 0
e 0 8 0
e 0 1 0
e 0 2 0
e 0 23 0
e 1 2 0
e 1 4 0
e 1 5 0
e 1 6 0
e 1 7 0
e 1 8 0
e 1 20 0
e 2 6 0
e 2 8 0
e 2 3 0
e 2 4 0
e 2 5 0
e 2 7 0
e 2 10 0
e 3 4 0
e 3 6 0
e 3 12 0
e 3 7 0
e 3 8 0
e 3 20 0
e 4 6 0
e 4 7 0
e 4 8 0
e 4 5 0
e 4 10 0
e 4 12 0
e 4 20 0
e 5 10 0
e 5 7 0
e 5 8 0
e 5 12 0
e 5 20 0
e 6 8 0
e 6 7 0
e 6 10 0
e 6 12 0
e 6 20 0
e 7 8 0
e 7 10 0
e 7 12 0
e 7 20 0
e 8 10 0
e 8 12 0
e 8 20 0
e 9 11 0
e 9 12 0
e 9 15 0
e 9 16 0
e 10 12 0
e 11 15 0
e 11 12 0
e 11 14 0
e 11 16 0
e 12 15 0
e 12 16 0
e 12 14 0
e 12 20 0
e 13 20 0
e 13 23 0
e 14 16 0
e 14 15 0
e 15 16 0
e 17 19 0
e 17 20 0
e 18 19 0
e 18 20 0
e 19 20 0
e 20 22 0
e 20 21 0
e 20 23 0
e 21 23 0
e 22 23 0
