t 32 102
v 0 15 5
v 1 15 12
v 2 12 4
v 3 12 9
v 4 15 1
v 5 16 2
v 6 15 8
v 7 15 4
v 8 12 14
v 9 16 6
v 10 15 11
v 11 15 8
v 12 12 2
v 13 16 4
v 14 15 8
v 15 9 5
v 16 12 5
v 17 15 9
v 18 16 5
v 19 16 8
v 20 15 8
v 21 15 2
v 22 15 7
v 23 15 6
v 24 12 6
v 25 15 5
v 26 12 16
v 27 0 1
v 28 15 4
v 29 15 3
v 30 12 8
v 31 12 8
e 0 1 0
e 0 11 0
e 0 6 0
e 0 17 0
e 0 23 0
e 1 11 0
e 1 10 0
e 1 6 0
e 1 17 0
e 1 3 0
e 1 8 0
e 1 14 0
e 1 19 0
e 1 22 0
e 1 25 0
e 1 26 0
e 2 31 0
e 2 21 0
e 2 16 0
e 2 24 0
e 3 18 0
e 3 11 0
e 3 10 0
e 3 6 0
e 3 17 0
e 3 31 0
e 3 26 0
e 3 22 0
e 4 26 0
e 5 7 0
e 5 8 0
e 6 23 0
e 6 8 0
e 6 10 0
e 6 20 0
e 6 26 0
e 7 31 0
e 7 27 0
e 7 24 0
e 8 11 0
e 8 20 0
e 8 10 0
e 8 17 0
e 8 15 0
e 8 31 0
e 8 28 0
e 8 16 0
e 8 29 0
e 8 30 0
e 8 14 0
e 9 18 0
e 9 13 0
e 9 19 0
e 9 24 0
e 9 26 0
e 9 30 0
e 10 17 0
e 10 23 0
e 10 11 0
e 10 14 0
e 10 20 0
e 10 22 0
e 10 26 0
e 11 20 0
e 11 22 0
e 11 25 0
e 12 31 0
e 12 21 0
e 13 16 0
e 13 24 0
e 13 26 0
e 14 20 0
e 14 17 0
e 14 22 0
e 14 25 0
e 14 26 0
e 15 29 0
e 15 26 0
e 15 28 0
e 15 30 0
e 16 18 0
e 16 31 0
e 17 19 0
e 17 22 0
e 17 26 0
e 18 19 0
e 18 30 0
e 19 20 0
e 19 23 0
e 19 30 0
e 19 24 0
e 20 23 0
e 20 25 0
e 22 26 0
e 23 26 0
e 24 30 0
e 25 26 0
e 26 31 0
e 26 28 0
e 26 30 0
e 28 29 0
e 30 31 0
