t 24 42
v 0 0 5
v 1 7 3
v 2 0 5
v 3 0 5
v 4 0 6
v 5 11 2
v 6 18 2
v 7 2 2
v 8 13 7
v 9 0 5
v 10 0 5
v 11 0 1
v 12 12 4
v 13 7 3
v 14 11 2
v 15 33 2
v 16 9 4
v 17 33 2
v 18 11 2
v 19 33 3
v 20 0 5
v 21 7 4
v 22 33 2
v 23 7 3
e 0 9 0
e 0 20 0
e 0 4 0
e 0 3 0
e 0 10 0
e 1 23 0
e 1 21 0
e 1 13 0
e 2 4 0
e 2 3 0
e 2 8 0
e 2 10 0
e 2 20 0
e 3 4 0
e 3 10 0
e 3 20 0
e 4 8 0
e 4 9 0
e 4 20 0
e 5 18 0
e 5 8 0
e 6 18 0
e 6 14 0
e 7 21 0
e 7 14 0
e 8 19 0
e 8 9 0
e 8 10 0
e 8 20 0
e 9 11 0
e 9 10 0
e 12 15 0
e 12 17 0
e 12 19 0
e 12 22 0
e 13 21 0
e 13 23 0
e 15 16 0
e 16 17 0
e 16 19 0
e 16 22 0
e 21 23 0
