t 32 39
v 0 7 2
v 1 23 3
v 2 15 3
v 3 2 4
v 4 29 3
v 5 11 2
v 6 11 3
v 7 7 2
v 8 4 2
v 9 16 2
v 10 23 2
v 11 12 2
v 12 3 2
v 13 7 2
v 14 8 1
v 15 16 3
v 16 13 3
v 17 16 2
v 18 16 2
v 19 0 2
v 20 5 2
v 21 7 3
v 22 11 2
v 23 11 3
v 24 9 2
v 25 24 5
v 26 9 2
v 27 9 3
v 28 11 3
v 29 2 2
v 30 2 3
v 31 18 1
e 0 16 0
e 0 21 0
e 1 4 0
e 1 6 0
e 1 25 0
e 2 7 0
e 2 11 0
e 2 16 0
e 3 22 0
e 3 23 0
e 3 27 0
e 3 28 0
e 4 14 0
e 4 25 0
e 5 19 0
e 5 23 0
e 6 8 0
e 6 25 0
e 7 11 0
e 8 20 0
e 9 17 0
e 9 15 0
e 10 29 0
e 10 30 0
e 12 18 0
e 12 20 0
e 13 24 0
e 13 21 0
e 15 17 0
e 15 18 0
e 16 21 0
e 19 25 0
e 22 23 0
e 24 26 0
e 25 31 0
e 26 27 0
e 27 30 0
e 28 29 0
e 28 30 0
