t 40 64
v 0 12 2
v 1 13 2
v 2 13 2
v 3 12 4
v 4 9 4
v 5 9 6
v 6 9 4
v 7 18 2
v 8 11 2
v 9 33 4
v 10 9 4
v 11 9 8
v 12 7 2
v 13 7 3
v 14 9 2
v 15 17 2
v 16 9 4
v 17 15 6
v 18 9 2
v 19 9 4
v 20 9 3
v 21 9 5
v 22 33 3
v 23 9 5
v 24 9 3
v 25 33 5
v 26 7 3
v 27 17 3
v 28 9 2
v 29 33 6
v 30 12 4
v 31 11 1
v 32 9 1
v 33 9 3
v 34 9 3
v 35 9 2
v 36 11 2
v 37 12 2
v 38 11 2
v 39 5 1
e 0 36 0
e 0 1 0
e 1 2 0
e 2 29 0
e 3 9 0
e 3 17 0
e 3 22 0
e 3 25 0
e 4 6 0
e 4 17 0
e 4 5 0
e 4 11 0
e 5 25 0
e 5 17 0
e 5 6 0
e 5 11 0
e 5 20 0
e 6 17 0
e 6 11 0
e 7 8 0
e 7 32 0
e 8 29 0
e 9 30 0
e 9 11 0
e 9 29 0
e 10 21 0
e 10 16 0
e 10 23 0
e 10 34 0
e 11 26 0
e 11 25 0
e 11 20 0
e 11 13 0
e 12 26 0
e 12 13 0
e 13 26 0
e 14 21 0
e 14 16 0
e 15 31 0
e 15 27 0
e 16 24 0
e 16 23 0
e 17 30 0
e 17 20 0
e 18 35 0
e 18 27 0
e 19 21 0
e 19 23 0
e 19 24 0
e 19 34 0
e 21 23 0
e 21 33 0
e 22 30 0
e 22 29 0
e 23 33 0
e 24 34 0
e 25 30 0
e 25 29 0
e 27 29 0
e 28 35 0
e 28 33 0
e 36 37 0
e 37 38 0
e 38 39 0
