t 32 54
v 0 2 4
v 1 2 4
v 2 2 4
v 3 11 4
v 4 2 6
v 5 4 2
v 6 2 4
v 7 5 3
v 8 2 4
v 9 9 2
v 10 11 4
v 11 7 2
v 12 32 1
v 13 11 4
v 14 9 1
v 15 32 3
v 16 7 2
v 17 2 7
v 18 32 1
v 19 11 3
v 20 7 6
v 21 9 1
v 22 9 2
v 23 9 3
v 24 13 7
v 25 9 7
v 26 9 2
v 27 15 1
v 28 7 4
v 29 7 4
v 30 16 4
v 31 15 2
e 0 4 0
e 0 13 0
e 0 19 0
e 0 17 0
e 1 4 0
e 1 19 0
e 1 13 0
e 1 3 0
e 2 8 0
e 2 4 0
e 2 10 0
e 2 3 0
e 3 8 0
e 3 17 0
e 4 6 0
e 4 8 0
e 4 13 0
e 5 15 0
e 5 17 0
e 6 10 0
e 6 19 0
e 6 17 0
e 7 14 0
e 7 13 0
e 7 20 0
e 8 10 0
e 9 23 0
e 9 21 0
e 10 17 0
e 11 24 0
e 11 29 0
e 12 17 0
e 15 18 0
e 15 17 0
e 16 30 0
e 16 24 0
e 20 28 0
e 20 29 0
e 20 25 0
e 20 30 0
e 20 24 0
e 22 25 0
e 22 23 0
e 23 25 0
e 24 28 0
e 24 25 0
e 24 31 0
e 24 30 0
e 25 28 0
e 25 29 0
e 25 30 0
e 26 31 0
e 26 27 0
e 28 29 0
