t 32 66
v 0 23 1
v 1 14 2
v 2 18 1
v 3 12 5
v 4 15 3
v 5 12 4
v 6 12 5
v 7 16 2
v 8 12 5
v 9 12 6
v 10 9 8
v 11 12 4
v 12 14 4
v 13 12 6
v 14 15 4
v 15 17 4
v 16 12 7
v 17 12 3
v 18 15 4
v 19 12 9
v 20 12 4
v 21 15 3
v 22 12 5
v 23 12 5
v 24 14 1
v 25 9 7
v 26 15 4
v 27 15 3
v 28 12 2
v 29 16 3
v 30 16 5
v 31 15 3
e 0 12 0
e 1 10 0
e 1 25 0
e 2 6 0
e 3 17 0
e 3 11 0
e 3 9 0
e 3 13 0
e 3 16 0
e 4 18 0
e 4 14 0
e 4 27 0
e 5 13 0
e 5 16 0
e 5 17 0
e 5 19 0
e 6 9 0
e 6 13 0
e 6 16 0
e 6 25 0
e 7 29 0
e 7 30 0
e 8 9 0
e 8 16 0
e 8 19 0
e 8 20 0
e 8 23 0
e 9 19 0
e 9 23 0
e 9 17 0
e 10 26 0
e 10 18 0
e 10 21 0
e 10 25 0
e 10 12 0
e 10 15 0
e 10 30 0
e 11 16 0
e 11 19 0
e 11 22 0
e 12 24 0
e 12 25 0
e 13 19 0
e 13 22 0
e 13 23 0
e 14 27 0
e 14 18 0
e 14 31 0
e 15 21 0
e 15 28 0
e 15 30 0
e 16 19 0
e 16 22 0
e 18 26 0
e 19 22 0
e 19 23 0
e 19 20 0
e 20 23 0
e 20 22 0
e 21 25 0
e 25 26 0
e 25 31 0
e 26 27 0
e 28 29 0
e 29 30 0
e 30 31 0
