t 32 84
v 0 15 1
v 1 12 2
v 2 7 5
v 3 15 5
v 4 12 9
v 5 12 2
v 6 12 8
v 7 12 2
v 8 0 4
v 9 30 3
v 10 15 5
v 11 15 2
v 12 0 3
v 13 0 4
v 14 15 9
v 15 1 2
v 16 12 9
v 17 15 3
v 18 0 6
v 19 0 4
v 20 15 6
v 21 15 8
v 22 16 10
v 23 15 4
v 24 15 6
v 25 15 10
v 26 15 3
v 27 15 3
v 28 15 4
v 29 15 12
v 30 15 11
v 31 15 3
e 0 16 0
e 1 5 0
e 1 7 0
e 2 18 0
e 2 7 0
e 2 9 0
e 2 13 0
e 2 19 0
e 3 21 0
e 3 23 0
e 3 4 0
e 3 6 0
e 3 22 0
e 4 29 0
e 4 30 0
e 4 5 0
e 4 24 0
e 4 23 0
e 4 20 0
e 4 16 0
e 4 22 0
e 6 29 0
e 6 21 0
e 6 30 0
e 6 11 0
e 6 14 0
e 6 23 0
e 6 24 0
e 8 12 0
e 8 13 0
e 8 15 0
e 8 19 0
e 9 18 0
e 9 12 0
e 10 27 0
e 10 17 0
e 10 28 0
e 10 25 0
e 10 29 0
e 11 16 0
e 12 18 0
e 13 18 0
e 13 19 0
e 14 21 0
e 14 30 0
e 14 31 0
e 14 16 0
e 14 20 0
e 14 22 0
e 14 25 0
e 14 29 0
e 15 18 0
e 16 29 0
e 16 21 0
e 16 22 0
e 16 24 0
e 16 25 0
e 17 28 0
e 17 27 0
e 18 19 0
e 20 21 0
e 20 30 0
e 20 22 0
e 20 25 0
e 21 30 0
e 21 22 0
e 21 25 0
e 22 29 0
e 22 30 0
e 22 25 0
e 22 31 0
e 23 30 0
e 24 25 0
e 24 29 0
e 24 30 0
e 25 29 0
e 25 30 0
e 25 26 0
e 26 28 0
e 26 29 0
e 27 29 0
e 28 29 0
e 29 30 0
e 30 31 0
