t 40 106
v 0 14 2
v 1 15 2
v 2 11 1
v 3 15 2
v 4 13 7
v 5 9 16
v 6 15 3
v 7 15 1
v 8 13 2
v 9 15 9
v 10 3 5
v 11 18 7
v 12 15 10
v 13 14 5
v 14 14 8
v 15 14 10
v 16 15 6
v 17 18 5
v 18 15 8
v 19 14 5
v 20 13 2
v 21 9 8
v 22 9 4
v 23 15 9
v 24 14 6
v 25 15 4
v 26 15 3
v 27 27 2
v 28 15 8
v 29 9 5
v 30 14 2
v 31 15 7
v 32 18 7
v 33 15 6
v 34 15 3
v 35 14 5
v 36 0 3
v 37 14 5
v 38 9 8
v 39 5 1
e 0 1 0
e 0 2 0
e 1 20 0
e 3 4 0
e 3 5 0
e 4 23 0
e 4 5 0
e 4 38 0
e 4 18 0
e 4 8 0
e 4 31 0
e 5 21 0
e 5 22 0
e 5 38 0
e 5 7 0
e 5 28 0
e 5 12 0
e 5 25 0
e 5 33 0
e 5 35 0
e 5 16 0
e 5 6 0
e 5 31 0
e 5 9 0
e 5 15 0
e 6 23 0
e 6 12 0
e 8 20 0
e 9 28 0
e 9 13 0
e 9 14 0
e 9 15 0
e 9 19 0
e 9 24 0
e 9 35 0
e 9 37 0
e 10 14 0
e 10 15 0
e 10 24 0
e 10 35 0
e 10 37 0
e 11 32 0
e 11 14 0
e 11 15 0
e 11 19 0
e 11 24 0
e 11 30 0
e 11 37 0
e 12 23 0
e 12 34 0
e 12 25 0
e 12 38 0
e 12 22 0
e 12 18 0
e 12 16 0
e 12 33 0
e 13 32 0
e 13 35 0
e 13 14 0
e 13 15 0
e 14 32 0
e 14 28 0
e 14 17 0
e 14 15 0
e 15 36 0
e 15 21 0
e 15 28 0
e 15 19 0
e 16 34 0
e 16 22 0
e 16 18 0
e 16 29 0
e 17 36 0
e 17 19 0
e 17 24 0
e 17 37 0
e 18 29 0
e 18 21 0
e 18 23 0
e 18 31 0
e 18 33 0
e 19 32 0
e 21 28 0
e 21 38 0
e 21 31 0
e 21 23 0
e 21 35 0
e 22 38 0
e 23 34 0
e 23 38 0
e 23 29 0
e 23 26 0
e 24 32 0
e 24 28 0
e 25 26 0
e 25 33 0
e 26 33 0
e 27 32 0
e 27 39 0
e 28 30 0
e 28 37 0
e 29 31 0
e 29 38 0
e 31 38 0
e 31 33 0
e 32 36 0
