t 24 50
v 0 18 8
v 1 18 7
v 2 11 7
v 3 30 5
v 4 18 3
v 5 30 2
v 6 30 5
v 7 36 2
v 8 33 2
v 9 30 2
v 10 18 12
v 11 18 1
v 12 9 1
v 13 11 5
v 14 11 5
v 15 30 3
v 16 18 3
v 17 11 3
v 18 11 10
v 19 11 5
v 20 16 1
v 21 11 1
v 22 11 5
v 23 33 2
e 0 13 0
e 0 22 0
e 0 10 0
e 0 1 0
e 0 2 0
e 0 14 0
e 0 18 0
e 0 19 0
e 1 13 0
e 1 2 0
e 1 10 0
e 1 14 0
e 1 18 0
e 1 19 0
e 2 13 0
e 2 7 0
e 2 10 0
e 2 14 0
e 2 18 0
e 3 6 0
e 3 5 0
e 3 15 0
e 3 9 0
e 3 18 0
e 4 7 0
e 4 6 0
e 4 10 0
e 5 6 0
e 6 10 0
e 6 18 0
e 8 12 0
e 8 23 0
e 9 15 0
e 10 13 0
e 10 22 0
e 10 14 0
e 10 16 0
e 10 17 0
e 10 18 0
e 10 19 0
e 11 16 0
e 13 18 0
e 14 19 0
e 15 18 0
e 16 17 0
e 17 18 0
e 18 22 0
e 19 20 0
e 21 22 0
e 22 23 0
