t 40 176
v 0 1 11
v 1 0 8
v 2 18 9
v 3 1 12
v 4 18 7
v 5 1 11
v 6 11 6
v 7 0 11
v 8 30 4
v 9 18 13
v 10 11 10
v 11 11 14
v 12 11 14
v 13 18 9
v 14 28 1
v 15 1 11
v 16 11 7
v 17 18 9
v 18 23 4
v 19 36 3
v 20 1 10
v 21 30 3
v 22 18 9
v 23 30 6
v 24 30 3
v 25 11 9
v 26 18 14
v 27 30 2
v 28 1 11
v 29 28 6
v 30 18 6
v 31 18 20
v 32 28 5
v 33 28 9
v 34 18 12
v 35 18 10
v 36 0 11
v 37 1 10
v 38 1 11
v 39 1 11
e 0 36 0
e 0 1 0
e 0 3 0
e 0 15 0
e 0 39 0
e 0 5 0
e 0 7 0
e 0 20 0
e 0 28 0
e 0 37 0
e 0 38 0
e 1 5 0
e 1 7 0
e 1 15 0
e 1 28 0
e 1 36 0
e 1 38 0
e 1 39 0
e 2 25 0
e 2 17 0
e 2 10 0
e 2 31 0
e 2 12 0
e 2 9 0
e 2 11 0
e 2 16 0
e 2 34 0
e 3 36 0
e 3 4 0
e 3 26 0
e 3 15 0
e 3 39 0
e 3 5 0
e 3 7 0
e 3 20 0
e 3 28 0
e 3 37 0
e 3 38 0
e 4 29 0
e 4 33 0
e 4 26 0
e 4 22 0
e 4 12 0
e 4 11 0
e 5 36 0
e 5 28 0
e 5 38 0
e 5 7 0
e 5 15 0
e 5 39 0
e 5 20 0
e 5 37 0
e 6 31 0
e 6 12 0
e 6 9 0
e 6 11 0
e 6 13 0
e 6 35 0
e 7 36 0
e 7 15 0
e 7 39 0
e 7 20 0
e 7 28 0
e 7 37 0
e 7 38 0
e 8 33 0
e 8 23 0
e 8 27 0
e 8 34 0
e 9 16 0
e 9 34 0
e 9 30 0
e 9 26 0
e 9 13 0
e 9 35 0
e 9 17 0
e 9 10 0
e 9 31 0
e 9 12 0
e 9 11 0
e 10 25 0
e 10 19 0
e 10 31 0
e 10 12 0
e 10 11 0
e 10 16 0
e 10 17 0
e 10 34 0
e 11 16 0
e 11 34 0
e 11 26 0
e 11 13 0
e 11 35 0
e 11 17 0
e 11 22 0
e 11 31 0
e 11 12 0
e 12 13 0
e 12 16 0
e 12 17 0
e 12 22 0
e 12 26 0
e 12 31 0
e 12 34 0
e 12 35 0
e 13 30 0
e 13 18 0
e 13 35 0
e 13 31 0
e 13 26 0
e 14 22 0
e 15 36 0
e 15 39 0
e 15 20 0
e 15 28 0
e 15 37 0
e 15 38 0
e 16 17 0
e 16 31 0
e 17 25 0
e 17 31 0
e 17 34 0
e 18 25 0
e 18 31 0
e 18 35 0
e 19 25 0
e 19 31 0
e 20 36 0
e 20 28 0
e 20 38 0
e 20 39 0
e 20 37 0
e 21 23 0
e 21 24 0
e 21 34 0
e 22 32 0
e 22 29 0
e 22 33 0
e 22 31 0
e 22 26 0
e 23 33 0
e 23 24 0
e 23 27 0
e 23 34 0
e 24 34 0
e 25 30 0
e 25 26 0
e 25 31 0
e 25 35 0
e 26 32 0
e 26 29 0
e 26 33 0
e 26 30 0
e 26 35 0
e 26 31 0
e 28 36 0
e 28 38 0
e 28 39 0
e 28 37 0
e 29 31 0
e 29 32 0
e 29 33 0
e 30 31 0
e 30 35 0
e 31 32 0
e 31 33 0
e 31 34 0
e 31 35 0
e 32 33 0
e 33 34 0
e 36 37 0
e 36 38 0
e 36 39 0
e 37 38 0
e 37 39 0
e 38 39 0
