t 32 100
v 0 11 8
v 1 5 9
v 2 23 2
v 3 3 6
v 4 3 12
v 5 28 2
v 6 5 4
v 7 5 10
v 8 5 11
v 9 28 5
v 10 26 12
v 11 5 8
v 12 28 3
v 13 24 1
v 14 5 6
v 15 5 9
v 16 3 9
v 17 36 1
v 18 28 6
v 19 5 11
v 20 28 4
v 21 5 9
v 22 28 2
v 23 28 3
v 24 24 4
v 25 5 6
v 26 24 4
v 27 5 7
v 28 5 7
v 29 5 4
v 30 11 2
v 31 9 13
e 0 15 0
e 0 31 0
e 0 25 0
e 0 8 0
e 0 19 0
e 0 6 0
e 0 1 0
e 0 4 0
e 1 14 0
e 1 25 0
e 1 7 0
e 1 21 0
e 1 27 0
e 1 4 0
e 1 10 0
e 1 31 0
e 2 5 0
e 2 31 0
e 3 11 0
e 3 21 0
e 3 19 0
e 3 4 0
e 3 16 0
e 3 31 0
e 4 16 0
e 4 14 0
e 4 10 0
e 4 8 0
e 4 11 0
e 4 28 0
e 4 21 0
e 4 19 0
e 4 6 0
e 5 30 0
e 6 11 0
e 6 15 0
e 7 15 0
e 7 14 0
e 7 8 0
e 7 11 0
e 7 28 0
e 7 19 0
e 7 27 0
e 7 10 0
e 7 16 0
e 8 11 0
e 8 14 0
e 8 15 0
e 8 16 0
e 8 19 0
e 8 21 0
e 8 25 0
e 8 27 0
e 9 10 0
e 9 12 0
e 9 18 0
e 9 20 0
e 9 23 0
e 10 20 0
e 10 18 0
e 10 15 0
e 10 25 0
e 10 21 0
e 10 19 0
e 10 27 0
e 10 31 0
e 11 16 0
e 11 19 0
e 11 31 0
e 12 22 0
e 12 18 0
e 13 24 0
e 14 27 0
e 14 28 0
e 15 27 0
e 15 16 0
e 15 19 0
e 15 31 0
e 16 24 0
e 16 29 0
e 16 26 0
e 17 31 0
e 18 20 0
e 18 22 0
e 18 23 0
e 19 25 0
e 19 21 0
e 19 28 0
e 20 23 0
e 21 27 0
e 21 28 0
e 21 31 0
e 24 29 0
e 24 31 0
e 25 28 0
e 26 29 0
e 26 30 0
e 26 31 0
e 28 31 0
e 29 31 0
