t 32 71
v 0 11 7
v 1 11 6
v 2 11 4
v 3 7 3
v 4 11 2
v 5 18 13
v 6 9 3
v 7 11 3
v 8 11 9
v 9 9 2
v 10 33 4
v 11 7 1
v 12 11 2
v 13 30 2
v 14 7 5
v 15 9 5
v 16 18 7
v 17 18 8
v 18 11 4
v 19 36 3
v 20 11 10
v 21 33 3
v 22 30 2
v 23 33 3
v 24 33 4
v 25 7 2
v 26 30 2
v 27 28 3
v 28 11 2
v 29 9 7
v 30 30 5
v 31 11 6
e 0 2 0
e 0 1 0
e 0 5 0
e 0 8 0
e 0 12 0
e 0 17 0
e 0 20 0
e 1 10 0
e 1 2 0
e 1 5 0
e 1 17 0
e 1 20 0
e 2 5 0
e 2 17 0
e 3 9 0
e 3 29 0
e 3 14 0
e 4 5 0
e 4 28 0
e 5 7 0
e 5 27 0
e 5 31 0
e 5 8 0
e 5 12 0
e 5 16 0
e 5 17 0
e 5 20 0
e 5 28 0
e 6 15 0
e 6 24 0
e 6 29 0
e 7 8 0
e 7 20 0
e 8 19 0
e 8 31 0
e 8 16 0
e 8 17 0
e 8 18 0
e 8 20 0
e 9 14 0
e 10 23 0
e 10 21 0
e 10 24 0
e 11 14 0
e 13 30 0
e 13 22 0
e 14 29 0
e 14 25 0
e 15 23 0
e 15 24 0
e 15 21 0
e 15 29 0
e 16 26 0
e 16 27 0
e 16 17 0
e 16 30 0
e 16 20 0
e 17 31 0
e 17 20 0
e 18 31 0
e 18 19 0
e 18 20 0
e 19 20 0
e 20 31 0
e 21 29 0
e 22 30 0
e 23 29 0
e 24 29 0
e 25 31 0
e 26 30 0
e 27 30 0
