t 32 105
v 0 11 6
v 1 2 9
v 2 27 5
v 3 11 6
v 4 9 6
v 5 11 5
v 6 32 3
v 7 9 8
v 8 11 6
v 9 11 3
v 10 2 9
v 11 11 5
v 12 9 8
v 13 11 6
v 14 9 7
v 15 32 4
v 16 2 17
v 17 9 8
v 18 9 3
v 19 9 8
v 20 9 7
v 21 2 8
v 22 9 9
v 23 11 2
v 24 11 7
v 25 11 4
v 26 11 7
v 27 2 9
v 28 2 11
v 29 11 8
v 30 12 3
v 31 11 3
e 0 1 0
e 0 10 0
e 0 16 0
e 0 21 0
e 0 27 0
e 0 28 0
e 1 29 0
e 1 26 0
e 1 24 0
e 1 13 0
e 1 3 0
e 1 8 0
e 1 16 0
e 1 28 0
e 2 11 0
e 2 9 0
e 2 31 0
e 2 16 0
e 2 30 0
e 3 5 0
e 3 10 0
e 3 16 0
e 3 21 0
e 3 27 0
e 4 19 0
e 4 12 0
e 4 14 0
e 4 17 0
e 4 20 0
e 4 22 0
e 5 16 0
e 5 26 0
e 5 29 0
e 5 30 0
e 6 22 0
e 6 7 0
e 6 15 0
e 7 19 0
e 7 12 0
e 7 14 0
e 7 20 0
e 7 17 0
e 7 15 0
e 7 22 0
e 8 10 0
e 8 16 0
e 8 21 0
e 8 27 0
e 8 28 0
e 9 11 0
e 9 23 0
e 10 29 0
e 10 26 0
e 10 24 0
e 10 13 0
e 10 28 0
e 10 16 0
e 11 23 0
e 11 16 0
e 11 31 0
e 12 14 0
e 12 18 0
e 12 17 0
e 12 19 0
e 12 20 0
e 12 22 0
e 13 16 0
e 13 21 0
e 13 27 0
e 13 28 0
e 14 17 0
e 14 19 0
e 14 20 0
e 14 22 0
e 15 22 0
e 15 16 0
e 16 29 0
e 16 26 0
e 16 24 0
e 16 21 0
e 16 28 0
e 16 27 0
e 16 25 0
e 17 19 0
e 17 18 0
e 17 20 0
e 17 22 0
e 18 19 0
e 19 20 0
e 19 22 0
e 20 22 0
e 21 29 0
e 21 24 0
e 21 28 0
e 24 25 0
e 24 27 0
e 24 28 0
e 25 29 0
e 25 26 0
e 26 27 0
e 26 28 0
e 27 29 0
e 27 28 0
e 28 29 0
e 30 31 0
