t 40 87
v 0 15 2
v 1 36 3
v 2 36 2
v 3 13 4
v 4 5 6
v 5 19 3
v 6 5 6
v 7 5 5
v 8 14 9
v 9 21 2
v 10 18 1
v 11 7 4
v 12 27 7
v 13 5 6
v 14 5 9
v 15 13 5
v 16 5 7
v 17 2 14
v 18 13 3
v 19 7 3
v 20 23 3
v 21 3 7
v 22 9 2
v 23 24 6
v 24 29 2
v 25 2 4
v 26 13 2
v 27 23 3
v 28 9 13
v 29 9 2
v 30 3 6
v 31 9 4
v 32 2 3
v 33 2 3
v 34 14 2
v 35 5 4
v 36 15 3
v 37 15 1
v 38 15 2
v 39 15 1
e 0 1 0
e 0 36 0
e 1 2 0
e 1 28 0
e 2 28 0
e 3 18 0
e 3 19 0
e 3 15 0
e 3 11 0
e 4 7 0
e 4 12 0
e 4 13 0
e 4 14 0
e 4 23 0
e 4 28 0
e 5 9 0
e 5 16 0
e 5 8 0
e 6 8 0
e 6 14 0
e 6 17 0
e 6 21 0
e 6 28 0
e 6 30 0
e 7 12 0
e 7 14 0
e 7 13 0
e 7 23 0
e 8 30 0
e 8 28 0
e 8 16 0
e 8 14 0
e 8 34 0
e 8 21 0
e 8 17 0
e 9 23 0
e 10 12 0
e 11 22 0
e 11 19 0
e 11 15 0
e 12 13 0
e 12 34 0
e 12 23 0
e 12 28 0
e 13 14 0
e 13 23 0
e 13 28 0
e 14 21 0
e 14 16 0
e 14 17 0
e 14 28 0
e 15 26 0
e 15 18 0
e 15 19 0
e 16 30 0
e 16 28 0
e 16 21 0
e 16 17 0
e 17 27 0
e 17 30 0
e 17 28 0
e 17 33 0
e 17 20 0
e 17 21 0
e 17 31 0
e 17 35 0
e 17 25 0
e 17 32 0
e 18 26 0
e 20 25 0
e 20 35 0
e 21 30 0
e 21 28 0
e 22 29 0
e 23 28 0
e 24 27 0
e 24 35 0
e 25 33 0
e 25 31 0
e 27 35 0
e 28 30 0
e 29 31 0
e 31 32 0
e 32 33 0
e 36 37 0
e 36 38 0
e 38 39 0
