t 40 198
v 0 9 16
v 1 9 17
v 2 9 17
v 3 9 16
v 4 9 9
v 5 9 17
v 6 9 14
v 7 9 18
v 8 9 17
v 9 9 16
v 10 9 15
v 11 1 23
v 12 5 5
v 13 9 16
v 14 11 6
v 15 9 16
v 16 30 3
v 17 30 2
v 18 9 17
v 19 5 4
v 20 9 17
v 21 30 3
v 22 5 5
v 23 32 3
v 24 30 3
v 25 11 2
v 26 9 18
v 27 12 4
v 28 2 7
v 29 11 3
v 30 9 18
v 31 9 16
v 32 18 3
v 33 2 7
v 34 30 4
v 35 1 6
v 36 5 4
v 37 32 2
v 38 2 2
v 39 5 5
e 0 18 0
e 0 9 0
e 0 1 0
e 0 2 0
e 0 3 0
e 0 5 0
e 0 7 0
e 0 8 0
e 0 10 0
e 0 11 0
e 0 13 0
e 0 15 0
e 0 20 0
e 0 26 0
e 0 30 0
e 0 31 0
e 1 7 0
e 1 3 0
e 1 13 0
e 1 5 0
e 1 31 0
e 1 20 0
e 1 2 0
e 1 18 0
e 1 9 0
e 1 4 0
e 1 8 0
e 1 10 0
e 1 11 0
e 1 15 0
e 1 26 0
e 1 30 0
e 2 6 0
e 2 18 0
e 2 9 0
e 2 3 0
e 2 5 0
e 2 7 0
e 2 8 0
e 2 10 0
e 2 11 0
e 2 13 0
e 2 15 0
e 2 20 0
e 2 26 0
e 2 30 0
e 2 31 0
e 3 13 0
e 3 5 0
e 3 31 0
e 3 20 0
e 3 18 0
e 3 9 0
e 3 4 0
e 3 7 0
e 3 8 0
e 3 11 0
e 3 15 0
e 3 26 0
e 3 30 0
e 4 5 0
e 4 7 0
e 4 8 0
e 4 10 0
e 4 11 0
e 4 13 0
e 4 26 0
e 5 20 0
e 5 6 0
e 5 9 0
e 5 18 0
e 5 7 0
e 5 8 0
e 5 10 0
e 5 11 0
e 5 13 0
e 5 15 0
e 5 26 0
e 5 30 0
e 6 18 0
e 6 9 0
e 6 7 0
e 6 8 0
e 6 10 0
e 6 11 0
e 6 13 0
e 6 15 0
e 6 20 0
e 6 26 0
e 6 30 0
e 6 31 0
e 7 13 0
e 7 31 0
e 7 20 0
e 7 9 0
e 7 18 0
e 7 8 0
e 7 10 0
e 7 11 0
e 7 15 0
e 7 26 0
e 7 30 0
e 8 31 0
e 8 20 0
e 8 9 0
e 8 18 0
e 8 10 0
e 8 11 0
e 8 15 0
e 8 26 0
e 8 30 0
e 9 11 0
e 9 13 0
e 9 15 0
e 9 18 0
e 9 20 0
e 9 26 0
e 9 30 0
e 9 31 0
e 10 13 0
e 10 31 0
e 10 20 0
e 10 18 0
e 10 11 0
e 10 15 0
e 10 26 0
e 11 15 0
e 11 26 0
e 11 13 0
e 11 35 0
e 11 31 0
e 11 12 0
e 11 20 0
e 11 33 0
e 11 22 0
e 11 18 0
e 11 30 0
e 11 28 0
e 12 33 0
e 12 22 0
e 12 28 0
e 12 35 0
e 13 31 0
e 13 20 0
e 13 18 0
e 13 26 0
e 13 30 0
e 14 25 0
e 14 21 0
e 14 16 0
e 14 17 0
e 14 24 0
e 14 34 0
e 15 31 0
e 15 20 0
e 15 18 0
e 15 26 0
e 15 30 0
e 16 21 0
e 16 34 0
e 17 34 0
e 18 20 0
e 18 26 0
e 18 30 0
e 18 31 0
e 19 36 0
e 19 28 0
e 19 33 0
e 19 39 0
e 20 26 0
e 20 30 0
e 20 31 0
e 21 24 0
e 22 28 0
e 22 33 0
e 22 35 0
e 23 37 0
e 23 30 0
e 23 38 0
e 24 34 0
e 25 27 0
e 26 31 0
e 26 30 0
e 27 29 0
e 27 32 0
e 27 35 0
e 28 36 0
e 28 33 0
e 28 39 0
e 29 32 0
e 29 35 0
e 30 31 0
e 30 37 0
e 32 35 0
e 33 36 0
e 33 39 0
e 36 39 0
e 38 39 0
