t 32 37
v 0 9 2
v 1 33 2
v 2 15 2
v 3 15 2
v 4 14 2
v 5 15 2
v 6 33 2
v 7 15 3
v 8 9 2
v 9 9 2
v 10 7 4
v 11 9 3
v 12 13 2
v 13 14 1
v 14 9 2
v 15 27 2
v 16 14 2
v 17 11 2
v 18 11 2
v 19 7 3
v 20 14 2
v 21 12 4
v 22 11 2
v 23 11 1
v 24 9 3
v 25 9 3
v 26 16 2
v 27 11 2
v 28 13 5
v 29 7 2
v 30 7 3
v 31 7 1
e 0 6 0
e 0 15 0
e 1 2 0
e 1 15 0
e 2 4 0
e 3 4 0
e 3 12 0
e 5 7 0
e 5 12 0
e 6 21 0
e 7 13 0
e 7 20 0
e 8 9 0
e 8 11 0
e 9 14 0
e 10 19 0
e 10 28 0
e 10 29 0
e 10 30 0
e 11 14 0
e 11 16 0
e 16 20 0
e 17 22 0
e 17 24 0
e 18 26 0
e 18 25 0
e 19 29 0
e 19 28 0
e 21 25 0
e 21 28 0
e 21 24 0
e 22 23 0
e 24 25 0
e 26 27 0
e 27 28 0
e 28 30 0
e 30 31 0
