t 32 63
v 0 15 3
v 1 15 4
v 2 9 6
v 3 12 4
v 4 12 7
v 5 1 5
v 6 15 3
v 7 1 3
v 8 12 4
v 9 12 6
v 10 12 3
v 11 15 3
v 12 12 4
v 13 0 3
v 14 15 2
v 15 12 4
v 16 13 4
v 17 9 6
v 18 12 6
v 19 13 9
v 20 14 3
v 21 13 2
v 22 15 6
v 23 7 2
v 24 7 2
v 25 12 2
v 26 15 4
v 27 12 1
v 28 13 4
v 29 12 5
v 30 13 2
v 31 12 4
e 0 12 0
e 0 6 0
e 0 14 0
e 1 17 0
e 1 22 0
e 1 26 0
e 1 2 0
e 2 26 0
e 2 22 0
e 2 17 0
e 2 18 0
e 2 19 0
e 3 8 0
e 3 9 0
e 3 15 0
e 3 29 0
e 4 5 0
e 4 9 0
e 4 10 0
e 4 12 0
e 4 15 0
e 4 29 0
e 4 31 0
e 5 9 0
e 5 7 0
e 5 13 0
e 5 22 0
e 6 8 0
e 6 28 0
e 7 9 0
e 7 13 0
e 8 12 0
e 8 29 0
e 9 15 0
e 9 29 0
e 10 25 0
e 10 31 0
e 11 17 0
e 11 18 0
e 11 19 0
e 12 15 0
e 13 22 0
e 14 16 0
e 16 23 0
e 16 24 0
e 16 28 0
e 17 26 0
e 17 18 0
e 17 19 0
e 18 29 0
e 18 22 0
e 18 19 0
e 19 21 0
e 19 30 0
e 19 26 0
e 19 22 0
e 19 20 0
e 20 21 0
e 20 30 0
e 23 28 0
e 24 28 0
e 25 31 0
e 27 31 0
