t 32 84
v 0 9 2
v 1 12 10
v 2 15 2
v 3 12 11
v 4 15 7
v 5 15 6
v 6 12 9
v 7 23 5
v 8 15 8
v 9 15 4
v 10 15 4
v 11 15 5
v 12 14 2
v 13 16 7
v 14 15 3
v 15 15 5
v 16 14 6
v 17 15 3
v 18 15 6
v 19 15 4
v 20 14 3
v 21 15 4
v 22 9 11
v 23 15 4
v 24 18 3
v 25 14 5
v 26 11 1
v 27 18 4
v 28 14 8
v 29 14 7
v 30 14 7
v 31 11 2
e 0 6 0
e 0 13 0
e 1 21 0
e 1 8 0
e 1 13 0
e 1 4 0
e 1 6 0
e 1 9 0
e 1 19 0
e 1 10 0
e 1 3 0
e 1 15 0
e 2 15 0
e 2 19 0
e 3 21 0
e 3 8 0
e 3 18 0
e 3 13 0
e 3 22 0
e 3 6 0
e 3 11 0
e 3 9 0
e 3 19 0
e 3 15 0
e 4 17 0
e 4 6 0
e 4 8 0
e 4 13 0
e 4 18 0
e 4 22 0
e 5 16 0
e 5 22 0
e 5 23 0
e 5 28 0
e 5 29 0
e 5 30 0
e 6 21 0
e 6 8 0
e 6 11 0
e 6 19 0
e 6 10 0
e 7 27 0
e 7 16 0
e 7 25 0
e 7 29 0
e 7 30 0
e 8 18 0
e 8 17 0
e 8 13 0
e 8 22 0
e 9 11 0
e 9 15 0
e 10 11 0
e 10 14 0
e 11 14 0
e 12 20 0
e 12 28 0
e 13 18 0
e 13 22 0
e 14 15 0
e 16 29 0
e 16 24 0
e 16 20 0
e 16 30 0
e 17 18 0
e 18 22 0
e 20 29 0
e 21 22 0
e 22 25 0
e 22 28 0
e 22 29 0
e 22 30 0
e 23 25 0
e 23 28 0
e 23 30 0
e 24 25 0
e 24 28 0
e 25 28 0
e 26 31 0
e 27 28 0
e 27 29 0
e 27 30 0
e 28 29 0
e 30 31 0
