t 40 134
v 0 5 12
v 1 5 3
v 2 5 3
v 3 5 2
v 4 11 1
v 5 11 2
v 6 22 2
v 7 18 7
v 8 11 3
v 9 13 2
v 10 18 8
v 11 27 13
v 12 11 2
v 13 13 6
v 14 18 7
v 15 13 7
v 16 18 13
v 17 18 8
v 18 5 3
v 19 18 12
v 20 18 9
v 21 18 7
v 22 9 10
v 23 18 9
v 24 13 5
v 25 9 10
v 26 5 1
v 27 18 13
v 28 18 13
v 29 13 5
v 30 9 11
v 31 18 10
v 32 13 4
v 33 9 12
v 34 18 14
v 35 18 10
v 36 5 2
v 37 5 2
v 38 5 2
v 39 5 3
e 0 26 0
e 0 6 0
e 0 38 0
e 0 36 0
e 0 8 0
e 0 2 0
e 0 4 0
e 0 12 0
e 0 1 0
e 0 5 0
e 0 3 0
e 0 18 0
e 1 2 0
e 1 36 0
e 2 18 0
e 3 18 0
e 5 6 0
e 7 33 0
e 7 34 0
e 7 30 0
e 7 23 0
e 7 28 0
e 7 16 0
e 7 35 0
e 8 39 0
e 8 37 0
e 9 12 0
e 9 11 0
e 10 28 0
e 10 14 0
e 10 15 0
e 10 16 0
e 10 20 0
e 10 22 0
e 10 25 0
e 10 27 0
e 11 32 0
e 11 24 0
e 11 13 0
e 11 29 0
e 11 28 0
e 11 16 0
e 11 17 0
e 11 19 0
e 11 21 0
e 11 22 0
e 11 31 0
e 11 34 0
e 13 29 0
e 13 23 0
e 13 27 0
e 13 32 0
e 13 34 0
e 14 33 0
e 14 17 0
e 14 20 0
e 14 30 0
e 14 25 0
e 14 19 0
e 15 20 0
e 15 28 0
e 15 16 0
e 15 17 0
e 15 21 0
e 15 35 0
e 16 19 0
e 16 33 0
e 16 25 0
e 16 22 0
e 16 34 0
e 16 27 0
e 16 30 0
e 16 23 0
e 16 35 0
e 17 33 0
e 17 34 0
e 17 25 0
e 17 27 0
e 17 31 0
e 19 22 0
e 19 21 0
e 19 20 0
e 19 30 0
e 19 23 0
e 19 28 0
e 19 27 0
e 19 31 0
e 19 35 0
e 20 28 0
e 20 21 0
e 20 30 0
e 20 31 0
e 20 33 0
e 21 30 0
e 21 28 0
e 21 31 0
e 22 28 0
e 22 25 0
e 22 27 0
e 22 30 0
e 22 31 0
e 22 33 0
e 23 24 0
e 23 27 0
e 23 30 0
e 23 34 0
e 23 35 0
e 24 29 0
e 24 32 0
e 24 34 0
e 25 33 0
e 25 28 0
e 25 27 0
e 25 34 0
e 25 35 0
e 27 29 0
e 27 34 0
e 27 30 0
e 27 31 0
e 27 28 0
e 28 33 0
e 28 34 0
e 28 35 0
e 29 34 0
e 30 33 0
e 30 31 0
e 31 33 0
e 31 35 0
e 32 34 0
e 33 34 0
e 33 35 0
e 34 35 0
e 37 39 0
e 38 39 0
