t 24 47
v 0 15 8
v 1 9 1
v 2 7 2
v 3 9 8
v 4 9 4
v 5 9 7
v 6 12 6
v 7 23 2
v 8 33 6
v 9 33 5
v 10 19 3
v 11 12 6
v 12 23 1
v 13 19 2
v 14 18 2
v 15 33 5
v 16 11 1
v 17 23 2
v 18 9 7
v 19 33 6
v 20 12 3
v 21 11 2
v 22 11 2
v 23 11 3
e 0 15 0
e 0 11 0
e 0 6 0
e 0 8 0
e 0 3 0
e 0 5 0
e 0 9 0
e 0 19 0
e 1 2 0
e 2 4 0
e 3 15 0
e 3 9 0
e 3 8 0
e 3 19 0
e 3 4 0
e 3 5 0
e 3 18 0
e 4 18 0
e 4 5 0
e 5 15 0
e 5 8 0
e 5 18 0
e 5 19 0
e 6 8 0
e 6 9 0
e 6 11 0
e 6 15 0
e 6 19 0
e 7 10 0
e 7 17 0
e 8 11 0
e 8 18 0
e 9 11 0
e 9 20 0
e 10 13 0
e 10 18 0
e 11 15 0
e 11 19 0
e 12 14 0
e 13 18 0
e 14 23 0
e 16 21 0
e 17 18 0
e 19 20 0
e 20 23 0
e 21 22 0
e 22 23 0
