t 24 78
v 0 18 6
v 1 11 9
v 2 11 9
v 3 11 6
v 4 18 5
v 5 30 3
v 6 28 9
v 7 30 10
v 8 30 7
v 9 11 11
v 10 11 12
v 11 11 9
v 12 30 2
v 13 36 2
v 14 18 7
v 15 18 7
v 16 30 2
v 17 11 3
v 18 28 3
v 19 28 2
v 20 28 8
v 21 30 7
v 22 30 4
v 23 18 13
e 0 18 0
e 0 13 0
e 0 21 0
e 0 6 0
e 0 1 0
e 0 2 0
e 1 2 0
e 1 3 0
e 1 9 0
e 1 10 0
e 1 11 0
e 1 14 0
e 1 15 0
e 1 17 0
e 2 23 0
e 2 14 0
e 2 11 0
e 2 9 0
e 2 3 0
e 2 10 0
e 2 17 0
e 3 15 0
e 3 4 0
e 3 11 0
e 3 10 0
e 4 11 0
e 4 9 0
e 4 14 0
e 4 15 0
e 5 7 0
e 5 22 0
e 5 23 0
e 6 18 0
e 6 19 0
e 6 7 0
e 6 8 0
e 6 9 0
e 6 10 0
e 6 21 0
e 6 23 0
e 7 22 0
e 7 21 0
e 7 20 0
e 7 8 0
e 7 9 0
e 7 10 0
e 7 12 0
e 7 23 0
e 8 20 0
e 8 9 0
e 8 10 0
e 8 12 0
e 8 23 0
e 9 15 0
e 9 23 0
e 9 20 0
e 9 11 0
e 9 10 0
e 10 21 0
e 10 20 0
e 10 11 0
e 10 14 0
e 10 23 0
e 11 13 0
e 11 14 0
e 11 23 0
e 14 15 0
e 14 23 0
e 15 23 0
e 15 17 0
e 16 22 0
e 16 21 0
e 18 20 0
e 19 20 0
e 20 21 0
e 20 23 0
e 21 23 0
e 22 23 0
