t 24 41
v 0 18 5
v 1 18 1
v 2 30 5
v 3 18 3
v 4 18 1
v 5 18 11
v 6 18 3
v 7 28 4
v 8 18 4
v 9 36 3
v 10 30 2
v 11 18 5
v 12 11 2
v 13 11 6
v 14 18 3
v 15 30 3
v 16 36 2
v 17 18 6
v 18 18 4
v 19 11 1
v 20 11 2
v 21 11 3
v 22 17 2
v 23 11 1
e 0 17 0
e 0 18 0
e 0 5 0
e 0 2 0
e 0 13 0
e 1 17 0
e 2 7 0
e 2 13 0
e 2 15 0
e 2 17 0
e 3 6 0
e 3 5 0
e 3 11 0
e 4 17 0
e 5 6 0
e 5 16 0
e 5 7 0
e 5 8 0
e 5 11 0
e 5 13 0
e 5 18 0
e 5 20 0
e 5 21 0
e 6 12 0
e 7 11 0
e 7 20 0
e 8 9 0
e 8 14 0
e 8 11 0
e 9 14 0
e 9 21 0
e 10 15 0
e 10 17 0
e 11 14 0
e 12 16 0
e 13 21 0
e 13 18 0
e 13 22 0
e 15 17 0
e 18 19 0
e 22 23 0
