t 32 51
v 0 1 3
v 1 0 4
v 2 12 4
v 3 15 3
v 4 1 1
v 5 9 2
v 6 27 4
v 7 15 2
v 8 1 4
v 9 11 4
v 10 11 2
v 11 11 1
v 12 0 6
v 13 29 1
v 14 25 1
v 15 1 6
v 16 11 3
v 17 9 5
v 18 29 2
v 19 11 3
v 20 1 2
v 21 1 4
v 22 1 7
v 23 15 3
v 24 11 2
v 25 15 2
v 26 11 1
v 27 15 6
v 28 15 4
v 29 15 4
v 30 15 4
v 31 11 2
e 0 8 0
e 0 12 0
e 0 22 0
e 1 12 0
e 1 15 0
e 1 21 0
e 1 22 0
e 2 5 0
e 2 16 0
e 2 17 0
e 2 9 0
e 3 28 0
e 3 29 0
e 3 27 0
e 4 6 0
e 5 17 0
e 6 16 0
e 6 9 0
e 6 15 0
e 7 25 0
e 7 27 0
e 8 20 0
e 8 12 0
e 8 22 0
e 9 16 0
e 9 11 0
e 10 18 0
e 10 17 0
e 12 15 0
e 12 21 0
e 12 22 0
e 13 19 0
e 14 30 0
e 15 20 0
e 15 21 0
e 15 22 0
e 17 19 0
e 17 31 0
e 18 19 0
e 21 22 0
e 22 23 0
e 23 25 0
e 23 27 0
e 24 31 0
e 24 26 0
e 27 29 0
e 27 30 0
e 27 28 0
e 28 30 0
e 28 29 0
e 29 30 0
