t 24 37
v 0 30 7
v 1 11 5
v 2 13 2
v 3 2 4
v 4 33 2
v 5 11 2
v 6 1 2
v 7 23 4
v 8 12 2
v 9 5 2
v 10 24 2
v 11 9 3
v 12 24 1
v 13 30 5
v 14 24 3
v 15 5 2
v 16 24 5
v 17 24 3
v 18 24 2
v 19 3 3
v 20 30 5
v 21 30 1
v 22 30 6
v 23 11 1
e 0 7 0
e 0 20 0
e 0 22 0
e 0 1 0
e 0 19 0
e 0 2 0
e 0 13 0
e 1 23 0
e 1 13 0
e 1 20 0
e 1 22 0
e 2 4 0
e 3 16 0
e 3 11 0
e 3 9 0
e 3 15 0
e 4 5 0
e 5 8 0
e 6 8 0
e 6 15 0
e 7 20 0
e 7 22 0
e 7 13 0
e 9 11 0
e 10 17 0
e 10 16 0
e 11 16 0
e 12 14 0
e 13 22 0
e 13 21 0
e 14 17 0
e 14 16 0
e 16 18 0
e 17 18 0
e 19 20 0
e 19 22 0
e 20 22 0
