t 40 144
v 0 12 2
v 1 0 2
v 2 0 3
v 3 30 5
v 4 30 2
v 5 7 2
v 6 30 5
v 7 9 8
v 8 9 11
v 9 9 13
v 10 0 6
v 11 9 12
v 12 9 12
v 13 0 4
v 14 9 11
v 15 9 11
v 16 9 7
v 17 9 9
v 18 9 6
v 19 9 11
v 20 9 11
v 21 9 13
v 22 9 10
v 23 9 7
v 24 9 7
v 25 0 6
v 26 9 14
v 27 0 4
v 28 9 14
v 29 0 6
v 30 9 11
v 31 0 2
v 32 9 9
v 33 32 1
v 34 0 2
v 35 9 12
v 36 9 7
v 37 0 1
v 38 12 3
v 39 16 6
e 0 29 0
e 0 39 0
e 1 29 0
e 1 10 0
e 2 34 0
e 2 38 0
e 2 5 0
e 3 4 0
e 3 10 0
e 3 25 0
e 3 6 0
e 3 39 0
e 4 8 0
e 5 34 0
e 6 31 0
e 6 25 0
e 6 27 0
e 6 29 0
e 7 8 0
e 7 9 0
e 7 15 0
e 7 16 0
e 7 20 0
e 7 26 0
e 7 28 0
e 7 35 0
e 8 21 0
e 8 14 0
e 8 20 0
e 8 26 0
e 8 28 0
e 8 19 0
e 8 12 0
e 8 24 0
e 8 9 0
e 9 32 0
e 9 14 0
e 9 20 0
e 9 26 0
e 9 30 0
e 9 19 0
e 9 23 0
e 9 18 0
e 9 11 0
e 9 12 0
e 9 15 0
e 10 31 0
e 10 13 0
e 10 25 0
e 10 39 0
e 11 21 0
e 11 32 0
e 11 22 0
e 11 35 0
e 11 20 0
e 11 26 0
e 11 28 0
e 11 30 0
e 11 19 0
e 11 23 0
e 11 16 0
e 12 21 0
e 12 17 0
e 12 32 0
e 12 14 0
e 12 20 0
e 12 26 0
e 12 36 0
e 12 28 0
e 12 23 0
e 12 18 0
e 13 27 0
e 13 29 0
e 13 39 0
e 14 35 0
e 14 26 0
e 14 28 0
e 14 30 0
e 14 19 0
e 14 21 0
e 14 22 0
e 14 24 0
e 15 21 0
e 15 32 0
e 15 22 0
e 15 35 0
e 15 26 0
e 15 36 0
e 15 28 0
e 15 30 0
e 15 23 0
e 16 32 0
e 16 35 0
e 16 28 0
e 16 30 0
e 16 23 0
e 17 22 0
e 17 35 0
e 17 20 0
e 17 26 0
e 17 30 0
e 17 19 0
e 17 18 0
e 17 21 0
e 18 21 0
e 18 32 0
e 18 35 0
e 19 20 0
e 19 26 0
e 19 28 0
e 19 30 0
e 19 32 0
e 19 36 0
e 20 28 0
e 20 30 0
e 20 21 0
e 20 22 0
e 21 22 0
e 21 35 0
e 21 36 0
e 21 28 0
e 21 24 0
e 22 35 0
e 22 26 0
e 22 36 0
e 22 28 0
e 23 24 0
e 23 30 0
e 24 26 0
e 24 28 0
e 24 33 0
e 25 27 0
e 25 29 0
e 25 39 0
e 26 28 0
e 26 32 0
e 26 35 0
e 27 29 0
e 28 32 0
e 30 35 0
e 30 36 0
e 35 36 0
e 37 38 0
e 38 39 0
