t 32 54
v 0 14 6
v 1 14 3
v 2 14 5
v 3 14 5
v 4 14 6
v 5 9 4
v 6 23 5
v 7 15 2
v 8 18 7
v 9 9 9
v 10 11 2
v 11 5 1
v 12 14 1
v 13 14 6
v 14 30 2
v 15 17 2
v 16 14 1
v 17 14 2
v 18 5 2
v 19 14 6
v 20 18 7
v 21 27 2
v 22 2 2
v 23 11 2
v 24 2 4
v 25 11 2
v 26 11 2
v 27 11 2
v 28 11 2
v 29 9 2
v 30 2 2
v 31 11 2
e 0 20 0
e 0 6 0
e 0 8 0
e 0 2 0
e 0 19 0
e 0 9 0
e 1 12 0
e 1 4 0
e 1 13 0
e 2 20 0
e 2 6 0
e 2 8 0
e 2 9 0
e 3 20 0
e 3 6 0
e 3 8 0
e 3 19 0
e 3 5 0
e 4 20 0
e 4 17 0
e 4 6 0
e 4 19 0
e 4 9 0
e 5 13 0
e 5 7 0
e 5 15 0
e 6 8 0
e 7 9 0
e 8 13 0
e 8 19 0
e 8 20 0
e 9 16 0
e 9 17 0
e 9 19 0
e 9 13 0
e 9 15 0
e 10 28 0
e 10 24 0
e 11 14 0
e 13 20 0
e 13 19 0
e 14 31 0
e 18 21 0
e 18 22 0
e 20 21 0
e 22 23 0
e 23 24 0
e 24 27 0
e 24 26 0
e 25 29 0
e 25 30 0
e 26 27 0
e 28 29 0
e 30 31 0
