t 24 84
v 0 27 5
v 1 12 12
v 2 12 11
v 3 12 10
v 4 12 12
v 5 12 8
v 6 11 1
v 7 12 11
v 8 11 2
v 9 12 12
v 10 11 5
v 11 11 6
v 12 12 10
v 13 11 3
v 14 12 7
v 15 11 2
v 16 12 8
v 17 12 9
v 18 12 12
v 19 12 9
v 20 11 4
v 21 11 3
v 22 11 2
v 23 11 4
e 0 8 0
e 0 10 0
e 0 15 0
e 0 11 0
e 0 18 0
e 1 3 0
e 1 2 0
e 1 4 0
e 1 5 0
e 1 7 0
e 1 9 0
e 1 12 0
e 1 14 0
e 1 16 0
e 1 17 0
e 1 18 0
e 1 19 0
e 2 14 0
e 2 3 0
e 2 4 0
e 2 5 0
e 2 7 0
e 2 9 0
e 2 16 0
e 2 17 0
e 2 18 0
e 2 19 0
e 3 4 0
e 3 5 0
e 3 7 0
e 3 9 0
e 3 12 0
e 3 17 0
e 3 18 0
e 3 19 0
e 4 5 0
e 4 12 0
e 4 16 0
e 4 17 0
e 4 14 0
e 4 7 0
e 4 9 0
e 4 18 0
e 4 19 0
e 5 12 0
e 5 7 0
e 5 9 0
e 5 18 0
e 6 11 0
e 7 19 0
e 7 9 0
e 7 12 0
e 7 16 0
e 7 17 0
e 7 14 0
e 8 15 0
e 9 12 0
e 9 16 0
e 9 17 0
e 9 14 0
e 9 18 0
e 9 19 0
e 10 13 0
e 10 20 0
e 10 21 0
e 10 23 0
e 11 20 0
e 11 13 0
e 11 23 0
e 11 21 0
e 12 16 0
e 12 17 0
e 12 18 0
e 12 19 0
e 13 20 0
e 14 16 0
e 14 18 0
e 16 18 0
e 17 18 0
e 17 19 0
e 18 19 0
e 20 23 0
e 21 22 0
e 22 23 0
