t 32 41
v 0 11 3
v 1 11 2
v 2 11 4
v 3 11 2
v 4 25 3
v 5 9 2
v 6 5 2
v 7 1 3
v 8 18 4
v 9 17 3
v 10 18 3
v 11 11 6
v 12 11 4
v 13 9 2
v 14 9 2
v 15 1 2
v 16 4 2
v 17 9 2
v 18 9 2
v 19 9 2
v 20 11 4
v 21 11 1
v 22 5 2
v 23 11 4
v 24 11 2
v 25 11 3
v 26 11 2
v 27 11 2
v 28 11 2
v 29 24 2
v 30 5 2
v 31 5 1
e 0 21 0
e 0 11 0
e 0 12 0
e 1 20 0
e 1 24 0
e 2 23 0
e 2 25 0
e 2 12 0
e 2 11 0
e 3 11 0
e 3 7 0
e 4 17 0
e 4 13 0
e 4 18 0
e 5 22 0
e 5 30 0
e 6 30 0
e 6 31 0
e 7 25 0
e 7 15 0
e 8 9 0
e 8 16 0
e 8 10 0
e 8 15 0
e 9 10 0
e 9 14 0
e 10 16 0
e 11 12 0
e 11 23 0
e 11 26 0
e 12 23 0
e 13 17 0
e 14 19 0
e 18 19 0
e 20 24 0
e 20 23 0
e 20 25 0
e 22 29 0
e 26 27 0
e 27 28 0
e 28 29 0
