t 40 57
v 0 9 2
v 1 9 5
v 2 9 3
v 3 30 1
v 4 30 3
v 5 9 4
v 6 27 2
v 7 30 1
v 8 18 2
v 9 11 3
v 10 32 2
v 11 30 3
v 12 11 2
v 13 9 3
v 14 1 3
v 15 1 3
v 16 9 4
v 17 11 2
v 18 1 1
v 19 0 3
v 20 11 2
v 21 1 3
v 22 11 1
v 23 11 3
v 24 0 3
v 25 30 4
v 26 18 5
v 27 11 2
v 28 11 5
v 29 1 3
v 30 30 3
v 31 18 4
v 32 11 4
v 33 11 2
v 34 28 2
v 35 18 3
v 36 11 3
v 37 9 6
v 38 2 1
v 39 32 3
e 0 5 0
e 0 16 0
e 1 2 0
e 1 5 0
e 1 13 0
e 1 16 0
e 1 37 0
e 2 5 0
e 2 16 0
e 3 30 0
e 4 25 0
e 4 11 0
e 4 31 0
e 5 37 0
e 6 14 0
e 6 27 0
e 7 31 0
e 8 28 0
e 8 34 0
e 9 28 0
e 9 12 0
e 9 32 0
e 10 37 0
e 10 39 0
e 11 26 0
e 11 31 0
e 12 36 0
e 13 37 0
e 13 26 0
e 14 15 0
e 14 18 0
e 15 21 0
e 15 29 0
e 16 37 0
e 17 20 0
e 17 33 0
e 19 21 0
e 19 24 0
e 19 29 0
e 20 27 0
e 21 24 0
e 22 32 0
e 23 28 0
e 23 32 0
e 23 36 0
e 24 29 0
e 25 34 0
e 25 26 0
e 25 30 0
e 26 30 0
e 26 31 0
e 28 32 0
e 28 35 0
e 33 35 0
e 35 36 0
e 37 39 0
e 38 39 0
