t 40 173
v 0 18 2
v 1 1 13
v 2 1 13
v 3 30 8
v 4 0 11
v 5 30 7
v 6 28 7
v 7 0 15
v 8 1 16
v 9 0 14
v 10 1 7
v 11 28 2
v 12 18 5
v 13 1 14
v 14 1 13
v 15 11 1
v 16 1 13
v 17 1 16
v 18 11 2
v 19 1 15
v 20 1 12
v 21 1 10
v 22 1 11
v 23 28 9
v 24 30 2
v 25 1 16
v 26 30 1
v 27 18 4
v 28 30 2
v 29 0 13
v 30 30 2
v 31 1 9
v 32 18 2
v 33 1 14
v 34 28 5
v 35 18 3
v 36 1 16
v 37 0 8
v 38 30 8
v 39 11 5
e 0 6 0
e 0 36 0
e 1 29 0
e 1 19 0
e 1 7 0
e 1 8 0
e 1 9 0
e 1 13 0
e 1 14 0
e 1 17 0
e 1 20 0
e 1 21 0
e 1 25 0
e 1 31 0
e 1 36 0
e 2 29 0
e 2 10 0
e 2 12 0
e 2 4 0
e 2 8 0
e 2 36 0
e 2 16 0
e 2 17 0
e 2 13 0
e 2 20 0
e 2 21 0
e 2 25 0
e 2 31 0
e 3 34 0
e 3 38 0
e 3 24 0
e 3 6 0
e 3 23 0
e 3 5 0
e 3 28 0
e 3 30 0
e 4 37 0
e 4 9 0
e 4 8 0
e 4 7 0
e 4 36 0
e 4 16 0
e 4 22 0
e 4 19 0
e 4 20 0
e 4 33 0
e 5 6 0
e 5 23 0
e 5 26 0
e 5 27 0
e 5 28 0
e 5 30 0
e 6 23 0
e 6 11 0
e 6 27 0
e 6 39 0
e 7 29 0
e 7 14 0
e 7 16 0
e 7 22 0
e 7 17 0
e 7 19 0
e 7 8 0
e 7 9 0
e 7 13 0
e 7 20 0
e 7 25 0
e 7 31 0
e 7 33 0
e 8 37 0
e 8 10 0
e 8 14 0
e 8 36 0
e 8 16 0
e 8 22 0
e 8 17 0
e 8 19 0
e 8 9 0
e 8 13 0
e 8 20 0
e 8 31 0
e 9 29 0
e 9 10 0
e 9 14 0
e 9 16 0
e 9 17 0
e 9 19 0
e 9 13 0
e 9 20 0
e 9 25 0
e 9 33 0
e 10 20 0
e 10 21 0
e 10 25 0
e 10 36 0
e 11 23 0
e 12 34 0
e 12 32 0
e 12 38 0
e 12 36 0
e 13 29 0
e 13 37 0
e 13 14 0
e 13 36 0
e 13 22 0
e 13 17 0
e 13 20 0
e 13 25 0
e 13 31 0
e 14 29 0
e 14 16 0
e 14 22 0
e 14 17 0
e 14 19 0
e 14 21 0
e 14 25 0
e 14 33 0
e 15 18 0
e 16 29 0
e 16 17 0
e 16 19 0
e 16 21 0
e 16 31 0
e 16 33 0
e 16 36 0
e 17 29 0
e 17 37 0
e 17 19 0
e 17 21 0
e 17 25 0
e 17 31 0
e 17 33 0
e 17 36 0
e 18 39 0
e 19 29 0
e 19 21 0
e 19 22 0
e 19 25 0
e 19 31 0
e 19 33 0
e 19 36 0
e 20 25 0
e 20 36 0
e 20 22 0
e 20 33 0
e 21 33 0
e 21 25 0
e 21 22 0
e 22 37 0
e 22 25 0
e 22 33 0
e 23 27 0
e 23 34 0
e 23 35 0
e 23 38 0
e 23 39 0
e 24 38 0
e 25 29 0
e 25 37 0
e 25 36 0
e 25 33 0
e 27 38 0
e 29 31 0
e 29 33 0
e 29 36 0
e 32 35 0
e 33 37 0
e 33 36 0
e 34 38 0
e 34 39 0
e 35 38 0
e 36 37 0
e 38 39 0
