t 24 35
v 0 16 4
v 1 16 4
v 2 15 3
v 3 33 2
v 4 15 2
v 5 33 2
v 6 12 4
v 7 12 4
v 8 16 1
v 9 12 6
v 10 17 4
v 11 16 3
v 12 0 1
v 13 15 1
v 14 33 2
v 15 17 2
v 16 33 2
v 17 12 1
v 18 0 1
v 19 1 3
v 20 0 3
v 21 0 2
v 22 15 8
v 23 9 5
e 0 1 0
e 0 11 0
e 0 6 0
e 0 8 0
e 1 6 0
e 1 9 0
e 1 11 0
e 2 22 0
e 2 23 0
e 2 9 0
e 3 14 0
e 3 16 0
e 4 9 0
e 4 10 0
e 5 15 0
e 5 10 0
e 6 11 0
e 6 7 0
e 7 22 0
e 7 23 0
e 7 9 0
e 9 23 0
e 9 22 0
e 10 12 0
e 10 14 0
e 13 23 0
e 15 16 0
e 17 19 0
e 18 22 0
e 19 20 0
e 19 22 0
e 20 21 0
e 20 22 0
e 21 22 0
e 22 23 0
