t 24 64
v 0 5 7
v 1 5 8
v 2 5 6
v 3 5 6
v 4 5 4
v 5 0 4
v 6 5 5
v 7 2 7
v 8 11 4
v 9 5 3
v 10 5 6
v 11 11 4
v 12 2 7
v 13 11 4
v 14 2 6
v 15 11 2
v 16 2 7
v 17 11 1
v 18 2 4
v 19 11 2
v 20 11 8
v 21 21 3
v 22 11 14
v 23 5 6
e 0 3 0
e 0 23 0
e 0 6 0
e 0 10 0
e 0 12 0
e 0 20 0
e 0 22 0
e 1 2 0
e 1 4 0
e 1 5 0
e 1 7 0
e 1 9 0
e 1 12 0
e 1 14 0
e 1 22 0
e 2 9 0
e 2 5 0
e 2 7 0
e 2 14 0
e 2 22 0
e 3 23 0
e 3 6 0
e 3 10 0
e 3 12 0
e 3 20 0
e 4 5 0
e 4 7 0
e 4 22 0
e 5 22 0
e 6 10 0
e 6 12 0
e 6 22 0
e 7 11 0
e 7 22 0
e 7 16 0
e 7 8 0
e 8 14 0
e 8 16 0
e 8 18 0
e 9 22 0
e 10 23 0
e 10 20 0
e 10 22 0
e 11 14 0
e 11 16 0
e 11 18 0
e 12 20 0
e 12 22 0
e 12 23 0
e 13 14 0
e 13 15 0
e 13 16 0
e 13 18 0
e 14 16 0
e 15 16 0
e 16 18 0
e 17 22 0
e 19 21 0
e 19 20 0
e 20 21 0
e 20 23 0
e 20 22 0
e 21 22 0
e 22 23 0
