t 24 58
v 0 18 11
v 1 11 4
v 2 11 4
v 3 27 4
v 4 11 2
v 5 11 2
v 6 12 3
v 7 16 3
v 8 11 8
v 9 33 3
v 10 11 4
v 11 11 3
v 12 9 4
v 13 12 2
v 14 18 8
v 15 16 3
v 16 16 2
v 17 33 2
v 18 18 7
v 19 18 8
v 20 18 7
v 21 18 8
v 22 11 7
v 23 11 7
e 0 1 0
e 0 10 0
e 0 19 0
e 0 8 0
e 0 18 0
e 0 23 0
e 0 20 0
e 0 21 0
e 0 14 0
e 0 22 0
e 0 2 0
e 1 10 0
e 1 4 0
e 1 2 0
e 2 3 0
e 2 10 0
e 3 5 0
e 3 11 0
e 3 6 0
e 4 10 0
e 5 11 0
e 6 9 0
e 6 11 0
e 7 16 0
e 7 15 0
e 7 12 0
e 8 18 0
e 8 20 0
e 8 23 0
e 8 21 0
e 8 14 0
e 8 22 0
e 8 19 0
e 9 13 0
e 9 12 0
e 12 17 0
e 12 15 0
e 13 17 0
e 14 22 0
e 14 18 0
e 14 19 0
e 14 20 0
e 14 21 0
e 14 23 0
e 15 16 0
e 18 20 0
e 18 23 0
e 18 21 0
e 18 19 0
e 19 20 0
e 19 23 0
e 19 21 0
e 19 22 0
e 20 21 0
e 20 22 0
e 21 22 0
e 21 23 0
e 22 23 0
