t 40 42
v 0 0 4
v 1 0 3
v 2 0 3
v 3 0 2
v 4 0 2
v 5 0 2
v 6 0 3
v 7 0 2
v 8 0 1
v 9 0 2
v 10 0 2
v 11 0 2
v 12 0 2
v 13 0 2
v 14 0 2
v 15 0 2
v 16 0 2
v 17 1 2
v 18 0 2
v 19 0 3
v 20 0 1
v 21 0 2
v 22 0 3
v 23 0 2
v 24 0 2
v 25 0 2
v 26 0 1
v 27 0 2
v 28 0 4
v 29 0 2
v 30 0 4
v 31 0 1
v 32 0 1
v 33 0 2
v 34 0 2
v 35 0 2
v 36 0 2
v 37 0 1
v 38 0 2
v 39 0 1
e 0 32 0
e 0 20 0
e 0 39 0
e 0 2 0
e 1 31 0
e 1 18 0
e 1 28 0
e 2 11 0
e 2 8 0
e 3 6 0
e 3 11 0
e 4 27 0
e 4 6 0
e 5 27 0
e 5 29 0
e 6 26 0
e 7 29 0
e 7 9 0
e 9 34 0
e 10 16 0
e 10 13 0
e 12 36 0
e 12 28 0
e 13 14 0
e 14 28 0
e 15 16 0
e 15 34 0
e 17 21 0
e 17 35 0
e 18 28 0
e 19 24 0
e 19 33 0
e 19 23 0
e 21 30 0
e 22 38 0
e 22 37 0
e 22 25 0
e 23 30 0
e 24 30 0
e 25 35 0
e 30 33 0
e 36 38 0
