t 32 32
v 0 0 2
v 1 0 2
v 2 0 2
v 3 0 1
v 4 0 1
v 5 0 2
v 6 0 2
v 7 0 2
v 8 0 3
v 9 0 2
v 10 0 2
v 11 4 2
v 12 4 2
v 13 0 4
v 14 0 3
v 15 0 1
v 16 0 2
v 17 0 2
v 18 4 2
v 19 0 2
v 20 0 2
v 21 0 1
v 22 2 2
v 23 0 2
v 24 0 3
v 25 0 1
v 26 4 2
v 27 0 2
v 28 0 2
v 29 2 2
v 30 4 3
v 31 4 1
e 0 8 0
e 0 15 0
e 1 8 0
e 1 5 0
e 2 20 0
e 2 17 0
e 3 8 0
e 4 28 0
e 5 6 0
e 6 7 0
e 7 16 0
e 9 23 0
e 9 24 0
e 10 14 0
e 10 17 0
e 11 24 0
e 11 26 0
e 12 22 0
e 12 26 0
e 13 23 0
e 13 21 0
e 13 19 0
e 13 14 0
e 14 19 0
e 16 20 0
e 18 27 0
e 18 29 0
e 22 27 0
e 24 25 0
e 28 30 0
e 29 30 0
e 30 31 0
