t 32 31
v 0 0 1
v 1 1 3
v 2 0 4
v 3 0 1
v 4 0 2
v 5 4 1
v 6 0 2
v 7 0 3
v 8 2 2
v 9 0 3
v 10 0 2
v 11 0 2
v 12 3 1
v 13 0 3
v 14 0 3
v 15 4 2
v 16 1 2
v 17 1 1
v 18 1 2
v 19 0 2
v 20 0 2
v 21 0 2
v 22 0 2
v 23 0 2
v 24 0 2
v 25 0 1
v 26 0 1
v 27 0 2
v 28 0 2
v 29 0 1
v 30 0 1
v 31 0 2
e 0 2 0
e 1 16 0
e 1 18 0
e 1 19 0
e 2 30 0
e 2 6 0
e 2 14 0
e 3 14 0
e 4 22 0
e 4 7 0
e 5 7 0
e 6 10 0
e 7 8 0
e 8 21 0
e 9 12 0
e 9 29 0
e 9 15 0
e 10 28 0
e 11 21 0
e 11 15 0
e 13 31 0
e 13 27 0
e 13 25 0
e 14 22 0
e 16 17 0
e 18 24 0
e 19 23 0
e 20 23 0
e 20 26 0
e 24 31 0
e 27 28 0
