t 40 39
v 0 0 1
v 1 0 3
v 2 0 2
v 3 0 2
v 4 0 2
v 5 4 1
v 6 0 2
v 7 0 2
v 8 0 2
v 9 0 5
v 10 0 2
v 11 0 2
v 12 0 2
v 13 4 2
v 14 0 2
v 15 0 3
v 16 0 2
v 17 0 2
v 18 0 2
v 19 0 2
v 20 0 2
v 21 0 2
v 22 4 1
v 23 0 2
v 24 0 1
v 25 4 3
v 26 0 2
v 27 0 2
v 28 4 2
v 29 0 2
v 30 0 1
v 31 0 2
v 32 0 1
v 33 0 2
v 34 0 2
v 35 0 2
v 36 0 1
v 37 0 2
v 38 0 2
v 39 0 1
e 0 1 0
e 1 16 0
e 1 33 0
e 2 11 0
e 2 10 0
e 3 14 0
e 3 12 0
e 4 14 0
e 4 6 0
e 5 28 0
e 6 20 0
e 7 13 0
e 7 27 0
e 8 23 0
e 8 31 0
e 9 29 0
e 9 23 0
e 9 30 0
e 9 32 0
e 9 36 0
e 10 34 0
e 11 15 0
e 12 33 0
e 13 25 0
e 15 26 0
e 15 24 0
e 16 38 0
e 17 35 0
e 17 38 0
e 18 21 0
e 18 26 0
e 19 20 0
e 19 34 0
e 21 37 0
e 22 25 0
e 25 28 0
e 27 29 0
e 31 37 0
e 35 39 0
