t 32 32
v 0 1 1
v 1 0 3
v 2 1 1
v 3 0 2
v 4 1 1
v 5 0 3
v 6 1 1
v 7 0 1
v 8 0 2
v 9 0 2
v 10 1 2
v 11 0 2
v 12 0 6
v 13 0 2
v 14 0 3
v 15 0 2
v 16 0 1
v 17 0 2
v 18 0 2
v 19 0 3
v 20 0 2
v 21 0 2
v 22 0 2
v 23 0 2
v 24 0 2
v 25 0 1
v 26 0 2
v 27 0 1
v 28 0 2
v 29 0 2
v 30 0 3
v 31 0 1
e 0 1 0
e 1 12 0
e 1 17 0
e 2 12 0
e 3 19 0
e 3 26 0
e 4 12 0
e 5 23 0
e 5 7 0
e 5 17 0
e 6 10 0
e 8 19 0
e 8 18 0
e 9 29 0
e 9 30 0
e 10 12 0
e 11 20 0
e 11 14 0
e 12 14 0
e 12 22 0
e 13 28 0
e 13 29 0
e 14 21 0
e 15 28 0
e 15 26 0
e 16 20 0
e 18 24 0
e 19 25 0
e 21 22 0
e 23 24 0
e 27 30 0
e 30 31 0
