t 40 41
v 0 0 2
v 1 0 2
v 2 1 2
v 3 0 2
v 4 0 2
v 5 0 2
v 6 0 1
v 7 0 1
v 8 0 1
v 9 0 5
v 10 0 2
v 11 0 3
v 12 0 5
v 13 0 2
v 14 0 2
v 15 0 3
v 16 0 1
v 17 1 2
v 18 1 2
v 19 0 2
v 20 0 1
v 21 1 2
v 22 0 2
v 23 0 2
v 24 0 1
v 25 0 2
v 26 0 3
v 27 1 2
v 28 0 2
v 29 0 2
v 30 0 2
v 31 0 1
v 32 1 2
v 33 0 1
v 34 0 4
v 35 0 2
v 36 0 1
v 37 0 2
v 38 0 2
v 39 0 2
e 0 10 0
e 0 28 0
e 1 10 0
e 1 34 0
e 2 17 0
e 2 27 0
e 3 26 0
e 3 21 0
e 4 22 0
e 4 13 0
e 5 30 0
e 5 15 0
e 6 34 0
e 7 11 0
e 8 11 0
e 9 20 0
e 9 33 0
e 9 24 0
e 9 25 0
e 9 38 0
e 11 12 0
e 12 29 0
e 12 37 0
e 12 30 0
e 12 26 0
e 13 28 0
e 14 29 0
e 14 34 0
e 15 31 0
e 15 19 0
e 16 23 0
e 17 18 0
e 18 21 0
e 19 26 0
e 22 39 0
e 23 39 0
e 25 32 0
e 27 32 0
e 34 35 0
e 35 37 0
e 36 38 0
