t 40 46
v 0 1 1
v 1 1 2
v 2 1 3
v 3 0 2
v 4 1 2
v 5 0 1
v 6 0 3
v 7 1 2
v 8 1 3
v 9 0 6
v 10 1 2
v 11 0 3
v 12 1 3
v 13 0 2
v 14 0 2
v 15 0 2
v 16 1 2
v 17 1 2
v 18 2 1
v 19 0 4
v 20 1 3
v 21 0 3
v 22 1 2
v 23 0 1
v 24 0 1
v 25 1 2
v 26 0 4
v 27 4 1
v 28 4 3
v 29 0 2
v 30 1 4
v 31 1 2
v 32 1 3
v 33 1 2
v 34 1 2
v 35 4 1
v 36 0 3
v 37 2 2
v 38 1 2
v 39 1 1
e 0 8 0
e 1 8 0
e 1 30 0
e 2 11 0
e 2 16 0
e 2 30 0
e 3 6 0
e 3 19 0
e 4 10 0
e 4 14 0
e 5 6 0
e 6 7 0
e 7 9 0
e 8 9 0
e 9 10 0
e 9 30 0
e 9 12 0
e 9 20 0
e 11 37 0
e 11 19 0
e 12 32 0
e 12 33 0
e 13 37 0
e 13 38 0
e 14 15 0
e 15 29 0
e 16 30 0
e 17 22 0
e 17 29 0
e 18 28 0
e 19 32 0
e 19 36 0
e 20 34 0
e 20 33 0
e 21 25 0
e 21 34 0
e 21 36 0
e 22 25 0
e 23 26 0
e 24 36 0
e 26 31 0
e 26 28 0
e 26 27 0
e 28 35 0
e 31 32 0
e 38 39 0
