t 32 32
v 0 1 2
v 1 1 2
v 2 1 3
v 3 0 2
v 4 1 2
v 5 0 2
v 6 0 1
v 7 0 3
v 8 0 4
v 9 0 2
v 10 0 1
v 11 0 3
v 12 0 1
v 13 0 1
v 14 0 1
v 15 0 1
v 16 0 2
v 17 0 1
v 18 1 2
v 19 0 3
v 20 1 2
v 21 0 2
v 22 0 1
v 23 1 2
v 24 0 2
v 25 0 3
v 26 0 2
v 27 0 3
v 28 0 2
v 29 1 3
v 30 1 1
v 31 1 2
e 0 20 0
e 0 1 0
e 1 4 0
e 2 11 0
e 2 16 0
e 2 19 0
e 3 5 0
e 3 13 0
e 4 7 0
e 5 7 0
e 6 19 0
e 7 16 0
e 8 12 0
e 8 15 0
e 8 19 0
e 8 11 0
e 9 10 0
e 9 26 0
e 11 14 0
e 17 27 0
e 18 30 0
e 18 29 0
e 20 21 0
e 21 23 0
e 22 31 0
e 23 25 0
e 24 27 0
e 24 25 0
e 25 26 0
e 27 28 0
e 28 29 0
e 29 31 0
