t 32 34
v 0 0 2
v 1 0 3
v 2 0 1
v 3 0 1
v 4 0 2
v 5 0 3
v 6 0 3
v 7 0 3
v 8 0 2
v 9 0 2
v 10 0 2
v 11 0 2
v 12 0 2
v 13 0 2
v 14 0 4
v 15 0 2
v 16 0 2
v 17 0 4
v 18 0 2
v 19 0 4
v 20 0 3
v 21 0 2
v 22 1 1
v 23 0 1
v 24 0 1
v 25 0 1
v 26 0 1
v 27 0 4
v 28 1 1
v 29 0 2
v 30 0 2
v 31 0 1
e 0 1 0
e 0 13 0
e 1 4 0
e 1 7 0
e 2 20 0
e 3 14 0
e 4 7 0
e 5 23 0
e 5 19 0
e 5 27 0
e 6 31 0
e 6 29 0
e 6 30 0
e 7 10 0
e 8 18 0
e 8 29 0
e 9 13 0
e 9 19 0
e 10 12 0
e 11 25 0
e 11 16 0
e 12 20 0
e 14 17 0
e 14 21 0
e 14 27 0
e 15 30 0
e 15 27 0
e 16 18 0
e 17 22 0
e 17 20 0
e 17 21 0
e 19 24 0
e 19 26 0
e 27 28 0
