t 40 40
v 0 0 2
v 1 0 2
v 2 1 1
v 3 0 3
v 4 0 2
v 5 0 2
v 6 0 2
v 7 0 2
v 8 0 2
v 9 0 3
v 10 0 2
v 11 0 2
v 12 4 1
v 13 0 2
v 14 0 2
v 15 4 2
v 16 0 2
v 17 0 1
v 18 4 1
v 19 0 2
v 20 0 2
v 21 0 1
v 22 4 2
v 23 0 2
v 24 0 2
v 25 0 4
v 26 0 4
v 27 4 4
v 28 0 1
v 29 4 1
v 30 0 2
v 31 0 2
v 32 0 2
v 33 0 1
v 34 0 2
v 35 0 2
v 36 0 1
v 37 0 3
v 38 0 3
v 39 0 1
e 0 19 0
e 0 13 0
e 1 3 0
e 1 19 0
e 2 3 0
e 3 4 0
e 4 6 0
e 5 7 0
e 5 16 0
e 6 9 0
e 7 11 0
e 8 10 0
e 8 20 0
e 9 33 0
e 9 14 0
e 10 34 0
e 11 34 0
e 12 27 0
e 13 38 0
e 14 20 0
e 15 25 0
e 15 27 0
e 16 37 0
e 17 37 0
e 18 27 0
e 21 26 0
e 22 25 0
e 22 27 0
e 23 37 0
e 23 26 0
e 24 26 0
e 24 31 0
e 25 29 0
e 25 31 0
e 26 35 0
e 28 38 0
e 30 35 0
e 30 36 0
e 32 39 0
e 32 38 0
