t 40 40
v 0 0 1
v 1 0 1
v 2 0 1
v 3 0 2
v 4 0 1
v 5 0 1
v 6 0 5
v 7 0 1
v 8 0 2
v 9 0 1
v 10 0 2
v 11 0 2
v 12 0 1
v 13 0 2
v 14 0 2
v 15 0 2
v 16 0 2
v 17 0 2
v 18 0 1
v 19 0 5
v 20 0 2
v 21 0 2
v 22 1 2
v 23 0 2
v 24 0 3
v 25 0 3
v 26 0 2
v 27 0 4
v 28 0 3
v 29 0 2
v 30 0 2
v 31 0 1
v 32 0 1
v 33 0 2
v 34 0 2
v 35 0 2
v 36 0 4
v 37 0 1
v 38 0 1
v 39 0 2
e 0 3 0
e 1 6 0
e 2 19 0
e 3 6 0
e 4 6 0
e 5 6 0
e 6 21 0
e 7 25 0
e 8 33 0
e 8 22 0
e 9 25 0
e 10 20 0
e 10 35 0
e 11 25 0
e 11 24 0
e 12 24 0
e 13 26 0
e 13 27 0
e 14 20 0
e 14 27 0
e 15 26 0
e 15 24 0
e 16 19 0
e 16 28 0
e 17 34 0
e 17 35 0
e 18 27 0
e 19 28 0
e 19 22 0
e 19 30 0
e 21 36 0
e 23 27 0
e 23 39 0
e 28 31 0
e 29 33 0
e 29 34 0
e 30 32 0
e 36 37 0
e 36 39 0
e 36 38 0
