t 32 33
v 0 4 2
v 1 1 3
v 2 4 1
v 3 1 1
v 4 2 2
v 5 0 3
v 6 0 2
v 7 0 2
v 8 4 1
v 9 1 2
v 10 2 3
v 11 4 4
v 12 4 1
v 13 1 1
v 14 1 2
v 15 0 3
v 16 4 2
v 17 0 2
v 18 0 1
v 19 4 2
v 20 0 2
v 21 1 2
v 22 4 2
v 23 0 5
v 24 4 1
v 25 4 4
v 26 4 1
v 27 4 1
v 28 4 1
v 29 4 3
v 30 4 1
v 31 0 3
e 0 25 0
e 0 11 0
e 1 3 0
e 1 14 0
e 1 23 0
e 2 11 0
e 4 5 0
e 4 19 0
e 5 13 0
e 5 6 0
e 6 7 0
e 7 9 0
e 8 10 0
e 9 23 0
e 10 15 0
e 10 16 0
e 11 19 0
e 11 12 0
e 14 21 0
e 15 31 0
e 15 23 0
e 16 22 0
e 17 31 0
e 17 20 0
e 18 20 0
e 21 23 0
e 22 26 0
e 23 31 0
e 24 29 0
e 25 28 0
e 25 27 0
e 25 29 0
e 29 30 0
