t 32 31
v 0 0 4
v 1 0 2
v 2 0 2
v 3 0 3
v 4 0 2
v 5 0 1
v 6 0 2
v 7 0 2
v 8 0 2
v 9 0 3
v 10 0 2
v 11 0 1
v 12 0 1
v 13 1 2
v 14 1 5
v 15 3 1
v 16 1 2
v 17 0 3
v 18 4 1
v 19 4 1
v 20 0 2
v 21 0 1
v 22 1 2
v 23 4 1
v 24 0 2
v 25 0 2
v 26 0 2
v 27 0 2
v 28 0 2
v 29 0 2
v 30 0 1
v 31 0 1
e 0 2 0
e 0 5 0
e 0 7 0
e 0 11 0
e 1 22 0
e 1 4 0
e 2 6 0
e 3 17 0
e 3 31 0
e 3 20 0
e 4 10 0
e 6 16 0
e 7 25 0
e 8 28 0
e 8 27 0
e 9 21 0
e 9 12 0
e 9 17 0
e 10 13 0
e 13 24 0
e 14 19 0
e 14 15 0
e 14 23 0
e 14 18 0
e 14 24 0
e 16 22 0
e 17 30 0
e 20 29 0
e 25 26 0
e 26 27 0
e 28 29 0
