t 40 40
v 0 0 1
v 1 0 3
v 2 0 2
v 3 0 2
v 4 0 1
v 5 0 2
v 6 0 2
v 7 1 3
v 8 0 2
v 9 0 1
v 10 0 3
v 11 0 2
v 12 0 2
v 13 0 3
v 14 1 2
v 15 0 1
v 16 0 1
v 17 0 2
v 18 0 3
v 19 0 1
v 20 0 1
v 21 0 3
v 22 0 3
v 23 0 2
v 24 1 2
v 25 1 3
v 26 0 2
v 27 0 3
v 28 0 2
v 29 1 1
v 30 0 3
v 31 0 1
v 32 1 3
v 33 4 1
v 34 1 1
v 35 0 2
v 36 1 2
v 37 0 2
v 38 0 3
v 39 0 1
e 0 10 0
e 1 14 0
e 1 29 0
e 1 24 0
e 2 10 0
e 2 30 0
e 3 4 0
e 3 30 0
e 5 22 0
e 5 37 0
e 6 30 0
e 6 35 0
e 7 13 0
e 7 21 0
e 7 32 0
e 8 17 0
e 8 22 0
e 9 22 0
e 10 28 0
e 11 18 0
e 11 27 0
e 12 23 0
e 12 37 0
e 13 20 0
e 13 19 0
e 14 36 0
e 15 18 0
e 16 18 0
e 17 35 0
e 21 26 0
e 21 25 0
e 23 27 0
e 24 27 0
e 25 33 0
e 25 34 0
e 26 32 0
e 28 38 0
e 31 38 0
e 32 36 0
e 38 39 0
