t 40 41
v 0 0 1
v 1 0 1
v 2 4 1
v 3 0 1
v 4 0 5
v 5 0 2
v 6 0 1
v 7 0 5
v 8 0 2
v 9 0 3
v 10 0 2
v 11 0 2
v 12 0 2
v 13 0 2
v 14 0 2
v 15 4 2
v 16 0 2
v 17 0 2
v 18 0 1
v 19 0 2
v 20 0 1
v 21 0 2
v 22 0 2
v 23 0 3
v 24 0 2
v 25 0 2
v 26 0 2
v 27 0 2
v 28 0 2
v 29 2 1
v 30 0 1
v 31 0 2
v 32 0 5
v 33 0 2
v 34 0 3
v 35 0 1
v 36 0 1
v 37 0 3
v 38 0 2
v 39 0 2
e 0 4 0
e 1 4 0
e 2 9 0
e 3 4 0
e 4 18 0
e 4 27 0
e 5 34 0
e 5 31 0
e 6 34 0
e 7 33 0
e 7 34 0
e 7 35 0
e 7 27 0
e 7 17 0
e 8 14 0
e 8 10 0
e 9 15 0
e 9 23 0
e 10 21 0
e 11 24 0
e 11 25 0
e 12 22 0
e 12 26 0
e 13 16 0
e 13 25 0
e 14 17 0
e 15 29 0
e 16 32 0
e 19 23 0
e 19 32 0
e 20 37 0
e 21 24 0
e 22 30 0
e 23 32 0
e 26 28 0
e 28 38 0
e 31 39 0
e 32 37 0
e 32 36 0
e 33 39 0
e 37 38 0
