t 40 40
v 0 0 2
v 1 0 2
v 2 1 1
v 3 1 1
v 4 0 2
v 5 0 2
v 6 1 1
v 7 0 2
v 8 0 3
v 9 0 1
v 10 0 3
v 11 1 2
v 12 1 1
v 13 1 1
v 14 1 4
v 15 0 4
v 16 0 2
v 17 0 2
v 18 1 2
v 19 0 3
v 20 0 2
v 21 1 2
v 22 0 2
v 23 1 2
v 24 1 2
v 25 0 2
v 26 1 2
v 27 0 3
v 28 1 1
v 29 1 2
v 30 0 1
v 31 1 1
v 32 1 3
v 33 0 2
v 34 0 1
v 35 0 2
v 36 0 4
v 37 0 2
v 38 0 2
v 39 0 1
e 0 1 0
e 0 20 0
e 1 4 0
e 2 19 0
e 3 36 0
e 4 8 0
e 5 8 0
e 5 17 0
e 6 36 0
e 7 20 0
e 7 38 0
e 8 34 0
e 9 10 0
e 10 15 0
e 10 17 0
e 11 32 0
e 11 14 0
e 12 23 0
e 13 15 0
e 14 32 0
e 14 25 0
e 14 36 0
e 15 23 0
e 15 16 0
e 16 26 0
e 18 35 0
e 18 36 0
e 19 26 0
e 19 21 0
e 21 24 0
e 22 24 0
e 22 37 0
e 25 27 0
e 27 31 0
e 27 30 0
e 28 32 0
e 29 33 0
e 29 35 0
e 33 37 0
e 38 39 0
