t 32 31
v 0 0 2
v 1 4 4
v 2 4 1
v 3 0 5
v 4 0 2
v 5 1 1
v 6 4 2
v 7 1 2
v 8 0 2
v 9 1 2
v 10 2 1
v 11 1 1
v 12 4 1
v 13 0 2
v 14 0 2
v 15 4 2
v 16 2 3
v 17 0 1
v 18 4 1
v 19 0 2
v 20 1 3
v 21 2 1
v 22 0 2
v 23 0 2
v 24 4 1
v 25 0 2
v 26 0 2
v 27 1 2
v 28 1 2
v 29 1 2
v 30 0 2
v 31 1 2
e 0 14 0
e 0 25 0
e 1 18 0
e 1 10 0
e 1 3 0
e 1 8 0
e 2 16 0
e 3 16 0
e 3 15 0
e 3 24 0
e 3 21 0
e 4 13 0
e 4 19 0
e 5 7 0
e 6 8 0
e 6 19 0
e 7 20 0
e 9 31 0
e 9 15 0
e 11 20 0
e 12 16 0
e 13 14 0
e 17 30 0
e 20 23 0
e 22 25 0
e 22 26 0
e 23 31 0
e 26 27 0
e 27 28 0
e 28 29 0
e 29 30 0
