t 40 47
v 0 1 2
v 1 1 1
v 2 1 2
v 3 1 3
v 4 1 4
v 5 1 1
v 6 1 1
v 7 0 2
v 8 1 1
v 9 1 3
v 10 0 2
v 11 0 4
v 12 1 1
v 13 1 1
v 14 1 2
v 15 1 1
v 16 1 1
v 17 1 2
v 18 0 1
v 19 0 2
v 20 1 4
v 21 1 1
v 22 1 3
v 23 1 2
v 24 1 2
v 25 1 6
v 26 1 2
v 27 1 4
v 28 0 3
v 29 1 1
v 30 1 2
v 31 0 2
v 32 1 3
v 33 1 3
v 34 0 9
v 35 1 2
v 36 0 3
v 37 1 2
v 38 1 1
v 39 0 2
e 0 23 0
e 0 39 0
e 1 23 0
e 2 27 0
e 2 31 0
e 3 12 0
e 3 4 0
e 3 32 0
e 4 16 0
e 4 27 0
e 4 34 0
e 5 32 0
e 6 9 0
e 7 36 0
e 7 34 0
e 8 9 0
e 9 33 0
e 10 11 0
e 10 39 0
e 11 18 0
e 11 25 0
e 11 34 0
e 13 33 0
e 14 25 0
e 14 17 0
e 15 22 0
e 17 24 0
e 19 20 0
e 19 35 0
e 20 27 0
e 20 34 0
e 20 37 0
e 21 32 0
e 22 26 0
e 22 34 0
e 24 26 0
e 25 28 0
e 25 29 0
e 25 34 0
e 25 36 0
e 27 34 0
e 28 35 0
e 28 34 0
e 30 33 0
e 30 34 0
e 31 36 0
e 37 38 0
