t 40 44
v 0 0 3
v 1 0 2
v 2 0 2
v 3 1 4
v 4 0 3
v 5 0 2
v 6 0 2
v 7 0 2
v 8 0 5
v 9 0 3
v 10 0 2
v 11 0 3
v 12 0 2
v 13 1 3
v 14 1 4
v 15 1 2
v 16 1 2
v 17 0 1
v 18 1 1
v 19 0 2
v 20 0 3
v 21 1 2
v 22 0 2
v 23 0 2
v 24 0 3
v 25 0 2
v 26 0 1
v 27 0 2
v 28 0 2
v 29 0 1
v 30 0 2
v 31 0 4
v 32 0 1
v 33 0 1
v 34 1 1
v 35 0 2
v 36 0 2
v 37 1 2
v 38 0 2
v 39 0 1
e 0 3 0
e 0 23 0
e 0 1 0
e 1 2 0
e 2 3 0
e 3 18 0
e 3 4 0
e 4 11 0
e 4 14 0
e 5 7 0
e 5 32 0
e 6 19 0
e 6 10 0
e 7 22 0
e 8 12 0
e 8 20 0
e 8 24 0
e 8 9 0
e 8 14 0
e 9 22 0
e 9 19 0
e 10 11 0
e 11 13 0
e 12 24 0
e 13 34 0
e 13 14 0
e 14 15 0
e 15 16 0
e 16 21 0
e 17 25 0
e 20 31 0
e 20 28 0
e 21 27 0
e 23 37 0
e 24 26 0
e 25 31 0
e 27 36 0
e 28 29 0
e 30 35 0
e 30 31 0
e 31 33 0
e 35 36 0
e 37 38 0
e 38 39 0
