t 32 31
v 0 0 2
v 1 0 4
v 2 0 4
v 3 0 2
v 4 0 1
v 5 0 2
v 6 0 4
v 7 0 1
v 8 0 2
v 9 0 2
v 10 0 1
v 11 0 2
v 12 4 2
v 13 3 1
v 14 0 2
v 15 4 2
v 16 4 3
v 17 0 2
v 18 0 2
v 19 0 1
v 20 2 1
v 21 0 2
v 22 0 2
v 23 0 1
v 24 0 3
v 25 0 2
v 26 0 1
v 27 0 2
v 28 0 2
v 29 0 1
v 30 0 2
v 31 0 1
e 0 22 0
e 0 17 0
e 1 8 0
e 1 9 0
e 1 18 0
e 1 19 0
e 2 30 0
e 2 3 0
e 2 28 0
e 2 31 0
e 3 23 0
e 4 6 0
e 5 6 0
e 5 17 0
e 6 21 0
e 6 18 0
e 7 9 0
e 8 16 0
e 10 24 0
e 11 27 0
e 11 28 0
e 12 13 0
e 12 15 0
e 14 29 0
e 14 30 0
e 15 16 0
e 16 20 0
e 21 27 0
e 22 24 0
e 24 25 0
e 25 26 0
