t 32 32
v 0 4 2
v 1 0 3
v 2 0 2
v 3 4 2
v 4 0 2
v 5 1 1
v 6 0 2
v 7 0 1
v 8 0 1
v 9 0 2
v 10 0 1
v 11 0 3
v 12 0 4
v 13 1 1
v 14 0 5
v 15 0 1
v 16 0 1
v 17 1 2
v 18 0 1
v 19 0 2
v 20 0 2
v 21 0 2
v 22 0 2
v 23 0 3
v 24 0 1
v 25 0 1
v 26 0 3
v 27 0 2
v 28 1 3
v 29 1 2
v 30 0 3
v 31 1 1
e 0 3 0
e 0 2 0
e 1 15 0
e 1 11 0
e 1 12 0
e 2 4 0
e 3 20 0
e 4 14 0
e 5 17 0
e 6 7 0
e 6 14 0
e 8 12 0
e 9 10 0
e 9 11 0
e 11 14 0
e 12 16 0
e 12 19 0
e 13 28 0
e 14 19 0
e 14 18 0
e 17 30 0
e 20 21 0
e 21 22 0
e 22 23 0
e 23 26 0
e 23 24 0
e 25 26 0
e 26 27 0
e 27 28 0
e 28 29 0
e 29 30 0
e 30 31 0
