t 32 32
v 0 1 2
v 1 0 3
v 2 1 2
v 3 0 3
v 4 0 1
v 5 0 1
v 6 1 2
v 7 0 3
v 8 1 2
v 9 0 1
v 10 0 3
v 11 0 5
v 12 0 2
v 13 0 4
v 14 0 1
v 15 0 1
v 16 0 2
v 17 1 2
v 18 0 2
v 19 0 2
v 20 0 2
v 21 0 2
v 22 1 2
v 23 1 2
v 24 1 1
v 25 0 2
v 26 0 1
v 27 0 2
v 28 4 2
v 29 0 1
v 30 0 2
v 31 1 1
e 0 1 0
e 0 8 0
e 1 10 0
e 1 14 0
e 2 17 0
e 2 21 0
e 3 16 0
e 3 15 0
e 3 18 0
e 4 10 0
e 5 11 0
e 6 8 0
e 6 17 0
e 7 16 0
e 7 9 0
e 7 13 0
e 10 12 0
e 11 20 0
e 11 19 0
e 11 27 0
e 11 25 0
e 12 18 0
e 13 19 0
e 13 24 0
e 13 23 0
e 20 30 0
e 21 22 0
e 22 23 0
e 25 26 0
e 27 29 0
e 28 30 0
e 28 31 0
