t 32 32
v 0 4 1
v 1 1 1
v 2 2 1
v 3 0 3
v 4 2 2
v 5 0 2
v 6 0 2
v 7 0 2
v 8 4 2
v 9 4 1
v 10 1 2
v 11 4 2
v 12 1 3
v 13 4 3
v 14 1 3
v 15 4 2
v 16 4 2
v 17 2 1
v 18 1 1
v 19 4 2
v 20 1 2
v 21 4 1
v 22 1 2
v 23 0 4
v 24 2 3
v 25 4 2
v 26 0 3
v 27 0 2
v 28 0 4
v 29 0 1
v 30 0 1
v 31 0 1
e 0 13 0
e 1 14 0
e 2 3 0
e 3 18 0
e 3 6 0
e 4 8 0
e 4 24 0
e 5 25 0
e 5 26 0
e 6 7 0
e 7 10 0
e 8 16 0
e 9 26 0
e 10 23 0
e 11 19 0
e 11 24 0
e 12 23 0
e 12 26 0
e 12 27 0
e 13 21 0
e 13 16 0
e 14 20 0
e 14 23 0
e 15 17 0
e 15 24 0
e 19 25 0
e 20 22 0
e 22 23 0
e 27 28 0
e 28 29 0
e 28 30 0
e 28 31 0
