t 32 32
v 0 0 1
v 1 0 2
v 2 0 2
v 3 0 2
v 4 0 1
v 5 0 1
v 6 0 4
v 7 0 2
v 8 1 2
v 9 0 2
v 10 1 2
v 11 4 1
v 12 0 3
v 13 4 1
v 14 3 3
v 15 0 2
v 16 2 2
v 17 0 3
v 18 0 1
v 19 0 2
v 20 0 2
v 21 0 2
v 22 0 4
v 23 0 2
v 24 0 3
v 25 0 1
v 26 0 1
v 27 2 2
v 28 0 2
v 29 0 2
v 30 4 2
v 31 4 2
e 0 6 0
e 1 15 0
e 1 23 0
e 2 30 0
e 2 29 0
e 3 6 0
e 3 18 0
e 4 20 0
e 5 22 0
e 6 21 0
e 6 7 0
e 7 9 0
e 8 10 0
e 8 9 0
e 10 19 0
e 11 17 0
e 12 22 0
e 12 25 0
e 12 21 0
e 13 14 0
e 14 16 0
e 14 19 0
e 15 29 0
e 16 17 0
e 17 20 0
e 22 26 0
e 22 28 0
e 23 28 0
e 24 31 0
e 24 30 0
e 24 27 0
e 27 31 0
