t 40 40
v 0 0 2
v 1 0 2
v 2 4 2
v 3 0 2
v 4 4 2
v 5 4 1
v 6 4 3
v 7 4 4
v 8 2 1
v 9 0 2
v 10 0 2
v 11 4 2
v 12 0 1
v 13 0 3
v 14 0 3
v 15 0 2
v 16 2 1
v 17 0 1
v 18 0 3
v 19 0 2
v 20 2 1
v 21 0 2
v 22 4 2
v 23 0 3
v 24 0 1
v 25 4 2
v 26 0 4
v 27 2 2
v 28 0 3
v 29 4 2
v 30 0 1
v 31 0 2
v 32 0 2
v 33 4 4
v 34 0 1
v 35 2 1
v 36 0 1
v 37 4 3
v 38 2 1
v 39 2 1
e 0 9 0
e 0 21 0
e 1 3 0
e 1 21 0
e 2 13 0
e 2 29 0
e 3 6 0
e 4 7 0
e 4 6 0
e 5 7 0
e 6 28 0
e 7 16 0
e 7 10 0
e 8 25 0
e 9 29 0
e 10 11 0
e 11 14 0
e 12 14 0
e 13 36 0
e 13 37 0
e 14 15 0
e 15 32 0
e 17 23 0
e 18 19 0
e 18 30 0
e 18 31 0
e 19 33 0
e 20 33 0
e 22 26 0
e 22 33 0
e 23 24 0
e 23 26 0
e 25 28 0
e 26 35 0
e 26 32 0
e 27 33 0
e 27 28 0
e 31 34 0
e 37 38 0
e 37 39 0
