t 32 32
v 0 0 2
v 1 1 2
v 2 2 1
v 3 0 1
v 4 0 1
v 5 0 3
v 6 0 1
v 7 0 4
v 8 4 3
v 9 0 2
v 10 0 2
v 11 0 2
v 12 0 2
v 13 0 2
v 14 2 3
v 15 0 1
v 16 0 2
v 17 0 2
v 18 2 3
v 19 4 1
v 20 0 2
v 21 0 2
v 22 0 2
v 23 0 2
v 24 0 4
v 25 0 1
v 26 0 2
v 27 0 1
v 28 0 2
v 29 0 2
v 30 0 2
v 31 0 2
e 0 13 0
e 0 17 0
e 1 9 0
e 1 16 0
e 2 8 0
e 3 7 0
e 4 7 0
e 5 24 0
e 5 30 0
e 5 31 0
e 6 31 0
e 7 16 0
e 7 11 0
e 8 14 0
e 8 18 0
e 9 17 0
e 10 24 0
e 10 26 0
e 11 12 0
e 12 18 0
e 13 20 0
e 14 19 0
e 14 18 0
e 15 26 0
e 20 21 0
e 21 22 0
e 22 23 0
e 23 24 0
e 24 25 0
e 27 28 0
e 28 29 0
e 29 30 0
