t 40 43
v 0 0 7
v 1 0 1
v 2 0 2
v 3 0 2
v 4 4 2
v 5 0 4
v 6 0 2
v 7 0 1
v 8 0 2
v 9 0 2
v 10 0 1
v 11 0 1
v 12 0 2
v 13 0 1
v 14 1 2
v 15 0 2
v 16 0 2
v 17 0 2
v 18 0 1
v 19 0 2
v 20 0 3
v 21 4 2
v 22 0 1
v 23 0 3
v 24 0 6
v 25 0 2
v 26 0 1
v 27 0 2
v 28 0 2
v 29 0 2
v 30 0 1
v 31 0 2
v 32 0 3
v 33 0 2
v 34 0 2
v 35 3 1
v 36 0 1
v 37 0 4
v 38 0 3
v 39 0 2
e 0 8 0
e 0 33 0
e 0 10 0
e 0 1 0
e 0 34 0
e 0 39 0
e 0 37 0
e 2 24 0
e 2 37 0
e 3 11 0
e 3 5 0
e 4 6 0
e 4 21 0
e 5 14 0
e 5 15 0
e 5 7 0
e 6 35 0
e 8 13 0
e 9 12 0
e 9 20 0
e 12 16 0
e 14 21 0
e 15 31 0
e 16 27 0
e 17 27 0
e 17 19 0
e 18 23 0
e 19 31 0
e 20 23 0
e 20 22 0
e 23 25 0
e 24 26 0
e 24 38 0
e 24 36 0
e 24 29 0
e 24 32 0
e 25 28 0
e 28 29 0
e 30 33 0
e 32 34 0
e 32 37 0
e 37 38 0
e 38 39 0
