t 32 35
v 0 0 2
v 1 1 2
v 2 0 1
v 3 0 1
v 4 0 1
v 5 0 1
v 6 0 2
v 7 0 4
v 8 2 1
v 9 0 2
v 10 0 5
v 11 0 3
v 12 1 1
v 13 0 1
v 14 0 2
v 15 1 3
v 16 4 1
v 17 0 4
v 18 0 2
v 19 0 1
v 20 0 1
v 21 0 2
v 22 0 5
v 23 4 3
v 24 0 2
v 25 4 1
v 26 0 3
v 27 1 7
v 28 4 1
v 29 0 1
v 30 3 1
v 31 0 3
e 0 10 0
e 0 21 0
e 1 27 0
e 1 31 0
e 2 10 0
e 3 22 0
e 4 10 0
e 5 7 0
e 6 14 0
e 6 10 0
e 7 9 0
e 7 14 0
e 7 18 0
e 8 23 0
e 9 17 0
e 10 18 0
e 11 22 0
e 11 17 0
e 11 15 0
e 12 15 0
e 13 22 0
e 15 31 0
e 16 26 0
e 17 19 0
e 17 20 0
e 21 22 0
e 22 24 0
e 23 26 0
e 23 27 0
e 24 26 0
e 25 27 0
e 27 30 0
e 27 28 0
e 27 29 0
e 27 31 0
