t 40 47
v 0 0 1
v 1 0 1
v 2 0 8
v 3 1 1
v 4 0 2
v 5 0 2
v 6 1 3
v 7 1 6
v 8 1 1
v 9 1 1
v 10 1 2
v 11 1 5
v 12 1 2
v 13 1 3
v 14 1 2
v 15 0 1
v 16 1 3
v 17 1 2
v 18 0 1
v 19 1 2
v 20 0 1
v 21 1 3
v 22 0 3
v 23 0 2
v 24 0 3
v 25 1 2
v 26 1 2
v 27 0 1
v 28 1 3
v 29 1 2
v 30 1 1
v 31 0 3
v 32 1 3
v 33 4 1
v 34 0 4
v 35 1 1
v 36 0 5
v 37 1 1
v 38 1 2
v 39 1 2
e 0 13 0
e 1 4 0
e 2 36 0
e 2 11 0
e 2 16 0
e 2 25 0
e 2 19 0
e 2 13 0
e 2 21 0
e 2 7 0
e 3 22 0
e 4 5 0
e 5 6 0
e 6 9 0
e 6 32 0
e 7 32 0
e 7 28 0
e 7 16 0
e 7 17 0
e 7 36 0
e 8 26 0
e 10 11 0
e 10 34 0
e 11 33 0
e 11 17 0
e 11 34 0
e 12 14 0
e 12 19 0
e 13 22 0
e 14 16 0
e 15 28 0
e 18 23 0
e 20 31 0
e 21 27 0
e 21 36 0
e 22 38 0
e 23 36 0
e 24 30 0
e 24 35 0
e 24 34 0
e 25 29 0
e 26 39 0
e 28 31 0
e 29 37 0
e 31 34 0
e 32 36 0
e 38 39 0
