t 40 42
v 0 0 4
v 1 1 2
v 2 0 1
v 3 1 1
v 4 1 1
v 5 1 1
v 6 1 2
v 7 0 2
v 8 0 2
v 9 1 3
v 10 1 3
v 11 0 2
v 12 0 1
v 13 0 1
v 14 0 3
v 15 0 1
v 16 0 2
v 17 0 1
v 18 1 1
v 19 1 2
v 20 1 1
v 21 1 2
v 22 0 6
v 23 0 1
v 24 0 1
v 25 1 3
v 26 1 1
v 27 0 1
v 28 1 4
v 29 1 2
v 30 0 5
v 31 1 2
v 32 0 2
v 33 0 3
v 34 0 5
v 35 1 2
v 36 0 2
v 37 0 2
v 38 0 2
v 39 0 1
e 0 20 0
e 0 2 0
e 0 34 0
e 0 14 0
e 1 34 0
e 1 35 0
e 3 33 0
e 4 33 0
e 5 28 0
e 6 21 0
e 6 33 0
e 7 21 0
e 7 8 0
e 8 16 0
e 9 26 0
e 9 11 0
e 9 16 0
e 10 14 0
e 10 34 0
e 10 37 0
e 11 14 0
e 12 22 0
e 13 22 0
e 15 22 0
e 17 30 0
e 18 28 0
e 19 28 0
e 19 30 0
e 22 23 0
e 22 27 0
e 22 36 0
e 24 30 0
e 25 29 0
e 25 28 0
e 25 34 0
e 29 31 0
e 30 34 0
e 30 35 0
e 31 32 0
e 32 36 0
e 37 38 0
e 38 39 0
