t 32 31
v 0 0 2
v 1 0 2
v 2 0 2
v 3 0 2
v 4 0 2
v 5 0 3
v 6 0 2
v 7 0 2
v 8 0 2
v 9 0 2
v 10 0 2
v 11 0 2
v 12 0 2
v 13 1 2
v 14 0 1
v 15 0 2
v 16 0 3
v 17 0 3
v 18 0 2
v 19 0 1
v 20 0 2
v 21 0 2
v 22 0 1
v 23 0 2
v 24 0 2
v 25 0 2
v 26 0 2
v 27 0 2
v 28 1 1
v 29 0 1
v 30 0 2
v 31 0 2
e 0 2 0
e 0 12 0
e 1 23 0
e 1 25 0
e 2 5 0
e 3 5 0
e 3 29 0
e 4 31 0
e 4 8 0
e 5 7 0
e 6 31 0
e 6 13 0
e 7 9 0
e 8 10 0
e 9 10 0
e 11 16 0
e 11 20 0
e 12 15 0
e 13 28 0
e 14 17 0
e 15 17 0
e 16 30 0
e 16 19 0
e 17 26 0
e 18 21 0
e 18 27 0
e 20 24 0
e 21 22 0
e 23 24 0
e 25 26 0
e 27 30 0
