t 40 39
v 0 0 3
v 1 0 2
v 2 0 2
v 3 4 1
v 4 0 2
v 5 0 2
v 6 0 2
v 7 0 2
v 8 1 2
v 9 0 2
v 10 0 3
v 11 0 2
v 12 0 1
v 13 0 3
v 14 1 1
v 15 1 3
v 16 4 1
v 17 4 1
v 18 0 2
v 19 0 2
v 20 0 2
v 21 0 2
v 22 0 2
v 23 0 2
v 24 0 1
v 25 0 1
v 26 0 1
v 27 0 2
v 28 4 3
v 29 0 2
v 30 1 2
v 31 0 2
v 32 0 2
v 33 0 2
v 34 4 3
v 35 0 2
v 36 1 2
v 37 1 2
v 38 0 2
v 39 0 2
e 0 4 0
e 0 26 0
e 0 33 0
e 1 4 0
e 1 23 0
e 2 6 0
e 2 11 0
e 3 34 0
e 5 6 0
e 5 9 0
e 7 22 0
e 7 27 0
e 8 37 0
e 8 15 0
e 9 10 0
e 10 13 0
e 10 25 0
e 11 23 0
e 12 13 0
e 13 19 0
e 14 15 0
e 15 31 0
e 16 28 0
e 17 34 0
e 18 30 0
e 18 22 0
e 19 36 0
e 20 36 0
e 20 31 0
e 21 28 0
e 21 29 0
e 24 39 0
e 27 32 0
e 28 34 0
e 29 32 0
e 30 35 0
e 33 38 0
e 35 37 0
e 38 39 0
