t 40 41
v 0 0 4
v 1 0 2
v 2 0 2
v 3 0 1
v 4 1 4
v 5 0 1
v 6 0 4
v 7 0 1
v 8 0 1
v 9 0 2
v 10 0 1
v 11 0 1
v 12 0 3
v 13 0 3
v 14 0 1
v 15 0 1
v 16 0 2
v 17 0 1
v 18 0 2
v 19 0 1
v 20 0 3
v 21 0 2
v 22 0 3
v 23 3 3
v 24 2 2
v 25 4 2
v 26 0 1
v 27 0 1
v 28 0 3
v 29 0 2
v 30 0 1
v 31 0 1
v 32 0 3
v 33 0 1
v 34 0 1
v 35 0 3
v 36 0 4
v 37 0 5
v 38 0 2
v 39 1 1
e 0 1 0
e 0 38 0
e 0 39 0
e 0 8 0
e 1 2 0
e 2 22 0
e 3 22 0
e 4 24 0
e 4 19 0
e 4 21 0
e 4 22 0
e 5 29 0
e 6 28 0
e 6 12 0
e 6 9 0
e 6 13 0
e 7 37 0
e 9 28 0
e 10 28 0
e 11 13 0
e 12 29 0
e 12 30 0
e 13 36 0
e 14 38 0
e 15 36 0
e 16 20 0
e 16 31 0
e 17 37 0
e 18 27 0
e 18 21 0
e 20 32 0
e 20 35 0
e 23 24 0
e 23 25 0
e 23 32 0
e 25 32 0
e 26 35 0
e 33 37 0
e 34 37 0
e 35 36 0
e 36 37 0
