t 40 39
v 0 0 2
v 1 0 2
v 2 0 1
v 3 0 2
v 4 0 2
v 5 0 2
v 6 0 2
v 7 0 2
v 8 0 2
v 9 4 2
v 10 0 2
v 11 0 1
v 12 4 2
v 13 0 2
v 14 0 2
v 15 4 2
v 16 4 2
v 17 0 3
v 18 0 2
v 19 0 3
v 20 0 1
v 21 0 2
v 22 4 2
v 23 0 2
v 24 0 2
v 25 0 2
v 26 4 2
v 27 4 3
v 28 0 2
v 29 4 1
v 30 0 2
v 31 0 2
v 32 4 2
v 33 0 2
v 34 2 1
v 35 0 3
v 36 0 2
v 37 0 2
v 38 0 2
v 39 0 1
e 0 36 0
e 0 18 0
e 1 7 0
e 1 13 0
e 2 19 0
e 3 18 0
e 3 7 0
e 4 24 0
e 4 33 0
e 5 30 0
e 5 13 0
e 6 21 0
e 6 8 0
e 8 25 0
e 9 34 0
e 9 12 0
e 10 17 0
e 10 19 0
e 11 17 0
e 12 26 0
e 14 17 0
e 14 35 0
e 15 22 0
e 15 28 0
e 16 27 0
e 16 26 0
e 19 25 0
e 20 35 0
e 21 30 0
e 22 27 0
e 23 32 0
e 23 24 0
e 27 29 0
e 28 32 0
e 31 35 0
e 31 33 0
e 36 37 0
e 37 38 0
e 38 39 0
