t 40 39
v 0 0 2
v 1 0 2
v 2 0 2
v 3 0 2
v 4 0 2
v 5 0 2
v 6 0 2
v 7 0 1
v 8 0 2
v 9 0 2
v 10 0 1
v 11 0 2
v 12 1 1
v 13 0 3
v 14 0 2
v 15 0 2
v 16 0 2
v 17 1 2
v 18 0 2
v 19 1 3
v 20 2 2
v 21 0 2
v 22 0 1
v 23 1 2
v 24 1 1
v 25 1 2
v 26 0 3
v 27 0 2
v 28 1 2
v 29 0 2
v 30 0 2
v 31 0 1
v 32 0 2
v 33 1 4
v 34 0 2
v 35 1 3
v 36 1 1
v 37 1 1
v 38 0 2
v 39 0 2
e 0 9 0
e 0 18 0
e 1 2 0
e 1 26 0
e 2 30 0
e 3 17 0
e 3 29 0
e 4 27 0
e 4 5 0
e 5 6 0
e 6 8 0
e 7 39 0
e 8 21 0
e 9 26 0
e 10 26 0
e 11 21 0
e 11 13 0
e 12 35 0
e 13 22 0
e 13 14 0
e 14 34 0
e 15 33 0
e 15 16 0
e 16 34 0
e 17 20 0
e 18 38 0
e 19 24 0
e 19 20 0
e 19 28 0
e 23 25 0
e 23 32 0
e 25 35 0
e 27 30 0
e 28 35 0
e 29 31 0
e 32 33 0
e 33 36 0
e 33 37 0
e 38 39 0
