t 32 33
v 0 0 2
v 1 0 3
v 2 0 2
v 3 0 3
v 4 0 2
v 5 0 2
v 6 0 2
v 7 2 1
v 8 0 1
v 9 0 2
v 10 2 2
v 11 2 1
v 12 4 2
v 13 0 2
v 14 2 4
v 15 4 2
v 16 4 1
v 17 0 2
v 18 3 3
v 19 1 2
v 20 0 2
v 21 0 2
v 22 0 2
v 23 0 2
v 24 0 4
v 25 0 2
v 26 0 2
v 27 0 2
v 28 0 2
v 29 0 2
v 30 0 2
v 31 0 1
e 0 19 0
e 0 3 0
e 1 13 0
e 1 9 0
e 1 14 0
e 2 24 0
e 2 17 0
e 3 24 0
e 3 4 0
e 4 6 0
e 5 9 0
e 5 6 0
e 7 14 0
e 8 24 0
e 10 13 0
e 10 15 0
e 11 18 0
e 12 16 0
e 12 14 0
e 14 18 0
e 15 18 0
e 17 22 0
e 19 20 0
e 20 21 0
e 21 22 0
e 23 31 0
e 23 30 0
e 24 25 0
e 25 26 0
e 26 28 0
e 27 29 0
e 27 30 0
e 28 29 0
