t 40 41
v 0 1 2
v 1 1 2
v 2 1 2
v 3 4 1
v 4 2 2
v 5 4 4
v 6 0 3
v 7 1 2
v 8 4 1
v 9 1 3
v 10 2 1
v 11 0 2
v 12 0 2
v 13 4 2
v 14 4 1
v 15 0 2
v 16 4 1
v 17 1 1
v 18 4 4
v 19 0 2
v 20 2 2
v 21 0 3
v 22 1 1
v 23 0 2
v 24 0 2
v 25 1 3
v 26 1 2
v 27 4 1
v 28 2 4
v 29 0 6
v 30 1 2
v 31 4 2
v 32 1 1
v 33 4 1
v 34 4 1
v 35 4 2
v 36 4 1
v 37 4 4
v 38 0 1
v 39 0 1
e 0 30 0
e 0 29 0
e 1 2 0
e 1 29 0
e 2 9 0
e 3 5 0
e 4 16 0
e 4 5 0
e 5 34 0
e 5 28 0
e 6 23 0
e 6 39 0
e 6 38 0
e 7 26 0
e 7 11 0
e 8 28 0
e 9 12 0
e 9 29 0
e 10 28 0
e 11 24 0
e 12 29 0
e 13 28 0
e 13 37 0
e 14 37 0
e 15 19 0
e 15 21 0
e 17 25 0
e 18 35 0
e 18 31 0
e 18 33 0
e 18 36 0
e 19 25 0
e 20 21 0
e 20 35 0
e 21 32 0
e 22 29 0
e 23 24 0
e 25 29 0
e 26 30 0
e 27 37 0
e 31 37 0
