t 32 34
v 0 0 2
v 1 0 1
v 2 0 2
v 3 0 2
v 4 0 3
v 5 4 3
v 6 0 2
v 7 0 2
v 8 2 1
v 9 0 2
v 10 0 2
v 11 4 1
v 12 0 2
v 13 0 2
v 14 4 2
v 15 2 3
v 16 0 2
v 17 4 3
v 18 2 2
v 19 0 3
v 20 0 3
v 21 0 3
v 22 0 2
v 23 0 1
v 24 0 2
v 25 0 2
v 26 0 4
v 27 0 2
v 28 0 2
v 29 0 2
v 30 0 2
v 31 0 1
e 0 13 0
e 0 1 0
e 2 27 0
e 2 30 0
e 3 4 0
e 3 26 0
e 4 7 0
e 4 10 0
e 5 11 0
e 5 9 0
e 5 17 0
e 6 12 0
e 6 28 0
e 7 9 0
e 8 14 0
e 10 26 0
e 12 22 0
e 13 16 0
e 14 15 0
e 15 18 0
e 15 17 0
e 16 20 0
e 17 18 0
e 19 25 0
e 19 20 0
e 19 24 0
e 20 21 0
e 21 23 0
e 21 24 0
e 22 29 0
e 25 26 0
e 26 28 0
e 27 29 0
e 30 31 0
