t 32 32
v 0 2 2
v 1 2 2
v 2 0 2
v 3 2 1
v 4 0 2
v 5 4 2
v 6 4 2
v 7 2 1
v 8 0 2
v 9 4 1
v 10 0 2
v 11 2 1
v 12 0 2
v 13 4 3
v 14 4 1
v 15 4 5
v 16 4 3
v 17 4 2
v 18 4 2
v 19 4 1
v 20 4 1
v 21 4 3
v 22 4 2
v 23 0 5
v 24 4 4
v 25 2 1
v 26 2 1
v 27 4 1
v 28 0 2
v 29 0 2
v 30 0 2
v 31 0 1
e 0 13 0
e 0 4 0
e 1 4 0
e 1 18 0
e 2 28 0
e 2 29 0
e 3 5 0
e 5 6 0
e 6 15 0
e 7 15 0
e 8 29 0
e 8 30 0
e 9 15 0
e 10 30 0
e 10 31 0
e 11 16 0
e 12 17 0
e 12 24 0
e 13 22 0
e 13 23 0
e 14 21 0
e 15 20 0
e 15 21 0
e 16 22 0
e 16 23 0
e 17 28 0
e 18 21 0
e 19 23 0
e 23 24 0
e 23 25 0
e 24 27 0
e 24 26 0
