t 40 40
v 0 0 2
v 1 0 2
v 2 0 2
v 3 0 2
v 4 0 1
v 5 0 1
v 6 0 1
v 7 0 5
v 8 0 2
v 9 0 1
v 10 0 3
v 11 0 3
v 12 0 1
v 13 0 2
v 14 0 1
v 15 0 1
v 16 1 2
v 17 0 1
v 18 0 2
v 19 0 2
v 20 0 2
v 21 0 4
v 22 0 1
v 23 0 2
v 24 0 1
v 25 0 3
v 26 0 3
v 27 0 2
v 28 0 2
v 29 0 4
v 30 0 1
v 31 0 1
v 32 0 2
v 33 0 3
v 34 0 4
v 35 0 2
v 36 0 1
v 37 0 3
v 38 0 1
v 39 0 1
e 0 33 0
e 0 2 0
e 1 2 0
e 1 3 0
e 3 18 0
e 4 7 0
e 5 7 0
e 6 11 0
e 7 8 0
e 7 15 0
e 7 18 0
e 8 10 0
e 9 10 0
e 10 11 0
e 11 26 0
e 12 19 0
e 13 19 0
e 13 27 0
e 14 34 0
e 16 26 0
e 16 28 0
e 17 32 0
e 20 25 0
e 20 29 0
e 21 28 0
e 21 31 0
e 21 32 0
e 21 34 0
e 22 29 0
e 23 26 0
e 23 29 0
e 24 25 0
e 25 29 0
e 27 34 0
e 30 35 0
e 33 36 0
e 33 37 0
e 34 35 0
e 37 38 0
e 37 39 0
