t 40 43
v 0 0 4
v 1 0 3
v 2 0 2
v 3 0 3
v 4 0 2
v 5 0 1
v 6 0 3
v 7 0 2
v 8 0 1
v 9 0 2
v 10 0 2
v 11 0 2
v 12 0 2
v 13 0 2
v 14 0 2
v 15 1 2
v 16 0 1
v 17 0 2
v 18 0 1
v 19 0 2
v 20 0 3
v 21 0 2
v 22 0 2
v 23 0 2
v 24 0 2
v 25 0 2
v 26 0 2
v 27 0 3
v 28 0 3
v 29 0 1
v 30 0 3
v 31 0 2
v 32 0 2
v 33 0 2
v 34 0 3
v 35 0 2
v 36 1 2
v 37 0 3
v 38 0 2
v 39 0 2
e 0 27 0
e 0 5 0
e 0 14 0
e 0 26 0
e 1 27 0
e 1 3 0
e 1 6 0
e 2 38 0
e 2 26 0
e 3 6 0
e 3 14 0
e 4 7 0
e 4 22 0
e 6 21 0
e 7 34 0
e 8 30 0
e 9 11 0
e 9 10 0
e 10 23 0
e 11 22 0
e 12 13 0
e 12 23 0
e 13 19 0
e 15 30 0
e 15 31 0
e 16 20 0
e 17 24 0
e 17 31 0
e 18 34 0
e 19 28 0
e 20 29 0
e 20 30 0
e 21 28 0
e 24 33 0
e 25 32 0
e 25 33 0
e 27 34 0
e 28 37 0
e 32 35 0
e 35 36 0
e 36 37 0
e 37 39 0
e 38 39 0
