t 40 41
v 0 4 2
v 1 4 3
v 2 0 2
v 3 4 1
v 4 2 2
v 5 0 4
v 6 0 1
v 7 4 2
v 8 0 2
v 9 0 2
v 10 0 4
v 11 0 2
v 12 0 1
v 13 2 2
v 14 0 2
v 15 0 2
v 16 0 2
v 17 0 2
v 18 2 2
v 19 0 3
v 20 4 3
v 21 2 2
v 22 0 2
v 23 0 4
v 24 0 2
v 25 0 2
v 26 0 2
v 27 1 2
v 28 4 1
v 29 0 2
v 30 2 2
v 31 1 2
v 32 2 2
v 33 0 2
v 34 2 2
v 35 0 1
v 36 0 2
v 37 3 2
v 38 4 1
v 39 0 1
e 0 1 0
e 0 37 0
e 1 4 0
e 1 39 0
e 2 5 0
e 2 19 0
e 3 20 0
e 4 19 0
e 5 19 0
e 5 10 0
e 5 24 0
e 6 23 0
e 7 18 0
e 7 26 0
e 8 11 0
e 8 23 0
e 9 24 0
e 9 25 0
e 10 34 0
e 10 36 0
e 10 35 0
e 11 16 0
e 12 23 0
e 13 37 0
e 13 27 0
e 14 15 0
e 14 29 0
e 15 17 0
e 16 29 0
e 17 31 0
e 18 32 0
e 20 28 0
e 20 26 0
e 21 32 0
e 21 30 0
e 22 33 0
e 22 36 0
e 23 25 0
e 27 38 0
e 30 34 0
e 31 33 0
