t 32 31
v 0 1 3
v 1 1 2
v 2 0 1
v 3 1 1
v 4 4 2
v 5 4 1
v 6 4 2
v 7 0 2
v 8 1 3
v 9 1 2
v 10 4 2
v 11 1 2
v 12 0 2
v 13 0 3
v 14 4 2
v 15 0 6
v 16 1 2
v 17 1 3
v 18 1 1
v 19 0 2
v 20 1 2
v 21 0 2
v 22 1 2
v 23 0 2
v 24 4 1
v 25 3 1
v 26 4 1
v 27 0 1
v 28 1 3
v 29 4 1
v 30 1 1
v 31 4 1
e 0 8 0
e 0 1 0
e 0 23 0
e 1 11 0
e 2 13 0
e 3 11 0
e 4 10 0
e 4 8 0
e 5 8 0
e 6 10 0
e 6 14 0
e 7 19 0
e 7 21 0
e 9 28 0
e 9 20 0
e 12 16 0
e 12 22 0
e 13 27 0
e 13 21 0
e 14 15 0
e 15 31 0
e 15 29 0
e 15 26 0
e 15 24 0
e 15 25 0
e 16 17 0
e 17 30 0
e 17 28 0
e 18 28 0
e 19 20 0
e 22 23 0
