t 40 39
v 0 0 3
v 1 0 2
v 2 0 2
v 3 0 1
v 4 0 2
v 5 0 1
v 6 0 1
v 7 0 2
v 8 0 1
v 9 0 2
v 10 0 2
v 11 0 2
v 12 0 2
v 13 0 2
v 14 0 1
v 15 0 5
v 16 0 2
v 17 0 1
v 18 0 2
v 19 0 1
v 20 0 4
v 21 0 2
v 22 0 2
v 23 0 2
v 24 0 1
v 25 0 4
v 26 0 1
v 27 0 1
v 28 0 1
v 29 1 2
v 30 0 2
v 31 0 4
v 32 0 2
v 33 0 2
v 34 0 2
v 35 0 1
v 36 0 2
v 37 0 2
v 38 0 2
v 39 0 2
e 0 12 0
e 0 31 0
e 0 38 0
e 1 2 0
e 1 12 0
e 2 30 0
e 3 4 0
e 4 30 0
e 5 25 0
e 6 21 0
e 7 21 0
e 7 9 0
e 8 15 0
e 9 10 0
e 10 31 0
e 11 37 0
e 11 36 0
e 13 39 0
e 13 26 0
e 14 15 0
e 15 27 0
e 15 35 0
e 15 31 0
e 16 23 0
e 16 31 0
e 17 25 0
e 18 20 0
e 18 25 0
e 19 20 0
e 20 28 0
e 20 24 0
e 22 34 0
e 22 37 0
e 23 34 0
e 25 29 0
e 29 32 0
e 32 33 0
e 33 36 0
e 38 39 0
