t 32 32
v 0 0 1
v 1 0 2
v 2 1 2
v 3 1 2
v 4 4 2
v 5 4 1
v 6 4 3
v 7 0 2
v 8 1 6
v 9 0 2
v 10 4 3
v 11 4 1
v 12 0 1
v 13 2 2
v 14 0 2
v 15 0 3
v 16 0 1
v 17 0 1
v 18 4 1
v 19 2 1
v 20 4 2
v 21 0 3
v 22 0 3
v 23 2 3
v 24 0 2
v 25 0 1
v 26 0 2
v 27 0 2
v 28 0 3
v 29 0 1
v 30 0 2
v 31 0 1
e 0 9 0
e 1 15 0
e 1 22 0
e 2 3 0
e 2 27 0
e 3 8 0
e 4 20 0
e 4 8 0
e 5 8 0
e 6 20 0
e 6 13 0
e 6 19 0
e 7 28 0
e 7 26 0
e 8 10 0
e 8 18 0
e 8 22 0
e 9 15 0
e 10 13 0
e 10 11 0
e 12 27 0
e 14 29 0
e 14 28 0
e 15 16 0
e 17 28 0
e 21 23 0
e 21 30 0
e 21 25 0
e 22 23 0
e 23 24 0
e 24 26 0
e 30 31 0
