t 32 32
v 0 0 1
v 1 4 3
v 2 0 1
v 3 1 2
v 4 1 3
v 5 0 2
v 6 0 2
v 7 1 3
v 8 4 2
v 9 0 1
v 10 0 3
v 11 4 1
v 12 0 1
v 13 0 3
v 14 0 4
v 15 0 2
v 16 2 2
v 17 0 2
v 18 0 2
v 19 0 1
v 20 0 2
v 21 0 1
v 22 0 4
v 23 0 2
v 24 0 2
v 25 0 2
v 26 0 2
v 27 0 3
v 28 0 1
v 29 0 1
v 30 0 2
v 31 0 1
e 0 10 0
e 1 11 0
e 1 16 0
e 1 18 0
e 2 10 0
e 3 7 0
e 3 14 0
e 4 5 0
e 4 7 0
e 4 15 0
e 5 16 0
e 6 25 0
e 6 26 0
e 7 8 0
e 8 15 0
e 9 14 0
e 10 14 0
e 12 18 0
e 13 21 0
e 13 23 0
e 13 20 0
e 14 20 0
e 17 23 0
e 17 24 0
e 19 22 0
e 22 31 0
e 22 29 0
e 22 30 0
e 24 25 0
e 26 27 0
e 27 28 0
e 27 30 0
