t 40 61
v 0 0 3
v 1 0 3
v 2 0 6
v 3 0 2
v 4 0 2
v 5 0 4
v 6 0 5
v 7 0 2
v 8 0 2
v 9 0 2
v 10 0 3
v 11 0 4
v 12 0 4
v 13 0 2
v 14 0 2
v 15 0 2
v 16 0 3
v 17 0 2
v 18 0 3
v 19 0 4
v 20 0 7
v 21 0 2
v 22 0 4
v 23 0 4
v 24 0 3
v 25 0 2
v 26 0 4
v 27 0 4
v 28 0 8
v 29 0 2
v 30 0 2
v 31 0 3
v 32 0 2
v 33 0 1
v 34 0 2
v 35 0 2
v 36 0 5
v 37 0 3
v 38 0 1
v 39 0 1
e 0 27 0
e 0 6 0
e 0 12 0
e 1 14 0
e 1 6 0
e 1 23 0
e 2 5 0
e 2 24 0
e 2 27 0
e 2 14 0
e 2 18 0
e 2 22 0
e 3 11 0
e 3 28 0
e 4 11 0
e 4 28 0
e 5 11 0
e 5 16 0
e 5 19 0
e 6 35 0
e 6 19 0
e 6 21 0
e 7 16 0
e 7 28 0
e 8 15 0
e 8 28 0
e 9 10 0
e 9 28 0
e 10 18 0
e 10 20 0
e 11 20 0
e 12 21 0
e 12 23 0
e 12 36 0
e 13 23 0
e 13 36 0
e 15 20 0
e 16 20 0
e 17 24 0
e 17 20 0
e 18 26 0
e 19 24 0
e 19 23 0
e 20 26 0
e 20 34 0
e 22 38 0
e 22 37 0
e 22 39 0
e 25 35 0
e 25 36 0
e 26 29 0
e 26 30 0
e 27 31 0
e 27 34 0
e 28 30 0
e 28 29 0
e 28 31 0
e 31 33 0
e 32 36 0
e 32 37 0
e 36 37 0
