t 32 33
v 0 0 4
v 1 0 2
v 2 0 2
v 3 0 2
v 4 0 2
v 5 0 1
v 6 1 2
v 7 0 3
v 8 1 2
v 9 0 1
v 10 1 2
v 11 1 2
v 12 0 2
v 13 1 1
v 14 0 2
v 15 0 2
v 16 0 4
v 17 1 2
v 18 0 2
v 19 1 2
v 20 0 1
v 21 1 2
v 22 0 2
v 23 0 2
v 24 0 3
v 25 1 3
v 26 0 2
v 27 1 1
v 28 0 2
v 29 0 4
v 30 0 1
v 31 0 1
e 0 4 0
e 0 14 0
e 0 23 0
e 0 24 0
e 1 16 0
e 1 18 0
e 2 28 0
e 2 29 0
e 3 7 0
e 3 18 0
e 4 20 0
e 5 7 0
e 6 19 0
e 6 7 0
e 8 13 0
e 8 16 0
e 9 29 0
e 10 21 0
e 10 16 0
e 11 25 0
e 11 27 0
e 12 28 0
e 12 15 0
e 14 17 0
e 15 25 0
e 16 24 0
e 17 23 0
e 19 21 0
e 22 24 0
e 22 26 0
e 25 26 0
e 29 31 0
e 29 30 0
