t 32 32
v 0 0 3
v 1 0 1
v 2 2 2
v 3 0 1
v 4 0 2
v 5 0 2
v 6 0 2
v 7 0 2
v 8 0 2
v 9 1 2
v 10 0 2
v 11 4 3
v 12 1 4
v 13 1 2
v 14 2 2
v 15 0 2
v 16 2 1
v 17 3 3
v 18 0 2
v 19 0 2
v 20 0 3
v 21 0 1
v 22 4 1
v 23 0 1
v 24 0 2
v 25 0 2
v 26 1 2
v 27 1 2
v 28 0 3
v 29 0 1
v 30 0 2
v 31 0 2
e 0 20 0
e 0 17 0
e 0 11 0
e 1 5 0
e 2 16 0
e 2 11 0
e 3 7 0
e 4 26 0
e 4 25 0
e 5 20 0
e 6 30 0
e 6 31 0
e 7 8 0
e 8 10 0
e 9 27 0
e 9 13 0
e 10 18 0
e 11 17 0
e 12 14 0
e 12 22 0
e 12 18 0
e 12 23 0
e 13 28 0
e 14 17 0
e 15 30 0
e 15 19 0
e 19 28 0
e 20 24 0
e 21 31 0
e 24 25 0
e 26 27 0
e 28 29 0
