t 32 34
v 0 0 2
v 1 0 2
v 2 0 2
v 3 0 1
v 4 0 2
v 5 0 2
v 6 0 5
v 7 1 2
v 8 0 3
v 9 0 2
v 10 0 2
v 11 0 1
v 12 0 2
v 13 0 2
v 14 0 4
v 15 0 1
v 16 0 4
v 17 0 2
v 18 0 1
v 19 0 2
v 20 0 3
v 21 0 1
v 22 0 1
v 23 0 1
v 24 0 2
v 25 0 2
v 26 0 2
v 27 0 2
v 28 0 3
v 29 0 3
v 30 0 2
v 31 0 2
e 0 9 0
e 0 19 0
e 1 6 0
e 1 2 0
e 2 4 0
e 3 27 0
e 4 5 0
e 5 7 0
e 6 17 0
e 6 19 0
e 6 31 0
e 6 12 0
e 7 10 0
e 8 18 0
e 8 22 0
e 8 16 0
e 9 23 0
e 10 13 0
e 11 16 0
e 12 20 0
e 13 16 0
e 14 28 0
e 14 20 0
e 14 27 0
e 14 29 0
e 15 29 0
e 16 21 0
e 17 24 0
e 20 26 0
e 24 25 0
e 25 26 0
e 28 29 0
e 28 30 0
e 30 31 0
