t 32 32
v 0 1 2
v 1 0 3
v 2 1 1
v 3 4 1
v 4 2 1
v 5 0 3
v 6 0 1
v 7 1 2
v 8 2 2
v 9 0 4
v 10 2 2
v 11 3 4
v 12 1 1
v 13 0 5
v 14 0 1
v 15 0 1
v 16 1 3
v 17 0 1
v 18 0 2
v 19 0 2
v 20 0 6
v 21 0 1
v 22 0 3
v 23 0 1
v 24 0 2
v 25 0 1
v 26 0 1
v 27 1 1
v 28 1 2
v 29 1 1
v 30 0 2
v 31 1 1
e 0 2 0
e 0 5 0
e 1 5 0
e 1 21 0
e 1 13 0
e 3 16 0
e 4 11 0
e 5 9 0
e 6 9 0
e 7 12 0
e 7 20 0
e 8 11 0
e 8 18 0
e 9 11 0
e 9 18 0
e 10 11 0
e 10 16 0
e 13 19 0
e 13 14 0
e 13 20 0
e 13 22 0
e 15 19 0
e 16 17 0
e 20 27 0
e 20 31 0
e 20 30 0
e 20 28 0
e 22 24 0
e 22 23 0
e 24 26 0
e 25 30 0
e 28 29 0
