t 40 40
v 0 0 2
v 1 0 1
v 2 0 2
v 3 0 2
v 4 0 2
v 5 0 2
v 6 0 2
v 7 0 2
v 8 0 1
v 9 0 1
v 10 0 1
v 11 0 2
v 12 0 3
v 13 0 1
v 14 0 3
v 15 1 2
v 16 0 2
v 17 0 5
v 18 1 1
v 19 0 1
v 20 0 1
v 21 0 2
v 22 0 2
v 23 0 1
v 24 0 2
v 25 1 2
v 26 0 2
v 27 0 3
v 28 0 2
v 29 0 2
v 30 0 2
v 31 0 2
v 32 0 3
v 33 0 2
v 34 0 2
v 35 0 2
v 36 0 5
v 37 0 1
v 38 0 2
v 39 0 2
e 0 11 0
e 0 29 0
e 1 39 0
e 2 29 0
e 2 4 0
e 3 23 0
e 3 27 0
e 4 6 0
e 5 33 0
e 5 27 0
e 6 16 0
e 7 11 0
e 7 34 0
e 8 17 0
e 9 17 0
e 10 17 0
e 12 19 0
e 12 20 0
e 12 22 0
e 13 36 0
e 14 36 0
e 14 38 0
e 14 39 0
e 15 25 0
e 15 32 0
e 16 17 0
e 17 27 0
e 18 32 0
e 21 35 0
e 21 34 0
e 22 26 0
e 24 36 0
e 24 38 0
e 25 28 0
e 26 30 0
e 28 33 0
e 30 31 0
e 31 32 0
e 35 36 0
e 36 37 0
