t 40 41
v 0 1 2
v 1 1 2
v 2 0 3
v 3 0 2
v 4 1 3
v 5 1 1
v 6 1 2
v 7 0 2
v 8 0 3
v 9 1 3
v 10 0 1
v 11 0 2
v 12 0 1
v 13 1 1
v 14 0 1
v 15 1 2
v 16 0 3
v 17 1 3
v 18 0 3
v 19 0 3
v 20 1 1
v 21 0 2
v 22 1 2
v 23 0 2
v 24 1 3
v 25 0 1
v 26 1 3
v 27 1 2
v 28 0 2
v 29 0 5
v 30 0 1
v 31 4 1
v 32 0 1
v 33 1 1
v 34 0 2
v 35 0 2
v 36 1 2
v 37 1 1
v 38 1 3
v 39 1 2
e 0 1 0
e 0 6 0
e 1 2 0
e 2 3 0
e 2 8 0
e 3 11 0
e 4 37 0
e 4 6 0
e 4 38 0
e 5 15 0
e 7 17 0
e 7 8 0
e 8 10 0
e 9 39 0
e 9 18 0
e 9 29 0
e 11 21 0
e 12 27 0
e 13 16 0
e 14 16 0
e 15 17 0
e 16 18 0
e 17 20 0
e 18 36 0
e 19 31 0
e 19 28 0
e 19 24 0
e 21 25 0
e 22 29 0
e 22 34 0
e 23 28 0
e 23 35 0
e 24 26 0
e 24 29 0
e 26 29 0
e 26 33 0
e 27 36 0
e 29 38 0
e 30 35 0
e 32 34 0
e 38 39 0
