t 32 31
v 0 0 4
v 1 0 1
v 2 0 3
v 3 0 2
v 4 0 2
v 5 0 2
v 6 0 2
v 7 0 2
v 8 0 1
v 9 0 2
v 10 1 2
v 11 0 2
v 12 0 2
v 13 0 2
v 14 0 2
v 15 0 2
v 16 0 3
v 17 3 1
v 18 0 1
v 19 0 2
v 20 4 1
v 21 4 2
v 22 0 2
v 23 0 2
v 24 0 2
v 25 0 2
v 26 0 2
v 27 0 2
v 28 0 2
v 29 0 1
v 30 0 3
v 31 0 1
e 0 1 0
e 0 6 0
e 0 15 0
e 0 18 0
e 2 10 0
e 2 17 0
e 2 20 0
e 3 23 0
e 3 13 0
e 4 6 0
e 4 16 0
e 5 10 0
e 5 21 0
e 7 13 0
e 7 25 0
e 8 16 0
e 9 12 0
e 9 16 0
e 11 30 0
e 11 28 0
e 12 14 0
e 14 21 0
e 15 22 0
e 19 24 0
e 19 27 0
e 22 23 0
e 24 31 0
e 25 26 0
e 26 30 0
e 27 30 0
e 28 29 0
