t 40 42
v 0 0 2
v 1 0 2
v 2 0 3
v 3 0 2
v 4 0 3
v 5 0 1
v 6 0 2
v 7 0 3
v 8 0 3
v 9 0 3
v 10 0 2
v 11 0 1
v 12 0 1
v 13 0 2
v 14 0 3
v 15 0 4
v 16 1 4
v 17 0 1
v 18 1 2
v 19 1 2
v 20 0 2
v 21 0 1
v 22 0 2
v 23 0 2
v 24 1 3
v 25 1 2
v 26 0 2
v 27 0 2
v 28 1 2
v 29 0 1
v 30 0 2
v 31 1 2
v 32 0 3
v 33 0 1
v 34 1 2
v 35 0 4
v 36 0 1
v 37 0 1
v 38 0 2
v 39 1 1
e 0 4 0
e 0 6 0
e 1 12 0
e 1 3 0
e 2 33 0
e 2 20 0
e 2 38 0
e 3 4 0
e 4 7 0
e 5 7 0
e 6 20 0
e 7 9 0
e 8 25 0
e 8 32 0
e 8 38 0
e 9 16 0
e 9 35 0
e 10 13 0
e 10 35 0
e 11 15 0
e 13 15 0
e 14 34 0
e 14 37 0
e 14 36 0
e 15 26 0
e 15 35 0
e 16 18 0
e 16 24 0
e 16 28 0
e 17 22 0
e 18 31 0
e 19 34 0
e 19 31 0
e 21 26 0
e 22 23 0
e 23 27 0
e 24 27 0
e 24 32 0
e 25 39 0
e 28 32 0
e 29 30 0
e 30 35 0
