t 32 33
v 0 0 2
v 1 2 2
v 2 0 2
v 3 3 3
v 4 0 1
v 5 0 1
v 6 0 2
v 7 0 1
v 8 0 2
v 9 0 2
v 10 0 1
v 11 2 3
v 12 0 2
v 13 2 1
v 14 2 3
v 15 4 1
v 16 0 2
v 17 0 3
v 18 1 5
v 19 4 1
v 20 0 1
v 21 0 1
v 22 4 1
v 23 0 2
v 24 0 2
v 25 0 2
v 26 0 3
v 27 0 3
v 28 0 7
v 29 0 1
v 30 0 1
v 31 0 2
e 0 25 0
e 0 2 0
e 1 3 0
e 1 18 0
e 2 8 0
e 3 11 0
e 3 14 0
e 4 27 0
e 5 28 0
e 6 28 0
e 6 31 0
e 7 17 0
e 8 17 0
e 9 11 0
e 9 17 0
e 10 24 0
e 11 14 0
e 12 27 0
e 12 28 0
e 13 14 0
e 15 18 0
e 16 23 0
e 16 25 0
e 18 19 0
e 18 22 0
e 18 21 0
e 20 28 0
e 23 26 0
e 24 31 0
e 26 27 0
e 26 28 0
e 28 29 0
e 28 30 0
