t 32 32
v 0 0 1
v 1 0 2
v 2 0 1
v 3 0 2
v 4 3 1
v 5 0 2
v 6 0 2
v 7 2 1
v 8 4 3
v 9 0 2
v 10 4 2
v 11 0 2
v 12 2 1
v 13 0 1
v 14 0 5
v 15 0 6
v 16 0 2
v 17 0 1
v 18 0 2
v 19 0 3
v 20 4 1
v 21 0 3
v 22 0 3
v 23 0 1
v 24 0 2
v 25 0 2
v 26 0 2
v 27 0 1
v 28 0 2
v 29 0 2
v 30 0 2
v 31 0 1
e 0 21 0
e 1 15 0
e 1 17 0
e 2 15 0
e 3 19 0
e 3 15 0
e 4 8 0
e 5 26 0
e 5 28 0
e 6 30 0
e 6 16 0
e 7 8 0
e 8 10 0
e 9 22 0
e 9 21 0
e 10 14 0
e 11 16 0
e 11 29 0
e 12 14 0
e 13 19 0
e 14 15 0
e 14 21 0
e 14 29 0
e 15 20 0
e 15 18 0
e 18 19 0
e 22 24 0
e 22 23 0
e 24 25 0
e 25 26 0
e 27 28 0
e 30 31 0
