t 32 32
v 0 1 3
v 1 4 1
v 2 3 3
v 3 0 2
v 4 0 2
v 5 0 1
v 6 1 3
v 7 0 3
v 8 1 2
v 9 4 1
v 10 4 2
v 11 4 1
v 12 4 2
v 13 4 1
v 14 0 2
v 15 1 5
v 16 0 2
v 17 4 3
v 18 2 2
v 19 4 1
v 20 1 2
v 21 4 2
v 22 0 1
v 23 4 1
v 24 1 2
v 25 1 2
v 26 1 2
v 27 0 2
v 28 1 2
v 29 1 2
v 30 0 3
v 31 0 1
e 0 23 0
e 0 16 0
e 0 25 0
e 1 2 0
e 2 7 0
e 2 16 0
e 3 24 0
e 3 27 0
e 4 22 0
e 4 30 0
e 5 7 0
e 6 20 0
e 6 15 0
e 6 8 0
e 7 18 0
e 8 24 0
e 9 15 0
e 10 12 0
e 10 17 0
e 11 17 0
e 12 18 0
e 13 15 0
e 14 27 0
e 14 26 0
e 15 19 0
e 15 21 0
e 17 21 0
e 20 28 0
e 25 26 0
e 28 29 0
e 29 30 0
e 30 31 0
