t 40 41
v 0 0 2
v 1 0 4
v 2 0 2
v 3 0 1
v 4 1 1
v 5 0 3
v 6 0 2
v 7 0 1
v 8 0 3
v 9 0 4
v 10 0 2
v 11 0 2
v 12 0 2
v 13 0 2
v 14 0 2
v 15 0 2
v 16 0 3
v 17 0 2
v 18 0 2
v 19 0 1
v 20 0 2
v 21 0 1
v 22 0 2
v 23 0 3
v 24 0 2
v 25 0 2
v 26 0 2
v 27 0 2
v 28 0 1
v 29 0 3
v 30 0 1
v 31 0 2
v 32 1 2
v 33 0 3
v 34 0 2
v 35 0 2
v 36 0 2
v 37 0 2
v 38 0 2
v 39 0 1
e 0 8 0
e 0 9 0
e 1 26 0
e 1 28 0
e 1 22 0
e 1 5 0
e 2 37 0
e 2 38 0
e 3 26 0
e 4 32 0
e 5 8 0
e 5 9 0
e 6 9 0
e 6 13 0
e 7 16 0
e 8 37 0
e 9 22 0
e 10 24 0
e 10 27 0
e 11 25 0
e 11 14 0
e 12 20 0
e 12 23 0
e 13 24 0
e 14 20 0
e 15 17 0
e 15 34 0
e 16 34 0
e 16 27 0
e 17 18 0
e 18 36 0
e 19 33 0
e 21 33 0
e 23 30 0
e 23 31 0
e 25 32 0
e 29 33 0
e 29 35 0
e 29 31 0
e 35 36 0
e 38 39 0
