t 32 32
v 0 0 2
v 1 1 2
v 2 4 1
v 3 0 3
v 4 0 1
v 5 0 1
v 6 0 3
v 7 1 2
v 8 2 3
v 9 4 2
v 10 2 1
v 11 1 2
v 12 0 2
v 13 4 2
v 14 4 2
v 15 1 1
v 16 0 2
v 17 0 4
v 18 4 1
v 19 4 2
v 20 0 2
v 21 0 3
v 22 0 2
v 23 0 1
v 24 0 1
v 25 1 2
v 26 1 1
v 27 1 3
v 28 0 3
v 29 0 4
v 30 0 2
v 31 4 1
e 0 20 0
e 0 3 0
e 1 11 0
e 1 21 0
e 2 28 0
e 3 29 0
e 3 12 0
e 4 17 0
e 5 6 0
e 6 7 0
e 6 17 0
e 7 8 0
e 8 14 0
e 8 18 0
e 9 10 0
e 9 19 0
e 11 24 0
e 12 17 0
e 13 16 0
e 13 19 0
e 14 16 0
e 15 27 0
e 17 29 0
e 20 22 0
e 21 25 0
e 21 27 0
e 22 23 0
e 25 26 0
e 27 29 0
e 28 31 0
e 28 30 0
e 29 30 0
