t 32 37
v 0 0 2
v 1 0 2
v 2 0 2
v 3 0 1
v 4 0 2
v 5 0 1
v 6 0 3
v 7 0 2
v 8 0 5
v 9 0 2
v 10 0 3
v 11 0 4
v 12 4 1
v 13 3 3
v 14 0 2
v 15 0 2
v 16 0 1
v 17 0 5
v 18 4 1
v 19 0 1
v 20 0 2
v 21 2 2
v 22 0 4
v 23 0 2
v 24 0 5
v 25 0 1
v 26 0 1
v 27 0 1
v 28 0 3
v 29 0 2
v 30 0 3
v 31 0 3
e 0 1 0
e 0 10 0
e 1 11 0
e 2 7 0
e 2 28 0
e 3 11 0
e 4 7 0
e 4 24 0
e 5 6 0
e 6 9 0
e 6 19 0
e 8 10 0
e 8 30 0
e 8 17 0
e 8 22 0
e 8 31 0
e 9 11 0
e 10 17 0
e 11 14 0
e 12 13 0
e 13 18 0
e 13 21 0
e 14 20 0
e 15 22 0
e 15 24 0
e 16 31 0
e 17 22 0
e 17 30 0
e 17 31 0
e 20 21 0
e 22 23 0
e 23 28 0
e 24 26 0
e 24 25 0
e 24 27 0
e 28 29 0
e 29 30 0
