t 32 31
v 0 2 2
v 1 0 3
v 2 2 1
v 3 4 3
v 4 4 1
v 5 3 2
v 6 0 2
v 7 0 5
v 8 0 1
v 9 2 2
v 10 4 1
v 11 4 1
v 12 0 3
v 13 0 1
v 14 4 2
v 15 0 1
v 16 0 3
v 17 0 2
v 18 4 4
v 19 0 2
v 20 0 1
v 21 0 2
v 22 0 2
v 23 0 2
v 24 0 1
v 25 0 1
v 26 0 1
v 27 0 4
v 28 0 1
v 29 0 3
v 30 0 1
v 31 0 1
e 0 14 0
e 0 16 0
e 1 13 0
e 1 15 0
e 1 6 0
e 2 3 0
e 3 18 0
e 3 14 0
e 4 5 0
e 5 9 0
e 6 12 0
e 7 19 0
e 7 24 0
e 7 8 0
e 7 21 0
e 7 26 0
e 9 18 0
e 10 18 0
e 11 12 0
e 12 18 0
e 16 17 0
e 16 20 0
e 17 22 0
e 19 27 0
e 21 22 0
e 23 27 0
e 23 29 0
e 25 27 0
e 27 28 0
e 29 30 0
e 29 31 0
