t 32 32
v 0 0 4
v 1 0 1
v 2 0 1
v 3 0 3
v 4 0 2
v 5 0 3
v 6 0 1
v 7 0 2
v 8 1 2
v 9 0 3
v 10 0 1
v 11 4 1
v 12 2 1
v 13 0 3
v 14 0 3
v 15 4 1
v 16 0 2
v 17 4 5
v 18 0 2
v 19 4 1
v 20 2 2
v 21 3 3
v 22 4 1
v 23 0 2
v 24 0 1
v 25 0 2
v 26 0 2
v 27 0 2
v 28 0 2
v 29 0 2
v 30 0 2
v 31 0 1
e 0 23 0
e 0 24 0
e 0 1 0
e 0 14 0
e 2 14 0
e 3 25 0
e 3 13 0
e 3 23 0
e 4 9 0
e 4 14 0
e 5 25 0
e 5 10 0
e 5 16 0
e 6 18 0
e 7 30 0
e 7 31 0
e 8 9 0
e 8 18 0
e 9 17 0
e 11 17 0
e 12 17 0
e 13 27 0
e 13 28 0
e 15 21 0
e 16 26 0
e 17 22 0
e 17 20 0
e 19 21 0
e 20 21 0
e 26 27 0
e 28 29 0
e 29 30 0
