t 32 31
v 0 1 1
v 1 4 4
v 2 1 2
v 3 1 3
v 4 0 2
v 5 0 2
v 6 0 2
v 7 1 2
v 8 0 3
v 9 0 2
v 10 0 2
v 11 4 4
v 12 0 3
v 13 0 1
v 14 4 1
v 15 0 2
v 16 0 2
v 17 4 1
v 18 4 1
v 19 1 2
v 20 0 2
v 21 0 2
v 22 0 2
v 23 0 1
v 24 0 2
v 25 4 1
v 26 0 2
v 27 0 3
v 28 0 2
v 29 4 1
v 30 4 1
v 31 0 1
e 0 3 0
e 1 30 0
e 1 25 0
e 1 29 0
e 1 27 0
e 2 19 0
e 2 3 0
e 3 7 0
e 4 6 0
e 4 8 0
e 5 15 0
e 5 26 0
e 6 19 0
e 7 23 0
e 8 24 0
e 8 9 0
e 9 10 0
e 10 21 0
e 11 18 0
e 11 17 0
e 11 14 0
e 11 20 0
e 12 13 0
e 12 27 0
e 12 28 0
e 15 24 0
e 16 27 0
e 16 31 0
e 20 22 0
e 21 22 0
e 26 28 0
