t 32 31
v 0 0 1
v 1 0 4
v 2 0 1
v 3 0 1
v 4 0 1
v 5 0 1
v 6 1 1
v 7 0 3
v 8 1 2
v 9 1 3
v 10 1 1
v 11 0 2
v 12 0 3
v 13 1 2
v 14 1 2
v 15 0 2
v 16 0 2
v 17 4 2
v 18 0 2
v 19 0 2
v 20 1 2
v 21 2 1
v 22 2 2
v 23 0 3
v 24 0 2
v 25 0 2
v 26 0 3
v 27 0 2
v 28 0 2
v 29 1 2
v 30 4 1
v 31 1 2
e 0 1 0
e 1 5 0
e 1 7 0
e 1 26 0
e 2 12 0
e 3 26 0
e 4 7 0
e 6 8 0
e 7 12 0
e 8 29 0
e 9 10 0
e 9 26 0
e 9 31 0
e 11 28 0
e 11 18 0
e 12 16 0
e 13 14 0
e 13 31 0
e 14 29 0
e 15 17 0
e 15 18 0
e 16 25 0
e 17 23 0
e 19 27 0
e 19 28 0
e 20 23 0
e 20 25 0
e 21 22 0
e 22 24 0
e 23 30 0
e 24 27 0
