t 40 43
v 0 0 2
v 1 0 3
v 2 0 1
v 3 0 1
v 4 1 2
v 5 0 2
v 6 1 2
v 7 0 3
v 8 0 2
v 9 0 3
v 10 0 2
v 11 0 2
v 12 0 3
v 13 0 1
v 14 0 1
v 15 0 2
v 16 0 2
v 17 0 3
v 18 0 1
v 19 0 4
v 20 0 4
v 21 0 1
v 22 0 2
v 23 0 2
v 24 1 2
v 25 0 2
v 26 0 4
v 27 0 3
v 28 0 2
v 29 0 2
v 30 0 2
v 31 0 2
v 32 0 2
v 33 0 4
v 34 0 2
v 35 0 1
v 36 0 2
v 37 0 2
v 38 0 2
v 39 0 1
e 0 17 0
e 0 16 0
e 1 23 0
e 1 22 0
e 1 19 0
e 2 5 0
e 3 26 0
e 4 24 0
e 4 6 0
e 5 29 0
e 6 7 0
e 7 31 0
e 7 20 0
e 8 38 0
e 8 37 0
e 9 19 0
e 9 24 0
e 9 29 0
e 10 34 0
e 10 31 0
e 11 27 0
e 11 12 0
e 12 27 0
e 12 15 0
e 13 33 0
e 14 33 0
e 15 20 0
e 16 28 0
e 17 22 0
e 17 19 0
e 18 20 0
e 19 23 0
e 20 21 0
e 25 27 0
e 25 30 0
e 26 33 0
e 26 35 0
e 26 36 0
e 28 37 0
e 30 33 0
e 32 34 0
e 32 36 0
e 38 39 0
