t 32 43
v 0 0 2
v 1 0 4
v 2 0 2
v 3 0 5
v 4 0 2
v 5 0 3
v 6 0 3
v 7 0 3
v 8 0 1
v 9 0 2
v 10 0 1
v 11 0 5
v 12 0 5
v 13 0 1
v 14 0 1
v 15 0 1
v 16 0 2
v 17 2 1
v 18 0 3
v 19 0 8
v 20 0 2
v 21 0 3
v 22 0 2
v 23 0 2
v 24 0 4
v 25 0 3
v 26 0 2
v 27 0 3
v 28 0 1
v 29 0 3
v 30 0 4
v 31 0 2
e 0 1 0
e 0 19 0
e 1 22 0
e 1 2 0
e 1 3 0
e 2 3 0
e 3 12 0
e 3 30 0
e 3 6 0
e 4 5 0
e 4 19 0
e 5 30 0
e 5 6 0
e 6 18 0
e 7 14 0
e 7 9 0
e 7 18 0
e 8 11 0
e 9 11 0
e 10 24 0
e 11 16 0
e 11 21 0
e 11 13 0
e 12 26 0
e 12 24 0
e 12 23 0
e 12 20 0
e 15 25 0
e 16 17 0
e 18 19 0
e 19 26 0
e 19 31 0
e 19 29 0
e 19 22 0
e 19 20 0
e 21 24 0
e 21 27 0
e 23 25 0
e 24 25 0
e 27 28 0
e 27 29 0
e 29 30 0
e 30 31 0
