t 32 34
v 0 1 3
v 1 1 1
v 2 1 2
v 3 0 2
v 4 1 2
v 5 0 2
v 6 4 1
v 7 0 1
v 8 4 1
v 9 1 2
v 10 4 1
v 11 0 3
v 12 1 6
v 13 0 2
v 14 0 2
v 15 0 2
v 16 0 2
v 17 0 1
v 18 1 2
v 19 0 1
v 20 0 2
v 21 0 1
v 22 0 2
v 23 0 2
v 24 0 3
v 25 0 3
v 26 1 2
v 27 1 2
v 28 1 4
v 29 0 2
v 30 1 1
v 31 0 5
e 0 9 0
e 0 12 0
e 0 31 0
e 1 28 0
e 2 25 0
e 2 27 0
e 3 12 0
e 3 5 0
e 4 26 0
e 4 31 0
e 5 11 0
e 6 12 0
e 7 11 0
e 8 28 0
e 9 18 0
e 10 12 0
e 11 20 0
e 12 28 0
e 12 31 0
e 13 16 0
e 13 14 0
e 14 29 0
e 15 17 0
e 15 23 0
e 16 25 0
e 18 27 0
e 19 24 0
e 20 26 0
e 21 24 0
e 22 23 0
e 22 29 0
e 24 25 0
e 28 31 0
e 30 31 0
