t 32 31
v 0 0 2
v 1 0 1
v 2 0 1
v 3 0 2
v 4 0 2
v 5 0 2
v 6 0 2
v 7 0 1
v 8 2 2
v 9 0 2
v 10 0 3
v 11 0 2
v 12 0 2
v 13 2 1
v 14 2 2
v 15 0 2
v 16 4 1
v 17 0 2
v 18 0 2
v 19 4 2
v 20 2 2
v 21 2 3
v 22 0 3
v 23 0 2
v 24 0 3
v 25 0 2
v 26 0 2
v 27 0 1
v 28 0 2
v 29 0 2
v 30 0 2
v 31 0 2
e 0 11 0
e 0 3 0
e 1 24 0
e 2 6 0
e 3 5 0
e 4 24 0
e 4 23 0
e 5 9 0
e 6 31 0
e 7 10 0
e 8 14 0
e 8 21 0
e 9 17 0
e 10 20 0
e 10 17 0
e 11 15 0
e 12 27 0
e 12 18 0
e 13 14 0
e 15 23 0
e 16 21 0
e 18 22 0
e 19 20 0
e 19 21 0
e 22 26 0
e 22 25 0
e 24 25 0
e 26 28 0
e 28 29 0
e 29 30 0
e 30 31 0
