t 40 41
v 0 1 2
v 1 0 2
v 2 0 2
v 3 0 2
v 4 1 2
v 5 0 1
v 6 0 2
v 7 4 2
v 8 1 2
v 9 2 4
v 10 0 1
v 11 0 2
v 12 0 2
v 13 2 2
v 14 4 1
v 15 0 3
v 16 1 1
v 17 4 2
v 18 0 2
v 19 1 1
v 20 0 3
v 21 0 6
v 22 2 1
v 23 0 1
v 24 4 1
v 25 0 2
v 26 4 1
v 27 0 2
v 28 0 4
v 29 1 3
v 30 0 2
v 31 0 4
v 32 1 2
v 33 1 2
v 34 1 1
v 35 4 2
v 36 0 2
v 37 0 2
v 38 0 2
v 39 0 1
e 0 1 0
e 0 37 0
e 1 2 0
e 2 28 0
e 3 5 0
e 3 6 0
e 4 19 0
e 4 21 0
e 6 28 0
e 7 12 0
e 7 35 0
e 8 9 0
e 8 28 0
e 9 14 0
e 9 17 0
e 9 26 0
e 10 15 0
e 11 36 0
e 11 27 0
e 12 17 0
e 13 22 0
e 13 35 0
e 15 24 0
e 15 30 0
e 16 21 0
e 18 38 0
e 18 39 0
e 20 21 0
e 20 23 0
e 20 31 0
e 21 33 0
e 21 31 0
e 21 28 0
e 25 29 0
e 25 31 0
e 27 29 0
e 29 32 0
e 30 36 0
e 31 33 0
e 32 34 0
e 37 38 0
