t 32 31
v 0 0 2
v 1 0 2
v 2 0 2
v 3 1 1
v 4 1 1
v 5 1 2
v 6 0 6
v 7 0 2
v 8 0 1
v 9 0 1
v 10 0 4
v 11 0 2
v 12 0 2
v 13 0 2
v 14 0 1
v 15 0 2
v 16 0 2
v 17 0 4
v 18 1 2
v 19 0 2
v 20 0 1
v 21 0 1
v 22 0 1
v 23 0 3
v 24 0 1
v 25 0 2
v 26 0 2
v 27 0 2
v 28 0 2
v 29 0 1
v 30 0 2
v 31 0 1
e 0 22 0
e 0 17 0
e 1 2 0
e 1 17 0
e 2 5 0
e 3 10 0
e 4 10 0
e 5 10 0
e 6 9 0
e 6 21 0
e 6 8 0
e 6 12 0
e 6 14 0
e 6 20 0
e 7 16 0
e 7 30 0
e 10 18 0
e 11 15 0
e 11 28 0
e 12 18 0
e 13 16 0
e 13 23 0
e 15 23 0
e 17 25 0
e 17 24 0
e 19 31 0
e 19 30 0
e 23 29 0
e 25 26 0
e 26 27 0
e 27 28 0
