t 32 33
v 0 0 4
v 1 0 2
v 2 4 1
v 3 0 4
v 4 0 2
v 5 2 3
v 6 0 2
v 7 0 1
v 8 0 1
v 9 0 2
v 10 0 2
v 11 0 2
v 12 0 3
v 13 4 2
v 14 4 1
v 15 0 2
v 16 0 2
v 17 0 1
v 18 0 2
v 19 0 5
v 20 0 1
v 21 1 1
v 22 0 3
v 23 0 3
v 24 0 1
v 25 0 2
v 26 0 2
v 27 0 2
v 28 0 2
v 29 0 3
v 30 0 1
v 31 0 1
e 0 13 0
e 0 15 0
e 0 1 0
e 0 19 0
e 1 6 0
e 2 5 0
e 3 7 0
e 3 19 0
e 3 8 0
e 3 20 0
e 4 22 0
e 4 15 0
e 5 13 0
e 5 14 0
e 6 11 0
e 9 19 0
e 9 12 0
e 10 18 0
e 10 16 0
e 11 19 0
e 12 17 0
e 12 19 0
e 16 23 0
e 18 25 0
e 21 22 0
e 22 23 0
e 23 24 0
e 25 26 0
e 26 27 0
e 27 28 0
e 28 29 0
e 29 30 0
e 29 31 0
