t 40 53
v 0 0 3
v 1 0 3
v 2 0 1
v 3 0 3
v 4 0 1
v 5 0 3
v 6 0 2
v 7 0 2
v 8 0 2
v 9 0 1
v 10 0 2
v 11 0 3
v 12 0 6
v 13 0 1
v 14 0 9
v 15 0 1
v 16 0 5
v 17 0 3
v 18 0 3
v 19 0 2
v 20 0 2
v 21 0 2
v 22 0 3
v 23 0 7
v 24 0 2
v 25 0 1
v 26 0 3
v 27 0 1
v 28 0 2
v 29 0 2
v 30 0 3
v 31 0 2
v 32 0 3
v 33 0 2
v 34 0 4
v 35 0 2
v 36 0 3
v 37 0 2
v 38 0 2
v 39 0 2
e 0 1 0
e 0 12 0
e 0 14 0
e 1 20 0
e 1 3 0
e 2 32 0
e 3 5 0
e 3 14 0
e 4 26 0
e 5 16 0
e 5 23 0
e 6 14 0
e 6 34 0
e 7 14 0
e 7 16 0
e 8 19 0
e 8 22 0
e 9 16 0
e 10 16 0
e 10 20 0
e 11 32 0
e 11 23 0
e 11 28 0
e 12 24 0
e 12 35 0
e 12 30 0
e 12 36 0
e 12 23 0
e 13 23 0
e 14 35 0
e 14 30 0
e 14 18 0
e 14 17 0
e 14 21 0
e 15 24 0
e 16 34 0
e 17 37 0
e 17 36 0
e 18 19 0
e 18 22 0
e 21 29 0
e 22 23 0
e 23 36 0
e 23 29 0
e 25 31 0
e 26 38 0
e 26 39 0
e 27 32 0
e 28 34 0
e 30 39 0
e 31 33 0
e 33 34 0
e 37 38 0
