t 40 40
v 0 0 2
v 1 0 2
v 2 0 2
v 3 0 2
v 4 0 1
v 5 0 2
v 6 0 2
v 7 0 2
v 8 0 2
v 9 0 1
v 10 0 3
v 11 0 2
v 12 1 3
v 13 0 2
v 14 0 2
v 15 0 1
v 16 1 1
v 17 0 2
v 18 0 3
v 19 0 2
v 20 0 4
v 21 0 1
v 22 0 3
v 23 0 2
v 24 0 3
v 25 0 3
v 26 0 1
v 27 0 3
v 28 0 2
v 29 0 1
v 30 0 1
v 31 0 2
v 32 1 2
v 33 0 3
v 34 0 1
v 35 0 1
v 36 0 2
v 37 0 2
v 38 0 3
v 39 0 1
e 0 38 0
e 0 3 0
e 1 23 0
e 1 28 0
e 2 17 0
e 2 19 0
e 3 28 0
e 4 33 0
e 5 35 0
e 5 8 0
e 6 7 0
e 6 22 0
e 7 33 0
e 8 22 0
e 9 11 0
e 10 14 0
e 10 34 0
e 10 31 0
e 11 13 0
e 12 32 0
e 12 16 0
e 12 36 0
e 13 14 0
e 15 36 0
e 17 23 0
e 18 21 0
e 18 20 0
e 18 24 0
e 19 33 0
e 20 27 0
e 20 25 0
e 20 31 0
e 22 24 0
e 24 25 0
e 25 26 0
e 27 32 0
e 27 29 0
e 30 37 0
e 37 38 0
e 38 39 0
