t 40 42
v 0 0 2
v 1 0 2
v 2 0 2
v 3 1 1
v 4 0 2
v 5 0 3
v 6 0 3
v 7 1 1
v 8 0 2
v 9 0 1
v 10 0 2
v 11 1 1
v 12 0 2
v 13 0 2
v 14 0 3
v 15 0 2
v 16 0 2
v 17 1 2
v 18 1 1
v 19 0 1
v 20 0 1
v 21 0 2
v 22 0 3
v 23 0 4
v 24 0 3
v 25 0 2
v 26 0 4
v 27 0 2
v 28 0 2
v 29 0 1
v 30 0 3
v 31 0 2
v 32 0 5
v 33 0 1
v 34 1 1
v 35 0 2
v 36 1 2
v 37 0 3
v 38 0 2
v 39 0 2
e 0 29 0
e 0 37 0
e 1 2 0
e 1 37 0
e 2 26 0
e 3 26 0
e 4 37 0
e 4 39 0
e 5 6 0
e 5 26 0
e 5 32 0
e 6 18 0
e 6 8 0
e 7 30 0
e 8 19 0
e 9 27 0
e 10 38 0
e 10 36 0
e 11 23 0
e 12 33 0
e 12 25 0
e 13 27 0
e 13 15 0
e 14 21 0
e 14 22 0
e 14 24 0
e 15 32 0
e 16 31 0
e 16 32 0
e 17 36 0
e 17 23 0
e 20 32 0
e 21 23 0
e 22 30 0
e 22 24 0
e 23 34 0
e 24 30 0
e 25 39 0
e 26 32 0
e 28 31 0
e 28 35 0
e 35 38 0
