t 32 34
v 0 0 2
v 1 0 3
v 2 0 2
v 3 0 1
v 4 0 1
v 5 0 1
v 6 0 4
v 7 0 1
v 8 0 4
v 9 0 2
v 10 0 1
v 11 0 2
v 12 0 3
v 13 0 3
v 14 0 2
v 15 0 3
v 16 0 1
v 17 0 2
v 18 0 3
v 19 1 2
v 20 0 2
v 21 0 2
v 22 0 2
v 23 0 1
v 24 0 3
v 25 0 1
v 26 0 2
v 27 0 2
v 28 0 4
v 29 0 1
v 30 0 3
v 31 0 2
e 0 1 0
e 0 2 0
e 1 6 0
e 1 13 0
e 2 8 0
e 3 12 0
e 4 8 0
e 5 30 0
e 6 12 0
e 6 10 0
e 6 13 0
e 7 15 0
e 8 21 0
e 8 24 0
e 9 18 0
e 9 15 0
e 11 17 0
e 11 27 0
e 12 16 0
e 13 19 0
e 14 17 0
e 14 28 0
e 15 18 0
e 18 20 0
e 19 20 0
e 21 24 0
e 22 28 0
e 22 30 0
e 23 26 0
e 24 27 0
e 25 28 0
e 26 31 0
e 28 29 0
e 30 31 0
