t 40 42
v 0 0 1
v 1 0 4
v 2 0 2
v 3 0 3
v 4 0 2
v 5 0 3
v 6 0 2
v 7 4 2
v 8 1 2
v 9 0 1
v 10 4 2
v 11 2 3
v 12 0 3
v 13 0 3
v 14 2 2
v 15 0 1
v 16 4 1
v 17 3 4
v 18 4 1
v 19 0 2
v 20 0 2
v 21 1 2
v 22 0 3
v 23 0 2
v 24 2 1
v 25 1 2
v 26 0 1
v 27 0 1
v 28 0 2
v 29 0 3
v 30 0 3
v 31 0 1
v 32 0 3
v 33 0 1
v 34 0 2
v 35 0 2
v 36 0 2
v 37 0 2
v 38 0 3
v 39 0 2
e 0 32 0
e 1 37 0
e 1 39 0
e 1 22 0
e 1 30 0
e 2 3 0
e 2 30 0
e 3 38 0
e 3 4 0
e 4 5 0
e 5 11 0
e 5 9 0
e 6 20 0
e 6 23 0
e 7 24 0
e 7 11 0
e 8 10 0
e 8 11 0
e 10 35 0
e 12 17 0
e 12 21 0
e 12 29 0
e 13 33 0
e 13 36 0
e 13 19 0
e 14 15 0
e 14 17 0
e 16 17 0
e 17 18 0
e 19 35 0
e 20 26 0
e 21 25 0
e 22 32 0
e 22 28 0
e 23 25 0
e 27 32 0
e 28 39 0
e 29 31 0
e 29 34 0
e 30 38 0
e 34 36 0
e 37 38 0
