t 40 41
v 0 0 1
v 1 0 3
v 2 0 2
v 3 0 2
v 4 0 2
v 5 0 4
v 6 0 1
v 7 0 3
v 8 0 1
v 9 0 2
v 10 0 1
v 11 0 2
v 12 0 4
v 13 0 2
v 14 0 1
v 15 0 4
v 16 0 4
v 17 0 1
v 18 0 2
v 19 0 2
v 20 0 3
v 21 0 2
v 22 0 2
v 23 0 3
v 24 0 2
v 25 0 2
v 26 0 2
v 27 0 1
v 28 0 2
v 29 0 1
v 30 0 2
v 31 0 2
v 32 1 2
v 33 0 2
v 34 0 1
v 35 0 2
v 36 0 2
v 37 0 2
v 38 0 2
v 39 0 1
e 0 1 0
e 1 7 0
e 1 26 0
e 2 9 0
e 2 5 0
e 3 31 0
e 3 5 0
e 4 28 0
e 4 15 0
e 5 28 0
e 5 24 0
e 6 15 0
e 7 9 0
e 7 14 0
e 8 15 0
e 10 12 0
e 11 30 0
e 11 26 0
e 12 16 0
e 12 34 0
e 12 19 0
e 13 18 0
e 13 24 0
e 15 35 0
e 16 22 0
e 16 17 0
e 16 20 0
e 18 31 0
e 19 29 0
e 20 27 0
e 20 23 0
e 21 32 0
e 21 22 0
e 23 32 0
e 23 33 0
e 25 35 0
e 25 33 0
e 30 36 0
e 36 37 0
e 37 38 0
e 38 39 0
