t 40 42
v 0 0 1
v 1 0 1
v 2 0 1
v 3 0 2
v 4 0 1
v 5 0 4
v 6 0 2
v 7 0 3
v 8 0 3
v 9 2 2
v 10 0 2
v 11 0 2
v 12 0 1
v 13 0 3
v 14 0 1
v 15 0 1
v 16 4 1
v 17 1 3
v 18 0 4
v 19 0 3
v 20 0 2
v 21 0 2
v 22 0 2
v 23 0 2
v 24 0 2
v 25 0 2
v 26 0 2
v 27 0 2
v 28 0 1
v 29 3 3
v 30 0 1
v 31 0 2
v 32 2 2
v 33 0 3
v 34 0 1
v 35 0 2
v 36 0 2
v 37 0 5
v 38 0 4
v 39 0 1
e 0 33 0
e 1 25 0
e 2 19 0
e 3 23 0
e 3 22 0
e 4 5 0
e 5 20 0
e 5 15 0
e 5 37 0
e 6 7 0
e 6 8 0
e 7 37 0
e 7 26 0
e 8 37 0
e 8 26 0
e 9 24 0
e 9 29 0
e 10 33 0
e 10 22 0
e 11 35 0
e 11 31 0
e 12 19 0
e 13 37 0
e 13 25 0
e 13 23 0
e 14 17 0
e 16 17 0
e 17 32 0
e 18 28 0
e 18 29 0
e 18 27 0
e 18 24 0
e 19 20 0
e 21 35 0
e 21 36 0
e 27 31 0
e 29 32 0
e 30 38 0
e 33 38 0
e 34 38 0
e 36 37 0
e 38 39 0
