t 40 39
v 0 0 2
v 1 0 2
v 2 0 4
v 3 0 2
v 4 0 2
v 5 0 2
v 6 0 3
v 7 0 2
v 8 0 2
v 9 0 1
v 10 0 1
v 11 0 2
v 12 0 2
v 13 0 2
v 14 0 2
v 15 0 3
v 16 0 2
v 17 4 2
v 18 0 2
v 19 2 3
v 20 4 1
v 21 0 2
v 22 4 3
v 23 4 1
v 24 0 2
v 25 0 2
v 26 4 1
v 27 0 1
v 28 0 1
v 29 4 2
v 30 4 1
v 31 4 3
v 32 0 1
v 33 0 2
v 34 0 3
v 35 0 2
v 36 0 2
v 37 0 2
v 38 0 2
v 39 0 1
e 0 24 0
e 0 33 0
e 1 18 0
e 1 11 0
e 2 28 0
e 2 5 0
e 2 35 0
e 2 14 0
e 3 8 0
e 3 25 0
e 4 34 0
e 4 21 0
e 5 13 0
e 6 32 0
e 6 14 0
e 6 12 0
e 7 21 0
e 7 13 0
e 8 34 0
e 9 15 0
e 10 15 0
e 11 25 0
e 12 22 0
e 15 16 0
e 16 35 0
e 17 31 0
e 17 19 0
e 18 33 0
e 19 23 0
e 19 29 0
e 20 31 0
e 22 29 0
e 22 30 0
e 24 36 0
e 26 31 0
e 27 34 0
e 36 37 0
e 37 38 0
e 38 39 0
