t 40 39
v 0 0 2
v 1 0 2
v 2 0 2
v 3 0 2
v 4 0 3
v 5 2 1
v 6 0 2
v 7 0 2
v 8 0 2
v 9 0 2
v 10 0 3
v 11 4 2
v 12 0 2
v 13 0 2
v 14 0 3
v 15 0 2
v 16 4 1
v 17 1 4
v 18 4 1
v 19 4 1
v 20 1 2
v 21 0 2
v 22 0 3
v 23 0 1
v 24 1 2
v 25 1 2
v 26 0 2
v 27 4 3
v 28 0 2
v 29 0 2
v 30 1 2
v 31 0 1
v 32 0 1
v 33 0 2
v 34 0 2
v 35 0 2
v 36 0 2
v 37 0 2
v 38 0 1
v 39 0 1
e 0 26 0
e 0 36 0
e 1 2 0
e 1 28 0
e 2 7 0
e 3 7 0
e 3 6 0
e 4 15 0
e 4 26 0
e 4 39 0
e 5 27 0
e 6 29 0
e 8 13 0
e 8 29 0
e 9 15 0
e 9 28 0
e 10 31 0
e 10 12 0
e 10 13 0
e 11 27 0
e 11 17 0
e 12 14 0
e 14 32 0
e 14 21 0
e 16 17 0
e 17 20 0
e 17 19 0
e 18 27 0
e 20 24 0
e 21 22 0
e 22 23 0
e 22 35 0
e 24 25 0
e 25 30 0
e 30 33 0
e 33 34 0
e 34 35 0
e 36 37 0
e 37 38 0
