t 40 40
v 0 0 1
v 1 0 2
v 2 0 2
v 3 0 2
v 4 0 2
v 5 0 2
v 6 0 2
v 7 0 2
v 8 0 1
v 9 0 3
v 10 0 2
v 11 0 1
v 12 0 2
v 13 0 3
v 14 0 2
v 15 0 2
v 16 0 2
v 17 0 2
v 18 1 2
v 19 0 2
v 20 0 2
v 21 0 3
v 22 0 3
v 23 0 5
v 24 0 1
v 25 0 2
v 26 0 1
v 27 0 2
v 28 0 2
v 29 0 2
v 30 0 2
v 31 0 2
v 32 0 1
v 33 0 1
v 34 0 1
v 35 0 3
v 36 0 2
v 37 0 4
v 38 0 1
v 39 0 1
e 0 21 0
e 1 19 0
e 1 4 0
e 2 5 0
e 2 19 0
e 3 21 0
e 3 31 0
e 4 16 0
e 5 29 0
e 6 18 0
e 6 15 0
e 7 14 0
e 7 29 0
e 8 9 0
e 9 14 0
e 9 10 0
e 10 35 0
e 11 35 0
e 12 21 0
e 12 37 0
e 13 30 0
e 13 22 0
e 13 25 0
e 15 27 0
e 16 31 0
e 17 25 0
e 17 23 0
e 18 20 0
e 20 22 0
e 22 24 0
e 23 26 0
e 23 32 0
e 23 33 0
e 23 35 0
e 27 28 0
e 28 30 0
e 34 36 0
e 36 37 0
e 37 38 0
e 37 39 0
