t 32 32
v 0 2 2
v 1 4 2
v 2 4 1
v 3 2 2
v 4 4 1
v 5 4 2
v 6 0 3
v 7 0 3
v 8 4 2
v 9 4 2
v 10 4 2
v 11 0 2
v 12 2 1
v 13 2 3
v 14 4 2
v 15 2 2
v 16 4 3
v 17 4 1
v 18 4 2
v 19 4 1
v 20 4 2
v 21 0 2
v 22 2 2
v 23 0 2
v 24 3 2
v 25 0 2
v 26 0 1
v 27 0 4
v 28 0 2
v 29 0 2
v 30 4 2
v 31 4 2
e 0 3 0
e 0 7 0
e 1 8 0
e 1 15 0
e 2 23 0
e 3 16 0
e 4 6 0
e 5 9 0
e 5 10 0
e 6 7 0
e 6 21 0
e 7 27 0
e 8 9 0
e 10 19 0
e 11 29 0
e 11 30 0
e 12 13 0
e 13 18 0
e 13 17 0
e 14 31 0
e 14 30 0
e 15 20 0
e 16 20 0
e 16 18 0
e 21 22 0
e 22 24 0
e 23 31 0
e 24 25 0
e 25 27 0
e 26 27 0
e 27 28 0
e 28 29 0
