t 32 31
v 0 4 2
v 1 4 2
v 2 0 2
v 3 0 2
v 4 0 2
v 5 0 2
v 6 4 1
v 7 0 3
v 8 4 1
v 9 0 2
v 10 4 1
v 11 2 2
v 12 3 3
v 13 2 2
v 14 0 3
v 15 4 1
v 16 4 1
v 17 0 4
v 18 4 1
v 19 2 2
v 20 4 4
v 21 4 1
v 22 1 2
v 23 0 3
v 24 0 1
v 25 4 2
v 26 4 3
v 27 4 2
v 28 2 1
v 29 0 2
v 30 4 1
v 31 4 1
e 0 2 0
e 0 14 0
e 1 14 0
e 1 22 0
e 2 3 0
e 3 5 0
e 4 22 0
e 4 7 0
e 5 17 0
e 6 17 0
e 7 25 0
e 7 24 0
e 8 12 0
e 9 27 0
e 9 29 0
e 10 20 0
e 11 17 0
e 11 19 0
e 12 16 0
e 12 17 0
e 13 20 0
e 13 15 0
e 14 21 0
e 18 20 0
e 19 20 0
e 23 30 0
e 23 28 0
e 23 29 0
e 25 26 0
e 26 27 0
e 26 31 0
