t 40 44
v 0 0 3
v 1 0 4
v 2 0 3
v 3 0 1
v 4 0 3
v 5 0 1
v 6 0 1
v 7 0 2
v 8 0 1
v 9 0 3
v 10 2 1
v 11 0 3
v 12 0 2
v 13 0 2
v 14 0 1
v 15 0 1
v 16 0 2
v 17 0 3
v 18 0 2
v 19 0 3
v 20 0 3
v 21 2 3
v 22 4 1
v 23 0 2
v 24 0 2
v 25 0 2
v 26 2 2
v 27 4 1
v 28 0 2
v 29 0 3
v 30 0 3
v 31 0 2
v 32 0 4
v 33 0 4
v 34 1 1
v 35 0 2
v 36 0 2
v 37 0 2
v 38 0 3
v 39 0 2
e 0 2 0
e 0 37 0
e 0 38 0
e 1 12 0
e 1 15 0
e 1 30 0
e 1 35 0
e 2 4 0
e 2 32 0
e 3 20 0
e 4 23 0
e 4 31 0
e 5 7 0
e 6 33 0
e 7 9 0
e 8 9 0
e 9 11 0
e 10 20 0
e 11 19 0
e 11 31 0
e 12 19 0
e 13 17 0
e 13 32 0
e 14 33 0
e 16 18 0
e 16 36 0
e 17 19 0
e 17 24 0
e 18 35 0
e 20 26 0
e 21 22 0
e 21 26 0
e 21 29 0
e 23 32 0
e 24 39 0
e 25 32 0
e 25 33 0
e 27 29 0
e 28 38 0
e 28 39 0
e 29 30 0
e 30 34 0
e 33 36 0
e 37 38 0
