t 32 33
v 0 0 2
v 1 0 2
v 2 0 3
v 3 0 2
v 4 0 1
v 5 1 2
v 6 0 6
v 7 0 4
v 8 4 1
v 9 4 1
v 10 0 2
v 11 3 3
v 12 2 2
v 13 0 4
v 14 0 1
v 15 0 2
v 16 0 3
v 17 0 2
v 18 0 2
v 19 0 1
v 20 1 2
v 21 0 2
v 22 0 2
v 23 0 1
v 24 0 1
v 25 0 1
v 26 0 2
v 27 0 3
v 28 0 2
v 29 0 1
v 30 0 2
v 31 0 1
e 0 7 0
e 0 3 0
e 1 20 0
e 1 15 0
e 2 19 0
e 2 28 0
e 2 30 0
e 3 10 0
e 4 22 0
e 5 20 0
e 5 21 0
e 6 16 0
e 6 17 0
e 6 25 0
e 6 24 0
e 6 7 0
e 6 14 0
e 7 13 0
e 7 16 0
e 8 13 0
e 9 11 0
e 10 15 0
e 11 12 0
e 11 21 0
e 12 13 0
e 13 22 0
e 16 23 0
e 17 26 0
e 18 27 0
e 18 28 0
e 26 27 0
e 27 29 0
e 30 31 0
