t 40 41
v 0 0 2
v 1 0 2
v 2 0 2
v 3 1 2
v 4 0 1
v 5 0 2
v 6 0 2
v 7 0 1
v 8 0 1
v 9 0 2
v 10 1 2
v 11 1 2
v 12 1 2
v 13 1 3
v 14 1 3
v 15 4 1
v 16 0 2
v 17 1 2
v 18 0 3
v 19 0 3
v 20 1 2
v 21 1 3
v 22 1 2
v 23 0 2
v 24 1 2
v 25 0 2
v 26 0 3
v 27 0 3
v 28 1 2
v 29 1 1
v 30 0 2
v 31 0 1
v 32 0 2
v 33 0 3
v 34 1 3
v 35 0 2
v 36 0 2
v 37 0 2
v 38 0 2
v 39 0 1
e 0 13 0
e 0 22 0
e 1 8 0
e 1 35 0
e 2 34 0
e 2 17 0
e 3 16 0
e 3 22 0
e 4 5 0
e 5 18 0
e 6 19 0
e 6 27 0
e 7 18 0
e 9 30 0
e 9 33 0
e 10 17 0
e 10 28 0
e 11 34 0
e 11 13 0
e 12 20 0
e 12 14 0
e 13 19 0
e 14 21 0
e 14 19 0
e 15 21 0
e 16 32 0
e 18 28 0
e 20 21 0
e 23 30 0
e 23 26 0
e 24 34 0
e 24 29 0
e 25 26 0
e 25 27 0
e 26 27 0
e 31 33 0
e 32 36 0
e 33 35 0
e 36 37 0
e 37 38 0
e 38 39 0
