t 40 41
v 0 0 2
v 1 0 2
v 2 0 2
v 3 0 2
v 4 0 1
v 5 0 2
v 6 0 2
v 7 0 2
v 8 0 2
v 9 0 2
v 10 0 3
v 11 0 1
v 12 0 2
v 13 0 1
v 14 0 2
v 15 0 2
v 16 0 5
v 17 0 2
v 18 0 1
v 19 1 1
v 20 0 4
v 21 0 2
v 22 0 1
v 23 0 2
v 24 0 2
v 25 0 2
v 26 0 2
v 27 0 3
v 28 0 2
v 29 0 2
v 30 0 3
v 31 0 2
v 32 4 1
v 33 0 2
v 34 0 2
v 35 0 2
v 36 0 3
v 37 0 4
v 38 4 1
v 39 4 1
e 0 14 0
e 0 2 0
e 1 26 0
e 1 36 0
e 2 15 0
e 3 15 0
e 3 29 0
e 4 36 0
e 5 6 0
e 5 29 0
e 6 31 0
e 7 9 0
e 7 31 0
e 8 21 0
e 8 28 0
e 9 17 0
e 10 16 0
e 10 12 0
e 10 30 0
e 11 33 0
e 12 17 0
e 13 16 0
e 14 37 0
e 16 19 0
e 16 24 0
e 16 27 0
e 18 20 0
e 20 25 0
e 20 22 0
e 20 27 0
e 21 25 0
e 23 35 0
e 23 34 0
e 24 33 0
e 26 34 0
e 27 35 0
e 28 30 0
e 30 36 0
e 32 37 0
e 37 39 0
e 37 38 0
