t 32 32
v 0 0 1
v 1 0 1
v 2 0 1
v 3 0 2
v 4 0 2
v 5 0 1
v 6 0 3
v 7 0 2
v 8 0 2
v 9 0 2
v 10 0 3
v 11 0 2
v 12 0 2
v 13 0 1
v 14 1 3
v 15 1 2
v 16 0 2
v 17 0 2
v 18 0 2
v 19 0 1
v 20 0 2
v 21 4 1
v 22 1 3
v 23 0 2
v 24 1 2
v 25 0 2
v 26 0 2
v 27 0 2
v 28 0 4
v 29 0 4
v 30 0 2
v 31 0 1
e 0 7 0
e 1 3 0
e 2 28 0
e 3 4 0
e 4 6 0
e 5 6 0
e 6 8 0
e 7 12 0
e 8 11 0
e 9 29 0
e 9 31 0
e 10 23 0
e 10 18 0
e 10 11 0
e 12 16 0
e 13 28 0
e 14 15 0
e 14 21 0
e 14 22 0
e 15 24 0
e 16 25 0
e 17 26 0
e 17 28 0
e 18 20 0
e 19 30 0
e 20 22 0
e 22 24 0
e 23 29 0
e 25 26 0
e 27 29 0
e 27 28 0
e 29 30 0
