t 32 34
v 0 0 1
v 1 0 2
v 2 0 1
v 3 0 1
v 4 0 4
v 5 0 3
v 6 0 2
v 7 0 2
v 8 0 4
v 9 4 3
v 10 4 1
v 11 0 2
v 12 0 2
v 13 0 2
v 14 0 1
v 15 0 2
v 16 0 3
v 17 0 1
v 18 0 5
v 19 0 2
v 20 0 2
v 21 0 2
v 22 0 2
v 23 0 2
v 24 0 1
v 25 0 3
v 26 0 2
v 27 0 2
v 28 0 2
v 29 0 2
v 30 0 2
v 31 0 2
e 0 4 0
e 1 18 0
e 1 26 0
e 2 5 0
e 3 8 0
e 4 19 0
e 4 21 0
e 4 24 0
e 5 7 0
e 5 27 0
e 6 28 0
e 6 29 0
e 7 22 0
e 8 12 0
e 8 16 0
e 8 22 0
e 9 10 0
e 9 14 0
e 9 15 0
e 11 17 0
e 11 31 0
e 12 18 0
e 13 27 0
e 13 18 0
e 15 20 0
e 16 18 0
e 16 23 0
e 18 28 0
e 19 25 0
e 20 23 0
e 21 25 0
e 25 26 0
e 29 30 0
e 30 31 0
