t 40 40
v 0 0 2
v 1 4 2
v 2 1 2
v 3 0 1
v 4 1 1
v 5 1 3
v 6 1 3
v 7 0 1
v 8 1 1
v 9 1 3
v 10 0 2
v 11 1 3
v 12 1 3
v 13 1 2
v 14 1 1
v 15 1 1
v 16 0 4
v 17 0 5
v 18 0 2
v 19 1 2
v 20 1 1
v 21 1 1
v 22 0 2
v 23 0 1
v 24 0 1
v 25 1 3
v 26 0 1
v 27 0 4
v 28 1 1
v 29 0 3
v 30 4 1
v 31 4 3
v 32 0 3
v 33 4 2
v 34 2 2
v 35 0 1
v 36 0 1
v 37 0 2
v 38 0 2
v 39 0 1
e 0 37 0
e 0 18 0
e 1 31 0
e 1 33 0
e 2 6 0
e 2 25 0
e 3 27 0
e 4 5 0
e 5 8 0
e 5 9 0
e 6 25 0
e 6 13 0
e 7 27 0
e 9 20 0
e 9 19 0
e 10 11 0
e 10 19 0
e 11 13 0
e 11 12 0
e 12 21 0
e 12 16 0
e 14 32 0
e 15 16 0
e 16 28 0
e 16 17 0
e 17 23 0
e 17 34 0
e 17 24 0
e 17 36 0
e 18 32 0
e 22 29 0
e 22 27 0
e 25 32 0
e 26 27 0
e 29 31 0
e 29 30 0
e 31 35 0
e 33 34 0
e 37 38 0
e 38 39 0
