t 40 40
v 0 0 3
v 1 0 2
v 2 0 2
v 3 0 2
v 4 0 2
v 5 2 1
v 6 0 2
v 7 2 2
v 8 4 2
v 9 2 2
v 10 4 2
v 11 0 3
v 12 0 3
v 13 2 3
v 14 1 2
v 15 4 1
v 16 4 3
v 17 0 4
v 18 4 1
v 19 4 2
v 20 0 2
v 21 4 1
v 22 0 1
v 23 4 1
v 24 2 2
v 25 3 3
v 26 2 3
v 27 4 2
v 28 1 3
v 29 4 3
v 30 0 2
v 31 4 1
v 32 1 2
v 33 1 1
v 34 4 1
v 35 0 1
v 36 1 2
v 37 0 1
v 38 0 2
v 39 1 2
e 0 37 0
e 0 38 0
e 0 1 0
e 1 2 0
e 2 3 0
e 3 4 0
e 4 6 0
e 5 29 0
e 6 7 0
e 7 9 0
e 8 29 0
e 8 16 0
e 9 24 0
e 10 13 0
e 10 24 0
e 11 25 0
e 11 35 0
e 11 36 0
e 12 25 0
e 12 26 0
e 12 21 0
e 13 16 0
e 13 26 0
e 14 36 0
e 14 28 0
e 15 16 0
e 17 23 0
e 17 31 0
e 17 18 0
e 17 30 0
e 19 29 0
e 19 27 0
e 20 26 0
e 20 30 0
e 22 39 0
e 25 34 0
e 27 32 0
e 28 32 0
e 28 33 0
e 38 39 0
