t 32 32
v 0 0 2
v 1 0 2
v 2 0 3
v 3 0 1
v 4 0 1
v 5 2 1
v 6 0 1
v 7 0 6
v 8 0 3
v 9 3 3
v 10 0 3
v 11 1 3
v 12 4 3
v 13 0 1
v 14 4 1
v 15 0 3
v 16 0 2
v 17 2 2
v 18 0 1
v 19 0 1
v 20 0 1
v 21 0 1
v 22 0 2
v 23 0 2
v 24 0 2
v 25 0 2
v 26 0 3
v 27 0 1
v 28 0 2
v 29 0 3
v 30 0 1
v 31 0 1
e 0 8 0
e 0 16 0
e 1 8 0
e 1 3 0
e 2 8 0
e 2 9 0
e 2 12 0
e 4 10 0
e 5 12 0
e 6 7 0
e 7 10 0
e 7 18 0
e 7 21 0
e 7 22 0
e 7 20 0
e 9 12 0
e 9 17 0
e 10 16 0
e 11 17 0
e 11 14 0
e 11 13 0
e 15 24 0
e 15 19 0
e 15 23 0
e 22 23 0
e 24 25 0
e 25 26 0
e 26 27 0
e 26 28 0
e 28 29 0
e 29 30 0
e 29 31 0
