t 40 44
v 0 0 1
v 1 0 3
v 2 0 2
v 3 0 2
v 4 2 2
v 5 0 2
v 6 0 2
v 7 0 3
v 8 0 2
v 9 0 2
v 10 0 3
v 11 0 2
v 12 0 2
v 13 0 2
v 14 0 1
v 15 0 2
v 16 0 2
v 17 0 2
v 18 0 2
v 19 3 3
v 20 0 3
v 21 0 2
v 22 0 2
v 23 0 3
v 24 0 2
v 25 0 1
v 26 4 1
v 27 0 2
v 28 0 2
v 29 0 2
v 30 4 1
v 31 0 5
v 32 0 2
v 33 0 2
v 34 0 4
v 35 0 2
v 36 0 1
v 37 0 4
v 38 0 2
v 39 0 3
e 0 1 0
e 1 7 0
e 1 13 0
e 2 28 0
e 2 32 0
e 3 5 0
e 3 17 0
e 4 19 0
e 4 24 0
e 5 18 0
e 6 18 0
e 6 9 0
e 7 21 0
e 7 39 0
e 8 16 0
e 8 20 0
e 9 11 0
e 10 34 0
e 10 29 0
e 10 35 0
e 11 12 0
e 12 15 0
e 13 37 0
e 14 37 0
e 15 33 0
e 16 23 0
e 17 21 0
e 19 26 0
e 19 30 0
e 20 22 0
e 20 31 0
e 22 31 0
e 23 33 0
e 23 31 0
e 24 28 0
e 25 34 0
e 27 29 0
e 27 31 0
e 31 36 0
e 32 34 0
e 34 35 0
e 37 38 0
e 37 39 0
e 38 39 0
