t 40 42
v 0 4 3
v 1 4 1
v 2 0 2
v 3 0 2
v 4 0 2
v 5 0 2
v 6 0 2
v 7 0 1
v 8 4 1
v 9 0 2
v 10 0 2
v 11 0 1
v 12 1 3
v 13 0 2
v 14 0 1
v 15 0 1
v 16 1 3
v 17 0 4
v 18 0 2
v 19 1 2
v 20 0 3
v 21 0 2
v 22 0 4
v 23 1 1
v 24 1 6
v 25 0 1
v 26 1 1
v 27 0 2
v 28 4 1
v 29 1 2
v 30 0 4
v 31 0 2
v 32 0 1
v 33 0 5
v 34 0 2
v 35 0 2
v 36 2 1
v 37 0 1
v 38 4 2
v 39 4 2
e 0 24 0
e 0 36 0
e 0 38 0
e 1 24 0
e 2 3 0
e 2 31 0
e 3 10 0
e 4 15 0
e 4 13 0
e 5 20 0
e 5 12 0
e 6 7 0
e 6 20 0
e 8 24 0
e 9 18 0
e 9 14 0
e 10 33 0
e 11 34 0
e 12 19 0
e 12 30 0
e 13 16 0
e 16 24 0
e 16 17 0
e 17 24 0
e 17 19 0
e 17 21 0
e 18 24 0
e 20 27 0
e 21 33 0
e 22 25 0
e 22 30 0
e 22 32 0
e 22 35 0
e 23 30 0
e 26 29 0
e 27 33 0
e 28 39 0
e 29 30 0
e 31 33 0
e 33 34 0
e 35 37 0
e 38 39 0
