t 32 31
v 0 1 2
v 1 0 1
v 2 0 2
v 3 0 2
v 4 0 2
v 5 0 3
v 6 0 2
v 7 0 1
v 8 0 2
v 9 0 2
v 10 0 1
v 11 0 2
v 12 0 2
v 13 2 1
v 14 0 2
v 15 0 1
v 16 0 4
v 17 4 2
v 18 0 1
v 19 0 2
v 20 0 2
v 21 0 3
v 22 0 2
v 23 0 3
v 24 0 2
v 25 1 2
v 26 1 1
v 27 1 2
v 28 0 2
v 29 0 2
v 30 0 2
v 31 0 2
e 0 27 0
e 0 2 0
e 1 21 0
e 2 5 0
e 3 9 0
e 3 30 0
e 4 5 0
e 4 18 0
e 5 8 0
e 6 12 0
e 6 9 0
e 7 21 0
e 8 29 0
e 10 16 0
e 11 12 0
e 11 29 0
e 13 17 0
e 14 16 0
e 14 19 0
e 15 16 0
e 16 20 0
e 17 31 0
e 19 24 0
e 20 22 0
e 21 23 0
e 22 28 0
e 23 28 0
e 23 26 0
e 24 25 0
e 25 27 0
e 30 31 0
