t 40 45
v 0 1 2
v 1 1 1
v 2 0 2
v 3 0 2
v 4 0 1
v 5 0 2
v 6 0 1
v 7 0 1
v 8 0 1
v 9 0 3
v 10 0 2
v 11 0 2
v 12 0 3
v 13 1 1
v 14 0 3
v 15 0 1
v 16 0 2
v 17 0 1
v 18 0 4
v 19 1 2
v 20 0 2
v 21 0 2
v 22 0 3
v 23 0 4
v 24 0 2
v 25 1 3
v 26 0 2
v 27 0 4
v 28 0 2
v 29 0 3
v 30 0 1
v 31 0 1
v 32 1 3
v 33 0 2
v 34 0 2
v 35 0 4
v 36 0 1
v 37 0 8
v 38 1 2
v 39 0 2
e 0 32 0
e 0 23 0
e 1 23 0
e 2 3 0
e 2 23 0
e 3 5 0
e 4 9 0
e 5 8 0
e 6 29 0
e 7 14 0
e 9 10 0
e 9 14 0
e 10 12 0
e 11 17 0
e 11 35 0
e 12 27 0
e 12 37 0
e 13 32 0
e 14 34 0
e 15 35 0
e 16 18 0
e 16 26 0
e 18 22 0
e 18 31 0
e 18 30 0
e 19 25 0
e 19 37 0
e 20 39 0
e 20 22 0
e 21 34 0
e 21 29 0
e 22 27 0
e 23 37 0
e 24 26 0
e 24 28 0
e 25 27 0
e 25 37 0
e 27 37 0
e 28 33 0
e 29 37 0
e 32 37 0
e 33 35 0
e 35 36 0
e 37 38 0
e 38 39 0
