t 40 40
v 0 0 1
v 1 0 4
v 2 0 2
v 3 0 2
v 4 0 3
v 5 4 2
v 6 0 1
v 7 0 1
v 8 0 1
v 9 0 4
v 10 0 1
v 11 0 1
v 12 0 1
v 13 2 2
v 14 0 4
v 15 0 2
v 16 0 2
v 17 4 1
v 18 1 1
v 19 1 4
v 20 1 1
v 21 0 2
v 22 1 1
v 23 3 3
v 24 2 2
v 25 1 1
v 26 0 1
v 27 0 2
v 28 4 1
v 29 1 1
v 30 0 7
v 31 0 2
v 32 0 1
v 33 1 2
v 34 1 3
v 35 1 1
v 36 0 3
v 37 0 2
v 38 0 2
v 39 0 2
e 0 2 0
e 1 26 0
e 1 23 0
e 1 27 0
e 1 31 0
e 2 3 0
e 3 30 0
e 4 11 0
e 4 19 0
e 4 30 0
e 5 17 0
e 5 9 0
e 6 30 0
e 7 9 0
e 8 9 0
e 9 14 0
e 10 14 0
e 12 14 0
e 13 23 0
e 13 31 0
e 14 15 0
e 15 16 0
e 16 19 0
e 18 21 0
e 19 29 0
e 19 27 0
e 20 30 0
e 21 36 0
e 22 33 0
e 23 24 0
e 24 34 0
e 25 30 0
e 28 34 0
e 30 36 0
e 30 37 0
e 32 34 0
e 33 36 0
e 35 39 0
e 37 38 0
e 38 39 0
