t 40 43
v 0 0 1
v 1 0 2
v 2 0 3
v 3 0 2
v 4 0 2
v 5 0 4
v 6 0 5
v 7 0 3
v 8 0 2
v 9 0 2
v 10 0 1
v 11 0 3
v 12 0 2
v 13 0 1
v 14 0 2
v 15 0 2
v 16 0 2
v 17 2 2
v 18 0 3
v 19 0 2
v 20 0 2
v 21 0 1
v 22 4 1
v 23 0 2
v 24 4 1
v 25 0 2
v 26 0 3
v 27 0 3
v 28 0 2
v 29 0 3
v 30 0 2
v 31 0 2
v 32 0 2
v 33 0 2
v 34 0 2
v 35 3 3
v 36 0 2
v 37 0 2
v 38 0 1
v 39 0 2
e 0 20 0
e 1 5 0
e 1 18 0
e 2 33 0
e 2 4 0
e 2 6 0
e 3 6 0
e 3 30 0
e 4 31 0
e 5 7 0
e 5 21 0
e 5 32 0
e 6 7 0
e 6 18 0
e 6 16 0
e 7 8 0
e 8 11 0
e 9 36 0
e 9 25 0
e 10 11 0
e 11 12 0
e 12 27 0
e 13 27 0
e 14 15 0
e 14 27 0
e 15 36 0
e 16 26 0
e 17 19 0
e 17 35 0
e 18 34 0
e 19 23 0
e 20 30 0
e 22 35 0
e 23 29 0
e 24 35 0
e 25 34 0
e 26 28 0
e 26 29 0
e 28 33 0
e 29 32 0
e 31 37 0
e 37 39 0
e 38 39 0
