t 40 40
v 0 0 2
v 1 0 2
v 2 0 1
v 3 0 2
v 4 0 2
v 5 0 2
v 6 1 3
v 7 2 1
v 8 0 2
v 9 0 2
v 10 0 2
v 11 0 2
v 12 0 1
v 13 0 3
v 14 0 2
v 15 0 3
v 16 4 2
v 17 2 3
v 18 4 2
v 19 2 2
v 20 4 2
v 21 4 1
v 22 3 3
v 23 0 2
v 24 4 1
v 25 4 1
v 26 0 2
v 27 0 2
v 28 2 5
v 29 0 5
v 30 4 1
v 31 4 1
v 32 0 2
v 33 4 1
v 34 4 1
v 35 4 3
v 36 0 1
v 37 0 1
v 38 0 1
v 39 0 3
e 0 1 0
e 0 3 0
e 1 15 0
e 2 3 0
e 4 5 0
e 4 15 0
e 5 11 0
e 6 11 0
e 6 23 0
e 6 37 0
e 7 35 0
e 8 9 0
e 8 10 0
e 9 23 0
e 10 27 0
e 12 13 0
e 13 14 0
e 13 27 0
e 14 17 0
e 15 39 0
e 16 18 0
e 16 22 0
e 17 19 0
e 17 28 0
e 18 35 0
e 19 35 0
e 20 28 0
e 20 22 0
e 21 28 0
e 22 25 0
e 24 29 0
e 26 38 0
e 26 32 0
e 28 31 0
e 28 29 0
e 29 33 0
e 29 30 0
e 29 34 0
e 32 39 0
e 36 39 0
