t 40 43
v 0 0 2
v 1 0 1
v 2 0 2
v 3 0 2
v 4 0 2
v 5 0 4
v 6 0 2
v 7 0 2
v 8 0 2
v 9 0 2
v 10 0 2
v 11 0 1
v 12 0 2
v 13 0 3
v 14 0 2
v 15 0 1
v 16 0 2
v 17 0 3
v 18 0 3
v 19 0 2
v 20 4 1
v 21 4 3
v 22 4 3
v 23 2 3
v 24 1 2
v 25 4 1
v 26 2 1
v 27 0 5
v 28 4 1
v 29 4 1
v 30 0 2
v 31 0 2
v 32 0 4
v 33 4 2
v 34 0 4
v 35 4 1
v 36 0 2
v 37 0 4
v 38 0 1
v 39 0 1
e 0 2 0
e 0 32 0
e 1 27 0
e 2 34 0
e 3 4 0
e 3 34 0
e 4 6 0
e 5 32 0
e 5 6 0
e 5 7 0
e 5 34 0
e 7 8 0
e 8 10 0
e 9 19 0
e 9 24 0
e 10 13 0
e 11 13 0
e 12 19 0
e 12 17 0
e 13 14 0
e 14 17 0
e 15 16 0
e 16 17 0
e 18 36 0
e 18 30 0
e 18 34 0
e 20 22 0
e 21 28 0
e 21 26 0
e 21 22 0
e 22 27 0
e 23 33 0
e 23 35 0
e 23 24 0
e 25 27 0
e 27 29 0
e 27 31 0
e 30 32 0
e 31 33 0
e 32 37 0
e 36 37 0
e 37 39 0
e 37 38 0
