t 32 32
v 0 0 2
v 1 0 1
v 2 4 4
v 3 0 2
v 4 0 1
v 5 4 2
v 6 0 2
v 7 1 5
v 8 0 3
v 9 0 2
v 10 0 3
v 11 0 2
v 12 1 1
v 13 0 2
v 14 0 1
v 15 1 4
v 16 0 2
v 17 2 2
v 18 4 2
v 19 0 3
v 20 0 2
v 21 0 2
v 22 0 2
v 23 2 1
v 24 0 2
v 25 0 1
v 26 4 1
v 27 1 3
v 28 4 1
v 29 4 1
v 30 4 1
v 31 0 1
e 0 21 0
e 0 3 0
e 1 8 0
e 2 26 0
e 2 28 0
e 2 5 0
e 2 12 0
e 3 6 0
e 4 10 0
e 5 7 0
e 6 8 0
e 7 30 0
e 7 23 0
e 7 29 0
e 7 19 0
e 8 9 0
e 9 10 0
e 10 11 0
e 11 13 0
e 13 20 0
e 14 15 0
e 15 27 0
e 15 16 0
e 15 19 0
e 16 17 0
e 17 18 0
e 18 20 0
e 19 27 0
e 21 22 0
e 22 24 0
e 24 25 0
e 27 31 0
