t 32 33
v 0 0 3
v 1 1 1
v 2 0 2
v 3 0 2
v 4 0 2
v 5 0 4
v 6 0 2
v 7 1 1
v 8 0 1
v 9 0 3
v 10 1 2
v 11 1 1
v 12 1 3
v 13 1 2
v 14 0 2
v 15 0 1
v 16 1 2
v 17 1 2
v 18 1 3
v 19 1 2
v 20 1 2
v 21 0 3
v 22 0 1
v 23 0 2
v 24 0 4
v 25 0 2
v 26 0 1
v 27 0 4
v 28 0 1
v 29 0 1
v 30 1 2
v 31 1 2
e 0 2 0
e 0 4 0
e 0 5 0
e 1 27 0
e 2 6 0
e 3 5 0
e 3 6 0
e 4 20 0
e 5 8 0
e 5 10 0
e 7 27 0
e 9 16 0
e 9 19 0
e 9 12 0
e 10 12 0
e 11 17 0
e 12 18 0
e 13 17 0
e 13 19 0
e 14 24 0
e 14 25 0
e 15 24 0
e 16 18 0
e 18 27 0
e 20 21 0
e 21 23 0
e 21 22 0
e 23 24 0
e 24 28 0
e 25 26 0
e 27 31 0
e 29 30 0
e 30 31 0
