t 40 42
v 0 0 2
v 1 0 2
v 2 4 2
v 3 0 2
v 4 0 2
v 5 4 1
v 6 0 2
v 7 0 1
v 8 0 4
v 9 0 2
v 10 4 2
v 11 0 2
v 12 0 3
v 13 0 3
v 14 0 2
v 15 0 1
v 16 1 3
v 17 0 1
v 18 1 3
v 19 0 2
v 20 0 1
v 21 4 1
v 22 0 3
v 23 0 1
v 24 4 4
v 25 0 2
v 26 4 1
v 27 2 1
v 28 0 2
v 29 1 3
v 30 1 4
v 31 3 2
v 32 2 1
v 33 4 3
v 34 1 2
v 35 0 4
v 36 0 2
v 37 0 3
v 38 0 1
v 39 0 1
e 0 9 0
e 0 8 0
e 1 3 0
e 1 6 0
e 2 33 0
e 2 31 0
e 3 4 0
e 4 22 0
e 5 10 0
e 6 8 0
e 7 22 0
e 8 17 0
e 8 15 0
e 9 36 0
e 10 33 0
e 11 12 0
e 11 22 0
e 12 34 0
e 12 23 0
e 13 30 0
e 13 19 0
e 13 14 0
e 14 28 0
e 16 24 0
e 16 18 0
e 16 35 0
e 18 29 0
e 18 35 0
e 19 34 0
e 20 25 0
e 21 30 0
e 24 26 0
e 24 27 0
e 24 31 0
e 25 29 0
e 28 30 0
e 29 35 0
e 30 35 0
e 32 33 0
e 36 37 0
e 37 38 0
e 37 39 0
