t 32 31
v 0 0 2
v 1 0 1
v 2 0 2
v 3 0 2
v 4 0 2
v 5 0 2
v 6 0 2
v 7 0 2
v 8 0 2
v 9 4 2
v 10 0 2
v 11 0 2
v 12 0 1
v 13 4 1
v 14 0 2
v 15 0 2
v 16 0 2
v 17 0 2
v 18 0 2
v 19 0 3
v 20 0 2
v 21 0 2
v 22 0 2
v 23 0 3
v 24 0 2
v 25 0 2
v 26 0 3
v 27 0 1
v 28 0 2
v 29 0 2
v 30 0 2
v 31 0 1
e 0 7 0
e 0 2 0
e 1 18 0
e 2 19 0
e 3 18 0
e 3 19 0
e 4 10 0
e 4 9 0
e 5 23 0
e 5 26 0
e 6 21 0
e 6 24 0
e 7 8 0
e 8 20 0
e 9 13 0
e 10 17 0
e 11 16 0
e 11 19 0
e 12 26 0
e 14 16 0
e 14 17 0
e 15 23 0
e 15 24 0
e 20 22 0
e 21 28 0
e 22 23 0
e 25 29 0
e 25 28 0
e 26 27 0
e 29 30 0
e 30 31 0
