t 32 31
v 0 0 2
v 1 0 1
v 2 0 2
v 3 0 2
v 4 1 2
v 5 1 1
v 6 0 2
v 7 1 1
v 8 0 1
v 9 0 4
v 10 1 1
v 11 0 4
v 12 1 1
v 13 1 3
v 14 4 1
v 15 0 1
v 16 4 1
v 17 0 2
v 18 0 2
v 19 0 1
v 20 1 3
v 21 0 3
v 22 0 2
v 23 0 1
v 24 1 4
v 25 0 2
v 26 0 1
v 27 0 2
v 28 0 3
v 29 0 2
v 30 1 1
v 31 1 3
e 0 27 0
e 0 9 0
e 1 29 0
e 2 3 0
e 2 22 0
e 3 17 0
e 4 31 0
e 4 9 0
e 5 24 0
e 6 13 0
e 6 10 0
e 7 13 0
e 8 9 0
e 9 23 0
e 11 24 0
e 11 12 0
e 11 20 0
e 11 31 0
e 13 31 0
e 14 24 0
e 15 22 0
e 16 20 0
e 17 18 0
e 18 28 0
e 19 21 0
e 20 25 0
e 21 29 0
e 21 27 0
e 24 30 0
e 25 28 0
e 26 28 0
