t 32 31
v 0 0 3
v 1 0 2
v 2 4 2
v 3 0 2
v 4 0 3
v 5 0 3
v 6 0 2
v 7 0 1
v 8 2 1
v 9 0 1
v 10 0 3
v 11 0 2
v 12 0 1
v 13 0 2
v 14 0 2
v 15 0 1
v 16 0 1
v 17 0 2
v 18 0 2
v 19 0 2
v 20 0 3
v 21 0 2
v 22 0 3
v 23 0 2
v 24 0 2
v 25 0 1
v 26 0 1
v 27 0 2
v 28 0 2
v 29 0 1
v 30 0 4
v 31 0 1
e 0 28 0
e 0 9 0
e 0 3 0
e 1 3 0
e 1 5 0
e 2 8 0
e 2 6 0
e 4 15 0
e 4 18 0
e 4 30 0
e 5 11 0
e 5 30 0
e 6 10 0
e 7 19 0
e 10 17 0
e 10 19 0
e 11 13 0
e 12 30 0
e 13 14 0
e 14 17 0
e 16 21 0
e 18 31 0
e 20 23 0
e 20 25 0
e 20 22 0
e 21 22 0
e 22 27 0
e 23 24 0
e 24 26 0
e 27 28 0
e 29 30 0
