t 32 31
v 0 0 2
v 1 0 2
v 2 0 2
v 3 0 2
v 4 0 2
v 5 0 2
v 6 4 1
v 7 0 2
v 8 2 1
v 9 0 3
v 10 2 4
v 11 0 1
v 12 4 2
v 13 0 1
v 14 4 3
v 15 0 2
v 16 0 2
v 17 2 1
v 18 0 2
v 19 0 2
v 20 0 2
v 21 4 2
v 22 0 2
v 23 0 3
v 24 1 2
v 25 0 2
v 26 0 2
v 27 0 2
v 28 0 1
v 29 0 2
v 30 0 2
v 31 0 1
e 0 18 0
e 0 2 0
e 1 30 0
e 1 31 0
e 2 5 0
e 3 20 0
e 3 23 0
e 4 7 0
e 4 10 0
e 5 15 0
e 6 10 0
e 7 15 0
e 8 10 0
e 9 24 0
e 9 28 0
e 9 16 0
e 10 21 0
e 11 23 0
e 12 13 0
e 12 14 0
e 14 17 0
e 14 19 0
e 16 29 0
e 18 22 0
e 19 21 0
e 20 25 0
e 22 23 0
e 24 27 0
e 25 26 0
e 26 27 0
e 29 30 0
