t 40 40
v 0 0 2
v 1 1 2
v 2 0 2
v 3 0 2
v 4 0 2
v 5 0 2
v 6 0 2
v 7 0 2
v 8 1 1
v 9 4 2
v 10 4 2
v 11 0 2
v 12 2 2
v 13 0 3
v 14 0 4
v 15 0 2
v 16 3 2
v 17 4 3
v 18 2 1
v 19 1 2
v 20 0 1
v 21 4 1
v 22 0 2
v 23 0 2
v 24 0 1
v 25 4 3
v 26 4 3
v 27 0 2
v 28 0 2
v 29 0 2
v 30 4 1
v 31 4 1
v 32 0 2
v 33 1 3
v 34 0 1
v 35 0 2
v 36 4 2
v 37 0 2
v 38 0 2
v 39 0 3
e 0 11 0
e 0 15 0
e 1 33 0
e 1 13 0
e 2 33 0
e 2 27 0
e 3 6 0
e 3 39 0
e 4 19 0
e 4 8 0
e 5 37 0
e 5 22 0
e 6 31 0
e 7 37 0
e 7 14 0
e 9 17 0
e 9 36 0
e 10 12 0
e 10 17 0
e 11 35 0
e 12 13 0
e 13 23 0
e 14 24 0
e 14 27 0
e 14 34 0
e 15 28 0
e 16 25 0
e 16 26 0
e 17 21 0
e 18 25 0
e 19 29 0
e 20 38 0
e 22 39 0
e 23 29 0
e 25 36 0
e 26 30 0
e 26 32 0
e 28 38 0
e 32 33 0
e 35 39 0
