t 32 31
v 0 0 2
v 1 0 1
v 2 0 2
v 3 0 2
v 4 4 2
v 5 4 1
v 6 0 2
v 7 0 3
v 8 4 2
v 9 0 2
v 10 4 2
v 11 0 2
v 12 0 3
v 13 0 1
v 14 4 2
v 15 4 1
v 16 3 3
v 17 2 1
v 18 4 2
v 19 0 3
v 20 2 3
v 21 0 2
v 22 0 2
v 23 0 3
v 24 0 2
v 25 0 2
v 26 0 2
v 27 0 2
v 28 0 1
v 29 1 2
v 30 0 1
v 31 0 1
e 0 6 0
e 0 9 0
e 1 3 0
e 2 12 0
e 2 9 0
e 3 12 0
e 4 10 0
e 4 14 0
e 5 16 0
e 6 23 0
e 7 31 0
e 7 24 0
e 7 30 0
e 8 10 0
e 8 12 0
e 11 21 0
e 11 23 0
e 13 23 0
e 14 16 0
e 15 20 0
e 16 18 0
e 17 20 0
e 18 20 0
e 19 29 0
e 19 21 0
e 19 22 0
e 22 25 0
e 24 27 0
e 25 28 0
e 26 27 0
e 26 29 0
