t 32 31
v 0 0 1
v 1 0 2
v 2 0 5
v 3 1 2
v 4 0 2
v 5 0 2
v 6 1 2
v 7 0 2
v 8 0 1
v 9 0 3
v 10 0 2
v 11 0 1
v 12 4 1
v 13 4 1
v 14 0 3
v 15 4 1
v 16 1 1
v 17 4 1
v 18 3 4
v 19 0 2
v 20 0 2
v 21 0 2
v 22 0 2
v 23 1 2
v 24 0 3
v 25 0 1
v 26 1 2
v 27 0 2
v 28 0 2
v 29 0 2
v 30 1 2
v 31 1 1
e 0 2 0
e 1 4 0
e 1 10 0
e 2 10 0
e 2 19 0
e 2 16 0
e 2 11 0
e 3 23 0
e 3 24 0
e 4 7 0
e 5 20 0
e 5 22 0
e 6 22 0
e 6 23 0
e 7 9 0
e 8 9 0
e 9 14 0
e 12 18 0
e 13 18 0
e 14 18 0
e 14 17 0
e 15 18 0
e 19 21 0
e 20 21 0
e 24 26 0
e 24 25 0
e 26 27 0
e 27 28 0
e 28 29 0
e 29 30 0
e 30 31 0
