t 32 31
v 0 0 1
v 1 1 1
v 2 0 3
v 3 0 1
v 4 0 2
v 5 1 1
v 6 0 2
v 7 1 3
v 8 1 2
v 9 0 2
v 10 1 2
v 11 1 2
v 12 1 2
v 13 1 3
v 14 1 1
v 15 0 3
v 16 1 3
v 17 1 2
v 18 2 2
v 19 0 2
v 20 0 2
v 21 1 1
v 22 0 1
v 23 1 1
v 24 0 3
v 25 1 2
v 26 0 2
v 27 0 2
v 28 0 2
v 29 0 2
v 30 0 3
v 31 0 1
e 0 2 0
e 1 8 0
e 2 21 0
e 2 15 0
e 3 15 0
e 4 7 0
e 4 15 0
e 5 10 0
e 6 12 0
e 6 7 0
e 7 10 0
e 8 16 0
e 9 28 0
e 9 11 0
e 11 17 0
e 12 18 0
e 13 14 0
e 13 18 0
e 13 16 0
e 16 24 0
e 17 27 0
e 19 26 0
e 19 27 0
e 20 29 0
e 20 30 0
e 22 30 0
e 23 24 0
e 24 25 0
e 25 26 0
e 28 29 0
e 30 31 0
