t 40 40
v 0 0 3
v 1 0 1
v 2 0 2
v 3 0 1
v 4 0 2
v 5 0 3
v 6 0 2
v 7 0 2
v 8 0 4
v 9 0 2
v 10 0 2
v 11 0 3
v 12 0 1
v 13 0 3
v 14 0 2
v 15 0 2
v 16 0 2
v 17 0 3
v 18 0 2
v 19 0 2
v 20 0 2
v 21 0 2
v 22 0 3
v 23 1 2
v 24 0 2
v 25 0 2
v 26 0 2
v 27 0 2
v 28 0 3
v 29 0 1
v 30 0 2
v 31 0 2
v 32 0 1
v 33 0 2
v 34 1 1
v 35 0 3
v 36 0 1
v 37 0 1
v 38 0 1
v 39 0 1
e 0 30 0
e 0 37 0
e 0 17 0
e 1 8 0
e 2 30 0
e 2 33 0
e 3 35 0
e 4 5 0
e 4 6 0
e 5 34 0
e 5 23 0
e 6 9 0
e 7 19 0
e 7 26 0
e 8 33 0
e 8 23 0
e 8 22 0
e 9 10 0
e 10 28 0
e 11 19 0
e 11 31 0
e 11 20 0
e 12 28 0
e 13 14 0
e 13 28 0
e 13 32 0
e 14 18 0
e 15 18 0
e 15 16 0
e 16 35 0
e 17 38 0
e 17 39 0
e 20 27 0
e 21 31 0
e 21 25 0
e 22 29 0
e 22 26 0
e 24 25 0
e 24 35 0
e 27 36 0
