t 40 40
v 0 0 2
v 1 0 2
v 2 4 1
v 3 4 2
v 4 4 1
v 5 1 3
v 6 4 3
v 7 0 2
v 8 0 3
v 9 0 2
v 10 4 1
v 11 2 2
v 12 0 2
v 13 4 2
v 14 4 2
v 15 4 1
v 16 4 2
v 17 4 1
v 18 0 1
v 19 4 2
v 20 4 1
v 21 3 3
v 22 4 1
v 23 0 2
v 24 4 2
v 25 0 5
v 26 0 2
v 27 0 1
v 28 2 1
v 29 0 3
v 30 2 2
v 31 4 1
v 32 4 3
v 33 4 2
v 34 0 2
v 35 4 2
v 36 0 1
v 37 4 6
v 38 0 2
v 39 4 1
e 0 1 0
e 0 26 0
e 1 3 0
e 2 32 0
e 3 34 0
e 4 6 0
e 5 18 0
e 5 23 0
e 5 26 0
e 6 30 0
e 6 12 0
e 7 23 0
e 7 38 0
e 8 19 0
e 8 29 0
e 8 9 0
e 9 11 0
e 10 25 0
e 11 14 0
e 12 36 0
e 13 14 0
e 13 32 0
e 15 37 0
e 16 25 0
e 16 37 0
e 17 25 0
e 19 30 0
e 20 25 0
e 21 37 0
e 21 25 0
e 21 33 0
e 22 37 0
e 24 29 0
e 24 34 0
e 27 38 0
e 28 37 0
e 29 39 0
e 31 37 0
e 32 35 0
e 33 35 0
