t 40 40
v 0 0 3
v 1 4 1
v 2 0 3
v 3 0 1
v 4 0 2
v 5 0 1
v 6 0 3
v 7 0 1
v 8 0 2
v 9 2 1
v 10 1 1
v 11 0 2
v 12 0 5
v 13 0 2
v 14 0 2
v 15 0 2
v 16 0 2
v 17 0 2
v 18 0 2
v 19 0 2
v 20 0 2
v 21 0 1
v 22 0 1
v 23 0 3
v 24 0 2
v 25 4 3
v 26 0 2
v 27 4 2
v 28 2 3
v 29 2 2
v 30 1 2
v 31 0 2
v 32 4 1
v 33 2 1
v 34 0 3
v 35 0 2
v 36 0 4
v 37 0 1
v 38 0 2
v 39 0 1
e 0 2 0
e 0 37 0
e 0 38 0
e 1 25 0
e 2 6 0
e 2 34 0
e 3 6 0
e 4 38 0
e 4 39 0
e 5 12 0
e 6 31 0
e 7 16 0
e 8 16 0
e 8 12 0
e 9 28 0
e 10 11 0
e 11 12 0
e 12 31 0
e 12 15 0
e 13 15 0
e 13 17 0
e 14 17 0
e 14 19 0
e 18 36 0
e 18 19 0
e 20 29 0
e 20 28 0
e 21 36 0
e 22 36 0
e 23 33 0
e 23 28 0
e 23 26 0
e 24 30 0
e 24 26 0
e 25 27 0
e 25 32 0
e 27 29 0
e 30 34 0
e 34 35 0
e 35 36 0
