t 40 39
v 0 0 4
v 1 0 2
v 2 0 2
v 3 0 2
v 4 0 3
v 5 0 1
v 6 0 3
v 7 0 1
v 8 0 2
v 9 0 2
v 10 0 1
v 11 0 2
v 12 0 3
v 13 0 2
v 14 0 2
v 15 0 1
v 16 0 1
v 17 0 2
v 18 3 1
v 19 0 1
v 20 0 5
v 21 0 2
v 22 0 2
v 23 0 4
v 24 0 2
v 25 0 2
v 26 0 2
v 27 0 2
v 28 0 1
v 29 0 2
v 30 0 2
v 31 0 2
v 32 0 2
v 33 0 1
v 34 0 1
v 35 4 2
v 36 0 1
v 37 0 1
v 38 0 2
v 39 0 2
e 0 6 0
e 0 28 0
e 0 7 0
e 0 37 0
e 1 8 0
e 1 26 0
e 2 4 0
e 2 3 0
e 3 29 0
e 4 23 0
e 4 31 0
e 5 6 0
e 6 14 0
e 8 20 0
e 9 27 0
e 9 30 0
e 10 13 0
e 11 31 0
e 11 20 0
e 12 22 0
e 12 17 0
e 12 25 0
e 13 21 0
e 14 32 0
e 15 23 0
e 16 29 0
e 17 35 0
e 18 35 0
e 19 39 0
e 20 38 0
e 20 32 0
e 20 21 0
e 22 33 0
e 23 30 0
e 23 36 0
e 24 25 0
e 24 27 0
e 26 34 0
e 38 39 0
