t 40 40
v 0 0 2
v 1 1 2
v 2 0 2
v 3 1 2
v 4 0 1
v 5 1 1
v 6 0 1
v 7 0 2
v 8 0 2
v 9 0 2
v 10 0 1
v 11 1 1
v 12 0 2
v 13 0 3
v 14 0 1
v 15 0 2
v 16 1 2
v 17 0 2
v 18 1 2
v 19 0 2
v 20 0 2
v 21 1 2
v 22 0 2
v 23 1 2
v 24 1 3
v 25 1 1
v 26 1 2
v 27 0 5
v 28 1 2
v 29 0 2
v 30 0 2
v 31 0 2
v 32 1 2
v 33 0 2
v 34 1 2
v 35 0 3
v 36 1 2
v 37 1 4
v 38 1 2
v 39 0 1
e 0 3 0
e 0 4 0
e 1 18 0
e 1 37 0
e 2 21 0
e 2 20 0
e 3 18 0
e 5 13 0
e 6 13 0
e 7 12 0
e 7 8 0
e 8 9 0
e 9 22 0
e 10 30 0
e 11 16 0
e 12 14 0
e 13 31 0
e 15 29 0
e 15 17 0
e 16 19 0
e 17 34 0
e 19 32 0
e 20 31 0
e 21 27 0
e 22 35 0
e 23 38 0
e 23 37 0
e 24 37 0
e 24 26 0
e 24 27 0
e 25 26 0
e 27 37 0
e 27 28 0
e 27 32 0
e 28 29 0
e 30 35 0
e 33 36 0
e 33 35 0
e 34 36 0
e 38 39 0
