t 32 33
v 0 0 2
v 1 0 2
v 2 0 3
v 3 0 1
v 4 2 2
v 5 0 2
v 6 0 3
v 7 4 3
v 8 1 3
v 9 0 2
v 10 2 2
v 11 2 1
v 12 3 3
v 13 1 2
v 14 0 4
v 15 0 3
v 16 0 3
v 17 0 2
v 18 0 3
v 19 0 1
v 20 0 1
v 21 0 2
v 22 0 1
v 23 0 1
v 24 0 1
v 25 0 3
v 26 0 1
v 27 0 1
v 28 0 2
v 29 0 2
v 30 0 3
v 31 0 1
e 0 16 0
e 0 5 0
e 1 16 0
e 1 3 0
e 2 16 0
e 2 12 0
e 2 7 0
e 4 11 0
e 4 7 0
e 5 14 0
e 6 28 0
e 6 25 0
e 6 27 0
e 7 12 0
e 8 10 0
e 8 17 0
e 8 18 0
e 9 13 0
e 9 14 0
e 10 12 0
e 13 25 0
e 14 22 0
e 14 23 0
e 15 19 0
e 15 25 0
e 15 26 0
e 17 18 0
e 18 20 0
e 21 30 0
e 21 24 0
e 28 29 0
e 29 30 0
e 30 31 0
