t 40 39
v 0 0 4
v 1 0 1
v 2 0 1
v 3 0 1
v 4 0 2
v 5 0 2
v 6 1 2
v 7 0 2
v 8 0 2
v 9 0 4
v 10 0 2
v 11 0 2
v 12 0 2
v 13 0 2
v 14 0 2
v 15 1 1
v 16 4 2
v 17 0 3
v 18 1 2
v 19 1 1
v 20 0 2
v 21 1 5
v 22 1 1
v 23 0 2
v 24 4 1
v 25 0 2
v 26 0 2
v 27 0 1
v 28 0 2
v 29 0 2
v 30 0 3
v 31 0 1
v 32 0 1
v 33 0 2
v 34 0 2
v 35 0 3
v 36 0 1
v 37 0 3
v 38 0 1
v 39 0 1
e 0 37 0
e 0 17 0
e 0 9 0
e 0 1 0
e 2 9 0
e 3 9 0
e 4 8 0
e 4 20 0
e 5 18 0
e 5 9 0
e 6 7 0
e 6 18 0
e 7 8 0
e 10 13 0
e 10 12 0
e 11 33 0
e 11 12 0
e 13 14 0
e 14 28 0
e 15 21 0
e 16 21 0
e 16 23 0
e 17 36 0
e 17 31 0
e 19 21 0
e 20 33 0
e 21 24 0
e 21 34 0
e 22 34 0
e 23 25 0
e 25 29 0
e 26 30 0
e 26 35 0
e 27 35 0
e 28 35 0
e 29 30 0
e 30 32 0
e 37 38 0
e 37 39 0
