t 40 50
v 0 24 2
v 1 29 2
v 2 11 2
v 3 29 2
v 4 12 2
v 5 25 2
v 6 39 2
v 7 20 12
v 8 8 2
v 9 21 1
v 10 2 2
v 11 36 3
v 12 6 4
v 13 24 3
v 14 7 2
v 15 0 2
v 16 13 2
v 17 17 2
v 18 7 2
v 19 36 2
v 20 7 2
v 21 37 1
v 22 5 2
v 23 35 4
v 24 1 2
v 25 28 3
v 26 5 2
v 27 12 2
v 28 22 2
v 29 35 2
v 30 33 2
v 31 18 2
v 32 11 4
v 33 37 2
v 34 8 2
v 35 25 5
v 36 2 3
v 37 39 2
v 38 23 2
v 39 22 1
e 0 18 0
e 0 3 0
e 1 15 0
e 1 7 0
e 2 17 0
e 2 18 0
e 3 4 0
e 4 8 0
e 5 22 0
e 5 14 0
e 6 34 0
e 6 26 0
e 7 32 0
e 7 13 0
e 7 9 0
e 7 12 0
e 7 23 0
e 7 10 0
e 7 36 0
e 7 35 0
e 7 27 0
e 7 34 0
e 7 31 0
e 8 14 0
e 10 25 0
e 11 13 0
e 11 35 0
e 11 19 0
e 12 35 0
e 12 23 0
e 12 16 0
e 13 15 0
e 16 25 0
e 17 37 0
e 19 28 0
e 20 22 0
e 20 26 0
e 21 36 0
e 23 35 0
e 23 33 0
e 24 27 0
e 24 28 0
e 25 31 0
e 29 30 0
e 29 32 0
e 30 32 0
e 32 33 0
e 35 36 0
e 37 38 0
e 38 39 0
