t 32 35
v 0 27 2
v 1 0 2
v 2 36 1
v 3 15 2
v 4 34 2
v 5 35 2
v 6 15 4
v 7 36 2
v 8 29 2
v 9 15 5
v 10 30 2
v 11 18 2
v 12 33 2
v 13 4 2
v 14 12 2
v 15 3 2
v 16 5 2
v 17 9 3
v 18 7 2
v 19 17 2
v 20 35 2
v 21 1 2
v 22 4 1
v 23 17 2
v 24 35 2
v 25 0 2
v 26 34 2
v 27 36 2
v 28 8 2
v 29 2 3
v 30 23 2
v 31 21 3
e 0 3 0
e 0 27 0
e 1 2 0
e 1 21 0
e 3 4 0
e 4 12 0
e 5 6 0
e 5 9 0
e 6 7 0
e 6 9 0
e 6 17 0
e 7 11 0
e 8 26 0
e 8 27 0
e 9 31 0
e 9 17 0
e 9 29 0
e 10 23 0
e 10 20 0
e 11 13 0
e 12 17 0
e 13 29 0
e 14 28 0
e 14 26 0
e 15 22 0
e 15 18 0
e 16 19 0
e 16 30 0
e 18 31 0
e 19 25 0
e 20 30 0
e 21 24 0
e 23 24 0
e 25 28 0
e 29 31 0
