t 40 178
v 0 32 9
v 1 28 27
v 2 14 9
v 3 12 1
v 4 20 6
v 5 27 9
v 6 21 2
v 7 16 4
v 8 24 8
v 9 34 7
v 10 5 7
v 11 33 26
v 12 34 7
v 13 17 2
v 14 39 7
v 15 33 11
v 16 17 6
v 17 5 7
v 18 17 6
v 19 3 15
v 20 7 5
v 21 6 3
v 22 21 2
v 23 36 25
v 24 27 7
v 25 24 25
v 26 32 4
v 27 23 2
v 28 37 5
v 29 25 6
v 30 10 10
v 31 21 6
v 32 23 21
v 33 9 9
v 34 3 6
v 35 6 23
v 36 33 6
v 37 9 1
v 38 39 7
v 39 36 7
e 0 9 0
e 0 37 0
e 0 1 0
e 0 8 0
e 0 11 0
e 0 23 0
e 0 25 0
e 0 32 0
e 0 35 0
e 1 15 0
e 1 19 0
e 1 9 0
e 1 16 0
e 1 17 0
e 1 39 0
e 1 36 0
e 1 34 0
e 1 31 0
e 1 5 0
e 1 7 0
e 1 8 0
e 1 2 0
e 1 12 0
e 1 14 0
e 1 20 0
e 1 33 0
e 1 28 0
e 1 18 0
e 1 24 0
e 1 10 0
e 1 11 0
e 1 23 0
e 1 25 0
e 1 32 0
e 1 35 0
e 2 21 0
e 2 8 0
e 2 11 0
e 2 23 0
e 2 25 0
e 2 32 0
e 2 35 0
e 2 38 0
e 3 10 0
e 4 8 0
e 4 11 0
e 4 13 0
e 4 23 0
e 4 25 0
e 4 35 0
e 5 8 0
e 5 11 0
e 5 13 0
e 5 23 0
e 5 25 0
e 5 27 0
e 5 32 0
e 5 35 0
e 6 22 0
e 6 33 0
e 7 11 0
e 7 25 0
e 7 35 0
e 8 33 0
e 8 10 0
e 8 30 0
e 9 16 0
e 9 11 0
e 9 25 0
e 9 32 0
e 9 35 0
e 10 21 0
e 10 25 0
e 10 32 0
e 10 38 0
e 11 29 0
e 11 15 0
e 11 30 0
e 11 17 0
e 11 39 0
e 11 36 0
e 11 34 0
e 11 26 0
e 11 31 0
e 11 12 0
e 11 14 0
e 11 20 0
e 11 33 0
e 11 28 0
e 11 24 0
e 11 23 0
e 11 25 0
e 11 32 0
e 11 35 0
e 12 15 0
e 12 19 0
e 12 23 0
e 12 25 0
e 12 35 0
e 14 15 0
e 14 19 0
e 14 25 0
e 14 32 0
e 14 35 0
e 15 19 0
e 15 20 0
e 15 18 0
e 15 24 0
e 15 23 0
e 15 32 0
e 15 35 0
e 16 23 0
e 16 25 0
e 16 32 0
e 16 35 0
e 17 23 0
e 17 25 0
e 17 30 0
e 17 32 0
e 17 35 0
e 18 19 0
e 18 23 0
e 18 25 0
e 18 32 0
e 19 20 0
e 19 28 0
e 19 24 0
e 19 36 0
e 19 23 0
e 19 25 0
e 19 29 0
e 19 32 0
e 19 35 0
e 19 38 0
e 20 35 0
e 21 23 0
e 22 27 0
e 23 29 0
e 23 30 0
e 23 39 0
e 23 36 0
e 23 34 0
e 23 26 0
e 23 31 0
e 23 33 0
e 23 28 0
e 23 25 0
e 23 32 0
e 23 35 0
e 24 25 0
e 24 32 0
e 24 35 0
e 25 29 0
e 25 30 0
e 25 39 0
e 25 36 0
e 25 34 0
e 25 26 0
e 25 31 0
e 25 33 0
e 26 30 0
e 28 35 0
e 29 32 0
e 29 35 0
e 30 31 0
e 30 38 0
e 30 32 0
e 30 35 0
e 31 32 0
e 32 39 0
e 32 36 0
e 32 33 0
e 33 35 0
e 33 38 0
e 34 35 0
e 34 38 0
e 35 39 0
e 38 39 0
