t 40 55
v 0 9 3
v 1 0 2
v 2 16 3
v 3 1 1
v 4 0 3
v 5 3 3
v 6 16 1
v 7 29 2
v 8 38 3
v 9 17 4
v 10 7 1
v 11 30 3
v 12 33 2
v 13 35 6
v 14 38 3
v 15 1 3
v 16 13 2
v 17 0 2
v 18 37 4
v 19 27 1
v 20 25 6
v 21 2 8
v 22 31 1
v 23 18 1
v 24 15 11
v 25 16 2
v 26 11 4
v 27 25 2
v 28 16 2
v 29 27 1
v 30 32 1
v 31 9 2
v 32 4 4
v 33 7 3
v 34 26 1
v 35 6 2
v 36 23 2
v 37 0 2
v 38 3 2
v 39 19 1
e 0 1 0
e 0 2 0
e 0 9 0
e 1 26 0
e 2 26 0
e 2 8 0
e 3 21 0
e 4 32 0
e 4 13 0
e 4 18 0
e 5 36 0
e 5 11 0
e 5 21 0
e 6 9 0
e 7 10 0
e 7 24 0
e 8 20 0
e 8 21 0
e 9 20 0
e 9 21 0
e 11 28 0
e 11 37 0
e 12 23 0
e 12 24 0
e 13 14 0
e 13 16 0
e 13 32 0
e 13 17 0
e 13 24 0
e 14 18 0
e 14 24 0
e 15 19 0
e 15 20 0
e 15 21 0
e 16 24 0
e 17 24 0
e 18 30 0
e 18 24 0
e 20 33 0
e 20 26 0
e 20 21 0
e 21 35 0
e 21 26 0
e 22 24 0
e 24 32 0
e 24 25 0
e 24 34 0
e 25 38 0
e 27 29 0
e 27 32 0
e 28 39 0
e 31 33 0
e 31 38 0
e 33 35 0
e 36 37 0
