t 32 32
v 0 17 2
v 1 15 2
v 2 6 2
v 3 6 2
v 4 29 2
v 5 0 2
v 6 17 2
v 7 17 2
v 8 35 2
v 9 1 2
v 10 34 2
v 11 15 2
v 12 23 2
v 13 11 2
v 14 39 2
v 15 30 3
v 16 21 2
v 17 35 2
v 18 15 2
v 19 2 2
v 20 28 2
v 21 23 2
v 22 12 2
v 23 28 1
v 24 0 2
v 25 10 2
v 26 6 2
v 27 39 2
v 28 3 2
v 29 16 3
v 30 29 1
v 31 24 2
e 0 3 0
e 0 28 0
e 1 27 0
e 1 17 0
e 2 20 0
e 2 15 0
e 3 9 0
e 4 8 0
e 4 10 0
e 5 15 0
e 5 24 0
e 6 9 0
e 6 11 0
e 7 8 0
e 7 11 0
e 10 14 0
e 12 19 0
e 12 30 0
e 13 18 0
e 13 31 0
e 14 18 0
e 15 29 0
e 16 25 0
e 16 21 0
e 17 26 0
e 19 31 0
e 20 22 0
e 21 22 0
e 23 25 0
e 24 29 0
e 26 29 0
e 27 28 0
