t 32 52
v 0 7 2
v 1 25 4
v 2 24 3
v 3 4 5
v 4 20 2
v 5 24 2
v 6 11 2
v 7 39 3
v 8 13 9
v 9 9 3
v 10 35 2
v 11 18 4
v 12 31 8
v 13 19 3
v 14 30 3
v 15 14 2
v 16 9 2
v 17 2 3
v 18 32 3
v 19 8 12
v 20 25 2
v 21 18 2
v 22 32 2
v 23 4 2
v 24 21 2
v 25 34 2
v 26 13 2
v 27 6 4
v 28 21 2
v 29 35 1
v 30 0 3
v 31 24 3
e 0 10 0
e 0 15 0
e 1 2 0
e 1 8 0
e 1 12 0
e 1 19 0
e 2 12 0
e 2 19 0
e 3 14 0
e 3 9 0
e 3 8 0
e 3 12 0
e 3 19 0
e 4 21 0
e 4 23 0
e 5 21 0
e 5 24 0
e 6 27 0
e 6 31 0
e 7 8 0
e 7 12 0
e 7 19 0
e 8 18 0
e 8 17 0
e 8 13 0
e 8 12 0
e 8 11 0
e 8 19 0
e 9 12 0
e 9 19 0
e 10 19 0
e 11 18 0
e 11 12 0
e 11 19 0
e 12 14 0
e 13 17 0
e 13 19 0
e 14 19 0
e 15 20 0
e 16 27 0
e 16 31 0
e 17 19 0
e 18 19 0
e 20 22 0
e 22 23 0
e 24 25 0
e 25 26 0
e 26 28 0
e 27 30 0
e 27 31 0
e 28 30 0
e 29 30 0
