t 24 49
v 0 27 4
v 1 16 6
v 2 33 3
v 3 27 2
v 4 9 2
v 5 2 2
v 6 26 9
v 7 2 12
v 8 9 1
v 9 21 2
v 10 20 2
v 11 22 6
v 12 9 11
v 13 15 1
v 14 26 4
v 15 39 1
v 16 21 4
v 17 24 5
v 18 3 6
v 19 9 3
v 20 7 2
v 21 14 4
v 22 38 2
v 23 6 4
e 0 9 0
e 0 6 0
e 0 10 0
e 0 12 0
e 1 6 0
e 1 7 0
e 1 11 0
e 1 12 0
e 1 16 0
e 1 17 0
e 2 6 0
e 2 7 0
e 2 12 0
e 3 7 0
e 3 11 0
e 4 23 0
e 4 21 0
e 5 7 0
e 5 12 0
e 6 11 0
e 6 7 0
e 6 18 0
e 6 14 0
e 6 19 0
e 6 12 0
e 7 20 0
e 7 16 0
e 7 17 0
e 7 18 0
e 7 21 0
e 7 19 0
e 7 12 0
e 8 21 0
e 9 14 0
e 10 14 0
e 11 17 0
e 11 18 0
e 11 12 0
e 12 20 0
e 12 18 0
e 12 14 0
e 12 19 0
e 13 23 0
e 15 23 0
e 16 18 0
e 16 17 0
e 17 18 0
e 21 22 0
e 22 23 0
