t 24 45
v 0 7 4
v 1 33 4
v 2 14 2
v 3 3 3
v 4 28 4
v 5 33 2
v 6 4 2
v 7 36 3
v 8 13 2
v 9 6 6
v 10 16 2
v 11 2 2
v 12 13 2
v 13 38 2
v 14 4 4
v 15 27 3
v 16 23 3
v 17 31 3
v 18 28 6
v 19 2 3
v 20 12 3
v 21 32 2
v 22 28 21
v 23 35 2
e 0 1 0
e 0 14 0
e 0 18 0
e 0 22 0
e 1 9 0
e 1 18 0
e 1 22 0
e 2 16 0
e 2 22 0
e 3 7 0
e 3 17 0
e 3 22 0
e 4 5 0
e 4 9 0
e 4 18 0
e 4 22 0
e 5 23 0
e 6 17 0
e 6 21 0
e 7 15 0
e 7 22 0
e 8 20 0
e 8 22 0
e 9 14 0
e 9 10 0
e 9 18 0
e 9 22 0
e 10 22 0
e 11 13 0
e 11 22 0
e 12 20 0
e 12 22 0
e 13 22 0
e 14 18 0
e 14 22 0
e 15 19 0
e 15 22 0
e 16 19 0
e 16 22 0
e 17 22 0
e 18 22 0
e 19 22 0
e 20 22 0
e 21 22 0
e 22 23 0
