t 32 163
v 0 26 8
v 1 25 10
v 2 20 10
v 3 26 10
v 4 30 9
v 5 5 6
v 6 36 5
v 7 0 9
v 8 15 5
v 9 11 21
v 10 19 7
v 11 22 5
v 12 39 9
v 13 25 19
v 14 31 9
v 15 21 7
v 16 16 19
v 17 29 6
v 18 22 20
v 19 5 8
v 20 29 8
v 21 24 8
v 22 14 9
v 23 2 7
v 24 14 18
v 25 38 11
v 26 4 5
v 27 5 6
v 28 38 19
v 29 34 10
v 30 18 19
v 31 5 4
e 0 7 0
e 0 9 0
e 0 13 0
e 0 16 0
e 0 18 0
e 0 24 0
e 0 28 0
e 0 30 0
e 1 26 0
e 1 31 0
e 1 3 0
e 1 8 0
e 1 5 0
e 1 11 0
e 1 6 0
e 1 14 0
e 1 25 0
e 1 29 0
e 2 19 0
e 2 20 0
e 2 12 0
e 2 21 0
e 2 9 0
e 2 13 0
e 2 16 0
e 2 18 0
e 2 28 0
e 2 30 0
e 3 26 0
e 3 31 0
e 3 8 0
e 3 5 0
e 3 11 0
e 3 6 0
e 3 14 0
e 3 25 0
e 3 29 0
e 4 5 0
e 4 7 0
e 4 9 0
e 4 13 0
e 4 16 0
e 4 18 0
e 4 24 0
e 4 28 0
e 4 30 0
e 5 14 0
e 5 25 0
e 5 29 0
e 6 14 0
e 6 25 0
e 6 29 0
e 7 9 0
e 7 13 0
e 7 16 0
e 7 18 0
e 7 24 0
e 7 28 0
e 7 30 0
e 8 14 0
e 8 25 0
e 8 29 0
e 9 15 0
e 9 21 0
e 9 17 0
e 9 19 0
e 9 27 0
e 9 22 0
e 9 12 0
e 9 20 0
e 9 23 0
e 9 10 0
e 9 25 0
e 9 13 0
e 9 16 0
e 9 18 0
e 9 24 0
e 9 28 0
e 9 30 0
e 10 13 0
e 10 16 0
e 10 18 0
e 10 24 0
e 10 28 0
e 10 30 0
e 11 14 0
e 11 25 0
e 11 29 0
e 12 13 0
e 12 16 0
e 12 18 0
e 12 22 0
e 12 24 0
e 12 28 0
e 12 30 0
e 13 15 0
e 13 21 0
e 13 19 0
e 13 27 0
e 13 22 0
e 13 20 0
e 13 16 0
e 13 28 0
e 13 23 0
e 13 18 0
e 13 24 0
e 13 30 0
e 14 26 0
e 14 25 0
e 14 29 0
e 15 16 0
e 15 18 0
e 15 24 0
e 15 28 0
e 15 30 0
e 16 21 0
e 16 17 0
e 16 19 0
e 16 27 0
e 16 22 0
e 16 20 0
e 16 23 0
e 16 18 0
e 16 24 0
e 16 30 0
e 17 18 0
e 17 24 0
e 17 28 0
e 17 30 0
e 18 21 0
e 18 19 0
e 18 27 0
e 18 22 0
e 18 24 0
e 18 30 0
e 18 20 0
e 18 28 0
e 18 23 0
e 19 24 0
e 19 28 0
e 19 30 0
e 20 24 0
e 20 28 0
e 20 30 0
e 21 22 0
e 21 24 0
e 21 28 0
e 22 24 0
e 22 28 0
e 22 30 0
e 23 24 0
e 23 28 0
e 23 30 0
e 24 30 0
e 24 28 0
e 25 26 0
e 25 31 0
e 25 29 0
e 26 29 0
e 27 28 0
e 27 30 0
e 28 30 0
e 29 31 0
