t 16 40
v 0 30 1
v 1 22 10
v 2 38 9
v 3 19 6
v 4 17 2
v 5 27 4
v 6 39 2
v 7 31 9
v 8 2 3
v 9 38 2
v 10 26 6
v 11 20 9
v 12 6 4
v 13 34 4
v 14 27 5
v 15 13 4
e 0 2 0
e 1 8 0
e 1 12 0
e 1 5 0
e 1 10 0
e 1 4 0
e 1 2 0
e 1 13 0
e 1 7 0
e 1 15 0
e 1 14 0
e 2 8 0
e 2 12 0
e 2 6 0
e 2 10 0
e 2 11 0
e 2 3 0
e 2 7 0
e 3 5 0
e 3 11 0
e 3 13 0
e 3 15 0
e 3 14 0
e 4 7 0
e 5 7 0
e 5 11 0
e 6 7 0
e 7 12 0
e 7 10 0
e 7 15 0
e 7 14 0
e 8 11 0
e 9 10 0
e 9 11 0
e 10 13 0
e 10 11 0
e 11 13 0
e 11 15 0
e 11 14 0
e 12 14 0
