t 40 39
v 0 36 2
v 1 39 2
v 2 28 2
v 3 28 2
v 4 24 2
v 5 23 2
v 6 19 2
v 7 23 2
v 8 5 2
v 9 37 2
v 10 6 2
v 11 8 2
v 12 20 2
v 13 2 2
v 14 22 2
v 15 35 1
v 16 1 2
v 17 34 2
v 18 38 2
v 19 31 2
v 20 16 2
v 21 24 2
v 22 15 2
v 23 15 1
v 24 38 2
v 25 31 2
v 26 28 2
v 27 16 2
v 28 21 2
v 29 24 2
v 30 18 2
v 31 33 2
v 32 23 2
v 33 22 2
v 34 12 2
v 35 36 2
v 36 21 2
v 37 23 2
v 38 0 2
v 39 8 2
e 0 16 0
e 0 27 0
e 1 25 0
e 1 39 0
e 2 8 0
e 2 27 0
e 3 25 0
e 3 8 0
e 4 23 0
e 4 32 0
e 5 34 0
e 5 36 0
e 6 34 0
e 6 37 0
e 7 38 0
e 7 20 0
e 9 29 0
e 9 10 0
e 10 38 0
e 11 26 0
e 11 21 0
e 12 17 0
e 12 14 0
e 13 24 0
e 13 15 0
e 14 20 0
e 16 24 0
e 17 19 0
e 18 21 0
e 18 19 0
e 22 31 0
e 22 32 0
e 26 28 0
e 28 31 0
e 29 30 0
e 30 33 0
e 33 36 0
e 35 37 0
e 35 39 0
