t 40 39
v 0 9 2
v 1 38 2
v 2 1 2
v 3 22 2
v 4 6 2
v 5 13 2
v 6 11 2
v 7 36 2
v 8 1 2
v 9 20 2
v 10 32 2
v 11 0 2
v 12 34 2
v 13 30 2
v 14 15 1
v 15 8 2
v 16 21 2
v 17 21 2
v 18 5 2
v 19 38 2
v 20 34 2
v 21 20 2
v 22 20 2
v 23 38 2
v 24 15 2
v 25 24 2
v 26 35 1
v 27 0 2
v 28 19 2
v 29 33 2
v 30 37 2
v 31 13 2
v 32 6 2
v 33 35 2
v 34 32 2
v 35 30 2
v 36 24 2
v 37 33 2
v 38 7 2
v 39 39 2
e 0 15 0
e 0 1 0
e 1 8 0
e 2 19 0
e 2 3 0
e 3 8 0
e 4 13 0
e 4 20 0
e 5 22 0
e 5 30 0
e 6 12 0
e 6 18 0
e 7 34 0
e 7 35 0
e 9 39 0
e 9 16 0
e 10 14 0
e 10 21 0
e 11 22 0
e 11 23 0
e 12 23 0
e 13 31 0
e 15 21 0
e 16 19 0
e 17 30 0
e 17 37 0
e 18 34 0
e 20 36 0
e 24 32 0
e 24 29 0
e 25 26 0
e 25 27 0
e 27 29 0
e 28 32 0
e 28 35 0
e 31 38 0
e 33 36 0
e 33 37 0
e 38 39 0
