t 24 47
v 0 9 6
v 1 33 8
v 2 2 9
v 3 26 1
v 4 14 5
v 5 13 2
v 6 34 1
v 7 39 2
v 8 15 3
v 9 29 1
v 10 34 1
v 11 18 1
v 12 34 2
v 13 19 2
v 14 35 3
v 15 8 7
v 16 15 4
v 17 17 2
v 18 1 4
v 19 10 7
v 20 39 4
v 21 5 5
v 22 36 6
v 23 19 8
e 0 23 0
e 0 1 0
e 0 2 0
e 0 4 0
e 0 15 0
e 0 22 0
e 1 18 0
e 1 23 0
e 1 19 0
e 1 2 0
e 1 15 0
e 1 21 0
e 1 22 0
e 2 16 0
e 2 15 0
e 2 21 0
e 2 22 0
e 2 20 0
e 2 18 0
e 2 23 0
e 3 13 0
e 4 20 0
e 4 23 0
e 4 19 0
e 4 15 0
e 5 13 0
e 5 16 0
e 6 16 0
e 7 17 0
e 7 12 0
e 8 9 0
e 8 16 0
e 8 17 0
e 10 14 0
e 11 14 0
e 12 14 0
e 15 21 0
e 15 23 0
e 15 19 0
e 18 19 0
e 18 22 0
e 19 20 0
e 19 22 0
e 19 23 0
e 20 21 0
e 21 23 0
e 22 23 0
