t 32 134
v 0 0 7
v 1 23 3
v 2 36 7
v 3 16 19
v 4 36 22
v 5 28 7
v 6 21 14
v 7 28 9
v 8 18 7
v 9 32 6
v 10 2 20
v 11 14 2
v 12 27 6
v 13 37 3
v 14 27 6
v 15 23 4
v 16 25 7
v 17 7 2
v 18 38 6
v 19 20 18
v 20 14 4
v 21 5 8
v 22 35 2
v 23 6 15
v 24 11 7
v 25 5 8
v 26 26 8
v 27 19 5
v 28 13 16
v 29 6 6
v 30 8 13
v 31 25 1
e 0 3 0
e 0 4 0
e 0 6 0
e 0 7 0
e 0 23 0
e 0 28 0
e 0 30 0
e 1 3 0
e 1 4 0
e 1 23 0
e 2 8 0
e 2 3 0
e 2 4 0
e 2 6 0
e 2 10 0
e 2 19 0
e 2 28 0
e 3 16 0
e 3 9 0
e 3 25 0
e 3 10 0
e 3 21 0
e 3 14 0
e 3 15 0
e 3 18 0
e 3 26 0
e 3 27 0
e 3 8 0
e 3 24 0
e 3 7 0
e 3 19 0
e 3 23 0
e 3 30 0
e 4 16 0
e 4 12 0
e 4 20 0
e 4 9 0
e 4 29 0
e 4 25 0
e 4 23 0
e 4 28 0
e 4 10 0
e 4 21 0
e 4 14 0
e 4 18 0
e 4 26 0
e 4 27 0
e 4 8 0
e 4 5 0
e 4 24 0
e 4 7 0
e 4 19 0
e 5 7 0
e 5 6 0
e 5 10 0
e 5 19 0
e 5 23 0
e 5 28 0
e 6 16 0
e 6 26 0
e 6 12 0
e 6 15 0
e 6 14 0
e 6 27 0
e 6 20 0
e 6 18 0
e 6 25 0
e 6 24 0
e 6 21 0
e 7 12 0
e 7 10 0
e 7 19 0
e 7 23 0
e 7 30 0
e 8 10 0
e 8 19 0
e 8 28 0
e 8 30 0
e 9 29 0
e 9 23 0
e 9 28 0
e 9 30 0
e 10 16 0
e 10 12 0
e 10 29 0
e 10 13 0
e 10 25 0
e 10 15 0
e 10 14 0
e 10 18 0
e 10 26 0
e 10 24 0
e 10 22 0
e 10 19 0
e 10 23 0
e 10 28 0
e 11 31 0
e 11 17 0
e 12 23 0
e 12 30 0
e 13 23 0
e 13 30 0
e 14 19 0
e 14 30 0
e 15 28 0
e 16 19 0
e 16 23 0
e 16 28 0
e 17 22 0
e 18 19 0
e 18 28 0
e 19 26 0
e 19 20 0
e 19 25 0
e 19 28 0
e 19 24 0
e 19 29 0
e 19 21 0
e 19 30 0
e 20 30 0
e 21 26 0
e 21 23 0
e 21 25 0
e 21 28 0
e 23 26 0
e 23 25 0
e 23 29 0
e 24 28 0
e 24 30 0
e 25 28 0
e 26 27 0
e 27 30 0
e 28 29 0
e 28 30 0
