t 40 198
v 0 2 9
v 1 20 7
v 2 31 7
v 3 4 10
v 4 11 10
v 5 32 6
v 6 32 7
v 7 12 9
v 8 20 7
v 9 31 5
v 10 29 6
v 11 6 8
v 12 35 7
v 13 13 25
v 14 5 6
v 15 14 5
v 16 21 6
v 17 11 6
v 18 23 5
v 19 25 6
v 20 16 20
v 21 21 15
v 22 14 7
v 23 9 6
v 24 8 8
v 25 8 20
v 26 23 7
v 27 16 8
v 28 20 21
v 29 8 7
v 30 26 22
v 31 31 8
v 32 12 5
v 33 2 21
v 34 36 19
v 35 10 5
v 36 31 24
v 37 36 5
v 38 15 7
v 39 11 4
e 0 5 0
e 0 4 0
e 0 2 0
e 0 20 0
e 0 28 0
e 0 30 0
e 0 33 0
e 0 34 0
e 0 36 0
e 1 13 0
e 1 20 0
e 1 28 0
e 1 30 0
e 1 33 0
e 1 36 0
e 1 39 0
e 2 3 0
e 2 24 0
e 2 28 0
e 2 29 0
e 2 30 0
e 2 33 0
e 3 12 0
e 3 5 0
e 3 7 0
e 3 13 0
e 3 20 0
e 3 30 0
e 3 33 0
e 3 34 0
e 3 36 0
e 4 11 0
e 4 13 0
e 4 21 0
e 4 24 0
e 4 25 0
e 4 28 0
e 4 29 0
e 4 33 0
e 4 36 0
e 5 20 0
e 5 28 0
e 5 33 0
e 5 36 0
e 6 27 0
e 6 14 0
e 6 20 0
e 6 21 0
e 6 25 0
e 6 28 0
e 6 36 0
e 7 11 0
e 7 21 0
e 7 24 0
e 7 25 0
e 7 30 0
e 7 33 0
e 7 34 0
e 7 36 0
e 8 13 0
e 8 20 0
e 8 28 0
e 8 30 0
e 8 33 0
e 8 34 0
e 8 36 0
e 9 13 0
e 9 17 0
e 9 20 0
e 9 30 0
e 9 36 0
e 10 13 0
e 10 20 0
e 10 21 0
e 10 25 0
e 10 30 0
e 10 36 0
e 11 18 0
e 11 13 0
e 11 20 0
e 11 25 0
e 11 28 0
e 11 36 0
e 12 20 0
e 12 21 0
e 12 25 0
e 12 29 0
e 12 33 0
e 12 36 0
e 13 29 0
e 13 15 0
e 13 24 0
e 13 26 0
e 13 31 0
e 13 39 0
e 13 23 0
e 13 38 0
e 13 37 0
e 13 35 0
e 13 32 0
e 13 14 0
e 13 17 0
e 13 16 0
e 13 25 0
e 13 28 0
e 13 34 0
e 13 36 0
e 14 21 0
e 14 25 0
e 14 33 0
e 14 34 0
e 15 25 0
e 15 28 0
e 15 30 0
e 15 36 0
e 16 17 0
e 16 20 0
e 16 30 0
e 16 33 0
e 16 36 0
e 17 21 0
e 17 25 0
e 17 33 0
e 18 28 0
e 18 30 0
e 18 33 0
e 18 34 0
e 19 20 0
e 19 21 0
e 19 25 0
e 19 28 0
e 19 30 0
e 19 33 0
e 20 22 0
e 20 31 0
e 20 23 0
e 20 27 0
e 20 35 0
e 20 25 0
e 20 28 0
e 20 34 0
e 21 37 0
e 21 39 0
e 21 24 0
e 21 35 0
e 21 27 0
e 21 22 0
e 21 31 0
e 22 25 0
e 22 28 0
e 22 33 0
e 22 34 0
e 22 36 0
e 23 28 0
e 23 33 0
e 23 34 0
e 23 36 0
e 24 27 0
e 24 28 0
e 24 36 0
e 25 26 0
e 25 31 0
e 25 27 0
e 25 38 0
e 25 37 0
e 25 35 0
e 25 32 0
e 26 28 0
e 26 30 0
e 26 33 0
e 26 34 0
e 26 36 0
e 27 29 0
e 27 28 0
e 27 34 0
e 28 34 0
e 28 30 0
e 28 38 0
e 29 30 0
e 29 36 0
e 30 33 0
e 30 31 0
e 30 39 0
e 30 38 0
e 30 35 0
e 30 32 0
e 30 34 0
e 31 33 0
e 31 34 0
e 31 36 0
e 32 34 0
e 32 36 0
e 33 38 0
e 33 34 0
e 34 38 0
e 34 37 0
e 36 38 0
e 36 37 0
