t 24 49
v 0 18 2
v 1 11 5
v 2 8 6
v 3 15 3
v 4 25 10
v 5 23 1
v 6 29 2
v 7 28 2
v 8 9 2
v 9 5 2
v 10 1 5
v 11 10 2
v 12 11 5
v 13 5 5
v 14 35 4
v 15 7 1
v 16 32 3
v 17 39 11
v 18 34 3
v 19 15 3
v 20 20 16
v 21 28 2
v 22 20 2
v 23 27 1
e 0 17 0
e 0 20 0
e 1 10 0
e 1 2 0
e 1 4 0
e 1 12 0
e 1 20 0
e 2 13 0
e 2 4 0
e 2 10 0
e 2 14 0
e 2 20 0
e 3 18 0
e 3 19 0
e 3 20 0
e 4 18 0
e 4 6 0
e 4 13 0
e 4 10 0
e 4 12 0
e 4 16 0
e 4 14 0
e 4 20 0
e 5 20 0
e 6 9 0
e 7 17 0
e 7 20 0
e 8 17 0
e 8 20 0
e 9 20 0
e 10 17 0
e 10 20 0
e 11 23 0
e 11 22 0
e 12 13 0
e 12 16 0
e 12 17 0
e 13 17 0
e 13 20 0
e 14 17 0
e 14 20 0
e 15 17 0
e 16 17 0
e 17 19 0
e 17 20 0
e 18 20 0
e 19 20 0
e 20 21 0
e 21 22 0
