t 32 95
v 0 20 6
v 1 21 9
v 2 3 4
v 3 22 8
v 4 27 6
v 5 36 3
v 6 21 6
v 7 31 10
v 8 14 4
v 9 35 4
v 10 16 8
v 11 20 15
v 12 22 6
v 13 7 4
v 14 16 13
v 15 14 3
v 16 7 8
v 17 25 7
v 18 26 4
v 19 13 3
v 20 7 2
v 21 6 13
v 22 2 5
v 23 2 13
v 24 14 2
v 25 8 13
v 26 25 2
v 27 18 2
v 28 32 2
v 29 4 2
v 30 20 2
v 31 24 1
e 0 1 0
e 0 7 0
e 0 11 0
e 0 14 0
e 0 23 0
e 0 25 0
e 1 16 0
e 1 19 0
e 1 6 0
e 1 13 0
e 1 3 0
e 1 18 0
e 1 10 0
e 1 17 0
e 2 16 0
e 2 11 0
e 2 14 0
e 2 21 0
e 3 4 0
e 3 16 0
e 3 7 0
e 3 14 0
e 3 21 0
e 3 23 0
e 3 25 0
e 4 5 0
e 4 7 0
e 4 11 0
e 4 21 0
e 4 25 0
e 5 7 0
e 5 11 0
e 6 17 0
e 6 14 0
e 6 21 0
e 6 23 0
e 6 25 0
e 7 16 0
e 7 8 0
e 7 19 0
e 7 9 0
e 7 10 0
e 7 17 0
e 8 11 0
e 8 23 0
e 8 25 0
e 9 20 0
e 9 23 0
e 9 25 0
e 10 11 0
e 10 12 0
e 10 14 0
e 10 21 0
e 10 23 0
e 10 25 0
e 11 22 0
e 11 16 0
e 11 12 0
e 11 13 0
e 11 14 0
e 11 15 0
e 11 18 0
e 11 17 0
e 11 25 0
e 12 17 0
e 12 14 0
e 12 21 0
e 12 23 0
e 13 23 0
e 13 25 0
e 14 22 0
e 14 16 0
e 14 15 0
e 14 23 0
e 14 17 0
e 14 25 0
e 15 23 0
e 16 21 0
e 16 25 0
e 17 21 0
e 18 21 0
e 18 23 0
e 19 21 0
e 20 24 0
e 21 22 0
e 21 23 0
e 21 25 0
e 22 23 0
e 22 25 0
e 24 26 0
e 26 28 0
e 27 30 0
e 27 31 0
e 28 29 0
e 29 30 0
