t 32 47
v 0 19 2
v 1 23 1
v 2 22 4
v 3 13 2
v 4 28 3
v 5 35 1
v 6 18 1
v 7 3 1
v 8 13 2
v 9 32 5
v 10 8 3
v 11 10 3
v 12 11 2
v 13 30 4
v 14 15 2
v 15 3 19
v 16 9 1
v 17 39 2
v 18 33 3
v 19 7 3
v 20 19 3
v 21 24 2
v 22 36 2
v 23 12 2
v 24 36 3
v 25 15 2
v 26 15 3
v 27 26 3
v 28 18 3
v 29 5 3
v 30 27 1
v 31 15 3
e 0 8 0
e 0 15 0
e 1 12 0
e 2 3 0
e 2 18 0
e 2 13 0
e 2 15 0
e 3 9 0
e 4 24 0
e 4 5 0
e 4 15 0
e 6 31 0
e 7 27 0
e 8 15 0
e 9 18 0
e 9 13 0
e 9 21 0
e 9 15 0
e 10 15 0
e 10 17 0
e 10 20 0
e 11 23 0
e 11 15 0
e 11 31 0
e 12 15 0
e 13 28 0
e 13 29 0
e 14 30 0
e 14 15 0
e 15 19 0
e 15 27 0
e 15 25 0
e 15 28 0
e 15 31 0
e 15 20 0
e 15 22 0
e 15 26 0
e 15 24 0
e 15 29 0
e 16 19 0
e 17 24 0
e 18 28 0
e 19 20 0
e 21 29 0
e 22 23 0
e 25 26 0
e 26 27 0
