t 40 65
v 0 10 2
v 1 23 2
v 2 33 2
v 3 7 2
v 4 7 2
v 5 4 2
v 6 12 2
v 7 36 2
v 8 27 2
v 9 10 2
v 10 20 2
v 11 18 1
v 12 28 2
v 13 37 2
v 14 23 1
v 15 22 2
v 16 39 10
v 17 32 3
v 18 23 2
v 19 14 1
v 20 8 6
v 21 11 8
v 22 26 3
v 23 25 9
v 24 30 5
v 25 18 2
v 26 23 2
v 27 15 2
v 28 33 9
v 29 34 3
v 30 25 7
v 31 13 2
v 32 27 2
v 33 20 12
v 34 8 2
v 35 0 2
v 36 31 2
v 37 26 2
v 38 24 2
v 39 8 2
e 0 32 0
e 0 7 0
e 1 18 0
e 1 35 0
e 2 35 0
e 2 27 0
e 3 6 0
e 3 27 0
e 4 16 0
e 4 33 0
e 5 38 0
e 5 31 0
e 6 37 0
e 7 18 0
e 8 31 0
e 8 9 0
e 9 10 0
e 10 12 0
e 11 25 0
e 12 33 0
e 13 37 0
e 13 38 0
e 14 16 0
e 15 21 0
e 15 28 0
e 16 24 0
e 16 39 0
e 16 26 0
e 16 30 0
e 16 23 0
e 16 22 0
e 16 21 0
e 16 17 0
e 17 23 0
e 17 33 0
e 19 33 0
e 20 24 0
e 20 30 0
e 20 23 0
e 20 22 0
e 20 21 0
e 20 33 0
e 21 24 0
e 21 30 0
e 21 23 0
e 21 28 0
e 21 33 0
e 22 28 0
e 23 29 0
e 23 24 0
e 23 30 0
e 23 28 0
e 23 33 0
e 24 28 0
e 25 36 0
e 26 33 0
e 28 29 0
e 28 30 0
e 28 39 0
e 28 33 0
e 29 33 0
e 30 33 0
e 30 34 0
e 32 36 0
e 33 34 0
