t 40 215
v 0 20 7
v 1 27 7
v 2 13 13
v 3 19 8
v 4 17 7
v 5 39 12
v 6 5 8
v 7 12 21
v 8 32 10
v 9 34 9
v 10 30 9
v 11 1 4
v 12 34 7
v 13 32 19
v 14 19 9
v 15 38 5
v 16 13 19
v 17 11 12
v 18 19 7
v 19 36 8
v 20 15 27
v 21 28 6
v 22 1 21
v 23 19 7
v 24 4 6
v 25 2 2
v 26 22 6
v 27 20 25
v 28 34 5
v 29 21 5
v 30 25 4
v 31 9 8
v 32 20 25
v 33 17 7
v 34 28 18
v 35 7 19
v 36 37 8
v 37 3 1
v 38 2 7
v 39 24 22
e 0 33 0
e 0 16 0
e 0 20 0
e 0 27 0
e 0 32 0
e 0 35 0
e 0 37 0
e 1 7 0
e 1 13 0
e 1 16 0
e 1 22 0
e 1 27 0
e 1 34 0
e 1 39 0
e 2 26 0
e 2 6 0
e 2 3 0
e 2 7 0
e 2 13 0
e 2 16 0
e 2 17 0
e 2 20 0
e 2 24 0
e 2 27 0
e 2 32 0
e 2 35 0
e 2 39 0
e 3 5 0
e 3 7 0
e 3 17 0
e 3 20 0
e 3 22 0
e 3 27 0
e 3 39 0
e 4 13 0
e 4 22 0
e 4 27 0
e 4 32 0
e 4 34 0
e 4 35 0
e 4 39 0
e 5 24 0
e 5 9 0
e 5 15 0
e 5 7 0
e 5 16 0
e 5 17 0
e 5 20 0
e 5 22 0
e 5 27 0
e 5 32 0
e 5 34 0
e 6 7 0
e 6 13 0
e 6 20 0
e 6 27 0
e 6 34 0
e 6 35 0
e 6 39 0
e 7 20 0
e 7 16 0
e 7 14 0
e 7 36 0
e 7 34 0
e 7 32 0
e 7 10 0
e 7 22 0
e 7 18 0
e 7 21 0
e 7 28 0
e 7 9 0
e 7 15 0
e 7 29 0
e 7 19 0
e 7 30 0
e 8 36 0
e 8 23 0
e 8 31 0
e 8 20 0
e 8 22 0
e 8 27 0
e 8 32 0
e 8 34 0
e 8 35 0
e 8 39 0
e 9 13 0
e 9 16 0
e 9 22 0
e 9 27 0
e 9 32 0
e 9 34 0
e 9 39 0
e 10 13 0
e 10 20 0
e 10 22 0
e 10 25 0
e 10 32 0
e 10 34 0
e 10 35 0
e 10 39 0
e 11 16 0
e 11 17 0
e 11 20 0
e 11 35 0
e 12 13 0
e 12 20 0
e 12 22 0
e 12 32 0
e 12 34 0
e 12 35 0
e 12 39 0
e 13 14 0
e 13 36 0
e 13 24 0
e 13 33 0
e 13 18 0
e 13 26 0
e 13 15 0
e 13 38 0
e 13 29 0
e 13 19 0
e 13 31 0
e 13 23 0
e 14 38 0
e 14 16 0
e 14 20 0
e 14 22 0
e 14 32 0
e 14 35 0
e 14 39 0
e 15 20 0
e 15 32 0
e 16 27 0
e 16 17 0
e 16 36 0
e 16 35 0
e 16 24 0
e 16 32 0
e 16 33 0
e 16 18 0
e 16 38 0
e 16 29 0
e 16 31 0
e 17 24 0
e 17 20 0
e 17 22 0
e 17 32 0
e 17 34 0
e 17 35 0
e 17 39 0
e 18 19 0
e 18 20 0
e 18 32 0
e 18 35 0
e 19 20 0
e 19 27 0
e 19 32 0
e 19 35 0
e 19 39 0
e 20 27 0
e 20 36 0
e 20 34 0
e 20 35 0
e 20 32 0
e 20 39 0
e 20 33 0
e 20 26 0
e 20 28 0
e 20 38 0
e 20 31 0
e 20 23 0
e 21 22 0
e 21 27 0
e 21 32 0
e 21 35 0
e 21 39 0
e 22 36 0
e 22 33 0
e 22 26 0
e 22 28 0
e 22 23 0
e 22 27 0
e 22 32 0
e 22 34 0
e 22 39 0
e 23 27 0
e 23 32 0
e 23 34 0
e 24 27 0
e 25 30 0
e 26 35 0
e 26 39 0
e 27 34 0
e 27 35 0
e 27 32 0
e 27 39 0
e 27 33 0
e 27 38 0
e 27 29 0
e 27 31 0
e 27 30 0
e 28 34 0
e 28 39 0
e 29 32 0
e 30 39 0
e 31 32 0
e 31 34 0
e 31 35 0
e 32 36 0
e 32 33 0
e 32 38 0
e 34 39 0
e 34 36 0
e 35 39 0
e 38 39 0
