t 32 204
v 0 27 21
v 1 13 10
v 2 10 12
v 3 38 12
v 4 14 11
v 5 23 4
v 6 4 5
v 7 16 4
v 8 1 6
v 9 34 10
v 10 21 30
v 11 6 20
v 12 29 4
v 13 0 10
v 14 13 20
v 15 10 21
v 16 33 8
v 17 20 3
v 18 6 11
v 19 24 10
v 20 3 6
v 21 8 10
v 22 4 23
v 23 23 21
v 24 19 8
v 25 13 10
v 26 16 10
v 27 22 23
v 28 26 9
v 29 27 23
v 30 35 11
v 31 37 22
e 0 28 0
e 0 21 0
e 0 26 0
e 0 25 0
e 0 16 0
e 0 19 0
e 0 9 0
e 0 24 0
e 0 3 0
e 0 2 0
e 0 18 0
e 0 30 0
e 0 4 0
e 0 1 0
e 0 10 0
e 0 14 0
e 0 15 0
e 0 22 0
e 0 27 0
e 0 29 0
e 0 31 0
e 1 10 0
e 1 11 0
e 1 14 0
e 1 15 0
e 1 22 0
e 1 23 0
e 1 27 0
e 1 29 0
e 1 31 0
e 2 3 0
e 2 4 0
e 2 10 0
e 2 11 0
e 2 14 0
e 2 15 0
e 2 22 0
e 2 23 0
e 2 27 0
e 2 29 0
e 2 31 0
e 3 18 0
e 3 10 0
e 3 11 0
e 3 14 0
e 3 15 0
e 3 22 0
e 3 23 0
e 3 27 0
e 3 29 0
e 3 31 0
e 4 10 0
e 4 14 0
e 4 15 0
e 4 22 0
e 4 23 0
e 4 27 0
e 4 29 0
e 4 30 0
e 4 31 0
e 5 6 0
e 5 10 0
e 5 13 0
e 5 20 0
e 6 8 0
e 6 10 0
e 6 13 0
e 6 20 0
e 7 8 0
e 7 10 0
e 7 13 0
e 7 20 0
e 8 17 0
e 8 12 0
e 8 10 0
e 8 13 0
e 9 10 0
e 9 11 0
e 9 14 0
e 9 15 0
e 9 22 0
e 9 23 0
e 9 27 0
e 9 29 0
e 9 31 0
e 10 15 0
e 10 29 0
e 10 27 0
e 10 23 0
e 10 28 0
e 10 21 0
e 10 12 0
e 10 26 0
e 10 25 0
e 10 16 0
e 10 19 0
e 10 17 0
e 10 20 0
e 10 24 0
e 10 13 0
e 10 18 0
e 10 30 0
e 10 11 0
e 10 14 0
e 10 22 0
e 11 15 0
e 11 31 0
e 11 29 0
e 11 27 0
e 11 23 0
e 11 28 0
e 11 21 0
e 11 26 0
e 11 25 0
e 11 16 0
e 11 19 0
e 11 18 0
e 11 30 0
e 11 14 0
e 11 22 0
e 12 13 0
e 12 20 0
e 13 31 0
e 13 17 0
e 13 20 0
e 13 14 0
e 14 15 0
e 14 31 0
e 14 29 0
e 14 27 0
e 14 28 0
e 14 21 0
e 14 19 0
e 14 24 0
e 14 18 0
e 14 30 0
e 14 22 0
e 15 31 0
e 15 29 0
e 15 27 0
e 15 23 0
e 15 28 0
e 15 21 0
e 15 26 0
e 15 25 0
e 15 19 0
e 15 18 0
e 15 30 0
e 15 22 0
e 16 22 0
e 16 23 0
e 16 27 0
e 16 29 0
e 16 31 0
e 18 22 0
e 18 23 0
e 18 27 0
e 18 29 0
e 18 31 0
e 19 22 0
e 19 23 0
e 19 27 0
e 19 29 0
e 19 31 0
e 21 22 0
e 21 23 0
e 21 27 0
e 21 29 0
e 21 31 0
e 22 31 0
e 22 29 0
e 22 27 0
e 22 23 0
e 22 28 0
e 22 26 0
e 22 25 0
e 22 24 0
e 22 30 0
e 23 28 0
e 23 26 0
e 23 25 0
e 23 24 0
e 23 30 0
e 23 27 0
e 23 29 0
e 23 31 0
e 24 27 0
e 24 29 0
e 24 31 0
e 25 26 0
e 25 27 0
e 25 29 0
e 25 31 0
e 26 27 0
e 26 29 0
e 26 31 0
e 27 28 0
e 27 30 0
e 27 29 0
e 27 31 0
e 28 29 0
e 29 30 0
e 29 31 0
e 30 31 0
