t 40 51
v 0 7 2
v 1 2 2
v 2 9 2
v 3 3 3
v 4 5 2
v 5 1 2
v 6 18 3
v 7 20 3
v 8 22 3
v 9 4 8
v 10 35 2
v 11 18 2
v 12 12 2
v 13 24 6
v 14 24 2
v 15 16 2
v 16 29 2
v 17 1 2
v 18 18 2
v 19 0 3
v 20 33 2
v 21 16 2
v 22 37 3
v 23 29 2
v 24 27 2
v 25 18 2
v 26 30 7
v 27 0 2
v 28 19 2
v 29 33 2
v 30 17 2
v 31 13 2
v 32 19 2
v 33 27 3
v 34 35 2
v 35 33 2
v 36 8 2
v 37 10 2
v 38 38 2
v 39 11 2
e 0 2 0
e 0 39 0
e 1 27 0
e 1 24 0
e 2 25 0
e 3 9 0
e 3 13 0
e 3 26 0
e 4 8 0
e 4 36 0
e 5 11 0
e 5 9 0
e 6 9 0
e 6 13 0
e 6 26 0
e 7 9 0
e 7 13 0
e 7 26 0
e 8 23 0
e 8 33 0
e 9 13 0
e 9 17 0
e 9 22 0
e 9 26 0
e 10 14 0
e 10 24 0
e 11 12 0
e 12 15 0
e 13 22 0
e 13 26 0
e 14 15 0
e 16 19 0
e 16 20 0
e 17 26 0
e 18 38 0
e 18 39 0
e 19 21 0
e 19 25 0
e 20 21 0
e 22 26 0
e 23 34 0
e 27 28 0
e 28 29 0
e 29 30 0
e 30 31 0
e 31 32 0
e 32 33 0
e 33 36 0
e 34 37 0
e 35 37 0
e 35 38 0
