t 32 88
v 0 13 3
v 1 9 5
v 2 1 4
v 3 13 4
v 4 35 3
v 5 0 3
v 6 25 9
v 7 2 3
v 8 12 4
v 9 21 9
v 10 27 6
v 11 37 3
v 12 6 5
v 13 29 1
v 14 13 3
v 15 11 5
v 16 22 12
v 17 20 5
v 18 23 1
v 19 0 6
v 20 2 5
v 21 27 2
v 22 2 4
v 23 3 4
v 24 10 4
v 25 5 5
v 26 11 12
v 27 0 15
v 28 21 2
v 29 1 12
v 30 34 2
v 31 21 15
e 0 1 0
e 0 27 0
e 0 31 0
e 1 5 0
e 1 16 0
e 1 27 0
e 1 29 0
e 2 5 0
e 2 4 0
e 2 27 0
e 2 31 0
e 3 4 0
e 3 12 0
e 3 17 0
e 3 24 0
e 4 27 0
e 5 27 0
e 6 28 0
e 6 10 0
e 6 7 0
e 6 19 0
e 6 26 0
e 6 20 0
e 6 16 0
e 6 29 0
e 6 31 0
e 7 26 0
e 7 29 0
e 8 10 0
e 8 16 0
e 8 27 0
e 8 31 0
e 9 11 0
e 9 24 0
e 9 21 0
e 9 10 0
e 9 15 0
e 9 12 0
e 9 19 0
e 9 27 0
e 9 31 0
e 10 16 0
e 10 27 0
e 10 29 0
e 11 29 0
e 11 31 0
e 12 26 0
e 12 27 0
e 12 31 0
e 13 31 0
e 14 16 0
e 14 26 0
e 14 27 0
e 15 16 0
e 15 26 0
e 15 27 0
e 15 31 0
e 16 25 0
e 16 21 0
e 16 19 0
e 16 26 0
e 16 23 0
e 16 20 0
e 17 30 0
e 17 18 0
e 17 24 0
e 17 31 0
e 19 26 0
e 19 29 0
e 19 31 0
e 20 25 0
e 20 26 0
e 20 29 0
e 22 26 0
e 22 27 0
e 22 29 0
e 22 31 0
e 23 25 0
e 23 27 0
e 23 29 0
e 24 30 0
e 25 29 0
e 25 31 0
e 26 28 0
e 26 29 0
e 26 31 0
e 27 29 0
e 27 31 0
