t 40 58
v 0 10 2
v 1 36 2
v 2 12 2
v 3 27 5
v 4 27 9
v 5 1 3
v 6 33 2
v 7 27 7
v 8 2 5
v 9 36 4
v 10 2 4
v 11 20 2
v 12 38 1
v 13 27 2
v 14 18 2
v 15 38 9
v 16 13 2
v 17 27 2
v 18 15 2
v 19 34 9
v 20 9 3
v 21 3 1
v 22 0 1
v 23 33 2
v 24 18 1
v 25 20 2
v 26 10 2
v 27 37 4
v 28 27 2
v 29 24 2
v 30 26 2
v 31 0 2
v 32 31 2
v 33 28 2
v 34 37 2
v 35 4 2
v 36 7 2
v 37 23 2
v 38 23 2
v 39 4 2
e 0 17 0
e 0 1 0
e 1 38 0
e 2 30 0
e 2 36 0
e 3 21 0
e 3 4 0
e 3 7 0
e 3 15 0
e 3 19 0
e 4 10 0
e 4 23 0
e 4 19 0
e 4 15 0
e 4 7 0
e 4 8 0
e 4 5 0
e 4 9 0
e 5 15 0
e 5 19 0
e 6 31 0
e 6 18 0
e 7 10 0
e 7 8 0
e 7 9 0
e 7 15 0
e 7 19 0
e 8 22 0
e 8 15 0
e 8 19 0
e 9 15 0
e 9 19 0
e 10 15 0
e 10 19 0
e 11 27 0
e 11 33 0
e 12 27 0
e 13 20 0
e 13 27 0
e 14 32 0
e 14 24 0
e 15 23 0
e 15 19 0
e 16 28 0
e 16 35 0
e 17 32 0
e 18 36 0
e 19 39 0
e 20 27 0
e 20 39 0
e 25 26 0
e 25 33 0
e 26 28 0
e 29 34 0
e 29 35 0
e 30 34 0
e 31 37 0
e 37 38 0
