t 16 53
v 0 4 10
v 1 22 5
v 2 30 6
v 3 8 6
v 4 4 3
v 5 31 11
v 6 3 3
v 7 30 7
v 8 6 7
v 9 15 6
v 10 22 2
v 11 22 4
v 12 26 11
v 13 33 3
v 14 26 9
v 15 30 13
e 0 11 0
e 0 3 0
e 0 14 0
e 0 6 0
e 0 9 0
e 0 7 0
e 0 2 0
e 0 5 0
e 0 12 0
e 0 15 0
e 1 3 0
e 1 5 0
e 1 8 0
e 1 12 0
e 1 15 0
e 2 8 0
e 2 5 0
e 2 7 0
e 2 12 0
e 2 15 0
e 3 4 0
e 3 12 0
e 3 14 0
e 3 15 0
e 4 5 0
e 4 15 0
e 5 11 0
e 5 9 0
e 5 10 0
e 5 7 0
e 5 13 0
e 5 12 0
e 5 15 0
e 6 12 0
e 6 15 0
e 7 8 0
e 7 12 0
e 7 14 0
e 7 15 0
e 8 14 0
e 8 9 0
e 8 12 0
e 8 15 0
e 9 12 0
e 9 14 0
e 9 15 0
e 10 15 0
e 11 12 0
e 11 14 0
e 12 14 0
e 13 14 0
e 13 15 0
e 14 15 0
