t 16 57
v 0 11 7
v 1 26 12
v 2 6 5
v 3 13 5
v 4 14 4
v 5 36 4
v 6 20 10
v 7 23 7
v 8 18 5
v 9 12 4
v 10 13 12
v 11 1 6
v 12 8 13
v 13 12 6
v 14 22 7
v 15 3 7
e 0 2 0
e 0 1 0
e 0 6 0
e 0 7 0
e 0 10 0
e 0 12 0
e 0 14 0
e 1 3 0
e 1 15 0
e 1 11 0
e 1 9 0
e 1 14 0
e 1 5 0
e 1 8 0
e 1 7 0
e 1 4 0
e 1 13 0
e 1 10 0
e 2 6 0
e 2 10 0
e 2 12 0
e 2 15 0
e 3 6 0
e 3 9 0
e 3 10 0
e 3 12 0
e 4 8 0
e 4 10 0
e 4 12 0
e 5 6 0
e 5 10 0
e 5 12 0
e 6 15 0
e 6 14 0
e 6 8 0
e 6 7 0
e 6 10 0
e 6 13 0
e 7 15 0
e 7 13 0
e 7 11 0
e 7 12 0
e 8 10 0
e 8 12 0
e 9 11 0
e 9 12 0
e 10 15 0
e 10 11 0
e 10 13 0
e 10 12 0
e 11 14 0
e 11 12 0
e 12 15 0
e 12 14 0
e 12 13 0
e 13 14 0
e 14 15 0
