t 40 186
v 0 37 12
v 1 11 13
v 2 30 7
v 3 9 24
v 4 25 8
v 5 25 19
v 6 14 8
v 7 2 1
v 8 16 12
v 9 4 4
v 10 9 1
v 11 9 2
v 12 26 9
v 13 11 9
v 14 3 1
v 15 15 7
v 16 28 9
v 17 9 1
v 18 2 23
v 19 10 11
v 20 9 8
v 21 6 21
v 22 22 9
v 23 14 20
v 24 27 1
v 25 7 7
v 26 14 17
v 27 17 14
v 28 11 15
v 29 22 6
v 30 1 8
v 31 24 9
v 32 30 1
v 33 20 9
v 34 26 25
v 35 17 5
v 36 39 1
v 37 1 7
v 38 1 5
v 39 9 3
e 0 1 0
e 0 3 0
e 0 8 0
e 0 12 0
e 0 18 0
e 0 21 0
e 0 23 0
e 0 26 0
e 0 27 0
e 0 28 0
e 0 33 0
e 0 34 0
e 1 33 0
e 1 16 0
e 1 25 0
e 1 5 0
e 1 8 0
e 1 18 0
e 1 21 0
e 1 23 0
e 1 26 0
e 1 27 0
e 1 28 0
e 1 34 0
e 2 3 0
e 2 5 0
e 2 8 0
e 2 18 0
e 2 26 0
e 2 27 0
e 2 34 0
e 3 15 0
e 3 4 0
e 3 34 0
e 3 21 0
e 3 18 0
e 3 23 0
e 3 28 0
e 3 26 0
e 3 5 0
e 3 11 0
e 3 35 0
e 3 12 0
e 3 38 0
e 3 33 0
e 3 16 0
e 3 22 0
e 3 6 0
e 3 20 0
e 3 19 0
e 3 13 0
e 3 31 0
e 3 29 0
e 4 8 0
e 4 21 0
e 4 23 0
e 4 26 0
e 4 27 0
e 4 28 0
e 4 34 0
e 5 35 0
e 5 12 0
e 5 9 0
e 5 33 0
e 5 16 0
e 5 22 0
e 5 30 0
e 5 19 0
e 5 37 0
e 5 13 0
e 5 31 0
e 5 18 0
e 5 21 0
e 5 23 0
e 5 28 0
e 5 34 0
e 6 8 0
e 6 18 0
e 6 21 0
e 6 23 0
e 6 26 0
e 6 28 0
e 6 34 0
e 7 39 0
e 8 12 0
e 8 20 0
e 8 19 0
e 8 37 0
e 8 13 0
e 8 16 0
e 8 31 0
e 9 18 0
e 9 21 0
e 9 34 0
e 10 22 0
e 11 18 0
e 12 18 0
e 12 23 0
e 12 27 0
e 12 28 0
e 12 34 0
e 13 18 0
e 13 23 0
e 13 26 0
e 13 27 0
e 13 28 0
e 13 34 0
e 14 22 0
e 15 18 0
e 15 21 0
e 15 23 0
e 15 24 0
e 15 29 0
e 15 34 0
e 16 18 0
e 16 23 0
e 16 26 0
e 16 27 0
e 16 34 0
e 17 38 0
e 18 26 0
e 18 38 0
e 18 22 0
e 18 25 0
e 18 30 0
e 18 20 0
e 18 19 0
e 18 37 0
e 18 31 0
e 18 29 0
e 18 34 0
e 19 20 0
e 19 21 0
e 19 23 0
e 19 26 0
e 19 27 0
e 19 28 0
e 19 34 0
e 20 21 0
e 20 23 0
e 20 27 0
e 20 34 0
e 21 28 0
e 21 26 0
e 21 35 0
e 21 38 0
e 21 33 0
e 21 22 0
e 21 25 0
e 21 30 0
e 21 31 0
e 21 29 0
e 21 34 0
e 22 23 0
e 22 32 0
e 22 34 0
e 23 35 0
e 23 33 0
e 23 25 0
e 23 30 0
e 23 31 0
e 23 29 0
e 23 34 0
e 25 26 0
e 25 27 0
e 25 34 0
e 26 37 0
e 26 33 0
e 26 31 0
e 26 30 0
e 26 34 0
e 27 37 0
e 27 33 0
e 27 31 0
e 27 30 0
e 28 37 0
e 28 33 0
e 28 31 0
e 28 30 0
e 28 34 0
e 29 34 0
e 30 34 0
e 34 35 0
e 34 37 0
e 36 39 0
e 38 39 0
