t 24 51
v 0 18 7
v 1 17 3
v 2 25 2
v 3 35 1
v 4 15 3
v 5 18 2
v 6 37 2
v 7 1 3
v 8 26 13
v 9 20 7
v 10 18 5
v 11 30 5
v 12 15 4
v 13 34 3
v 14 24 5
v 15 23 3
v 16 22 4
v 17 5 3
v 18 5 4
v 19 39 2
v 20 0 14
v 21 19 3
v 22 2 2
v 23 39 2
e 0 1 0
e 0 10 0
e 0 18 0
e 0 4 0
e 0 9 0
e 0 8 0
e 0 20 0
e 1 8 0
e 1 9 0
e 2 20 0
e 2 21 0
e 3 6 0
e 4 9 0
e 4 20 0
e 5 23 0
e 5 22 0
e 6 23 0
e 7 8 0
e 7 9 0
e 7 20 0
e 8 15 0
e 8 19 0
e 8 11 0
e 8 10 0
e 8 18 0
e 8 14 0
e 8 12 0
e 8 16 0
e 8 17 0
e 8 20 0
e 9 10 0
e 9 18 0
e 9 21 0
e 10 11 0
e 10 20 0
e 11 12 0
e 11 14 0
e 11 20 0
e 12 13 0
e 12 20 0
e 13 14 0
e 13 20 0
e 14 15 0
e 14 20 0
e 15 16 0
e 16 17 0
e 16 20 0
e 17 20 0
e 18 20 0
e 19 20 0
e 21 22 0
