t 32 92
v 0 25 15
v 1 14 6
v 2 23 15
v 3 11 3
v 4 31 6
v 5 14 6
v 6 21 7
v 7 29 7
v 8 30 15
v 9 37 6
v 10 39 4
v 11 31 13
v 12 4 5
v 13 10 3
v 14 11 8
v 15 5 5
v 16 9 2
v 17 5 3
v 18 33 2
v 19 22 6
v 20 3 8
v 21 26 16
v 22 26 2
v 23 5 2
v 24 13 4
v 25 28 2
v 26 24 2
v 27 35 2
v 28 37 2
v 29 0 3
v 30 25 3
v 31 19 1
e 0 15 0
e 0 12 0
e 0 19 0
e 0 17 0
e 0 2 0
e 0 1 0
e 0 14 0
e 0 4 0
e 0 7 0
e 0 9 0
e 0 6 0
e 0 5 0
e 0 8 0
e 0 11 0
e 0 21 0
e 1 4 0
e 1 2 0
e 1 8 0
e 1 11 0
e 1 21 0
e 2 15 0
e 2 12 0
e 2 19 0
e 2 14 0
e 2 4 0
e 2 10 0
e 2 7 0
e 2 9 0
e 2 6 0
e 2 5 0
e 2 8 0
e 2 11 0
e 2 21 0
e 3 29 0
e 3 13 0
e 3 20 0
e 4 8 0
e 4 11 0
e 4 21 0
e 5 14 0
e 5 8 0
e 5 11 0
e 5 21 0
e 6 14 0
e 6 7 0
e 6 8 0
e 6 11 0
e 6 21 0
e 7 9 0
e 7 8 0
e 7 11 0
e 7 21 0
e 8 15 0
e 8 12 0
e 8 17 0
e 8 19 0
e 8 14 0
e 8 10 0
e 8 9 0
e 8 21 0
e 9 11 0
e 9 21 0
e 10 11 0
e 10 21 0
e 11 12 0
e 11 19 0
e 11 14 0
e 11 21 0
e 12 21 0
e 13 30 0
e 13 20 0
e 14 19 0
e 14 21 0
e 15 22 0
e 15 21 0
e 16 18 0
e 16 25 0
e 17 21 0
e 18 26 0
e 19 21 0
e 20 28 0
e 20 24 0
e 20 30 0
e 20 29 0
e 20 27 0
e 20 31 0
e 22 23 0
e 23 25 0
e 24 29 0
e 24 26 0
e 24 28 0
e 27 30 0
