t 40 173
v 0 36 7
v 1 34 18
v 2 9 7
v 3 17 7
v 4 23 20
v 5 27 8
v 6 16 6
v 7 35 3
v 8 35 8
v 9 23 19
v 10 13 4
v 11 34 6
v 12 27 4
v 13 21 13
v 14 16 7
v 15 5 10
v 16 33 6
v 17 21 37
v 18 0 17
v 19 29 4
v 20 3 4
v 21 37 5
v 22 1 4
v 23 13 6
v 24 18 3
v 25 6 19
v 26 0 20
v 27 13 2
v 28 27 15
v 29 8 7
v 30 39 2
v 31 39 9
v 32 17 4
v 33 35 7
v 34 1 4
v 35 18 4
v 36 11 3
v 37 29 4
v 38 6 4
v 39 3 9
e 0 1 0
e 0 4 0
e 0 5 0
e 0 9 0
e 0 17 0
e 0 25 0
e 0 28 0
e 1 3 0
e 1 8 0
e 1 4 0
e 1 6 0
e 1 9 0
e 1 33 0
e 1 11 0
e 1 18 0
e 1 39 0
e 1 15 0
e 1 5 0
e 1 28 0
e 1 2 0
e 1 31 0
e 1 13 0
e 1 17 0
e 1 25 0
e 2 4 0
e 2 9 0
e 2 17 0
e 2 18 0
e 2 25 0
e 2 28 0
e 3 4 0
e 3 9 0
e 3 17 0
e 3 18 0
e 3 28 0
e 3 31 0
e 4 9 0
e 4 18 0
e 4 31 0
e 4 29 0
e 4 6 0
e 4 5 0
e 4 8 0
e 4 11 0
e 4 15 0
e 4 28 0
e 4 39 0
e 4 33 0
e 4 13 0
e 4 17 0
e 4 25 0
e 4 26 0
e 5 9 0
e 5 17 0
e 5 18 0
e 5 25 0
e 5 28 0
e 6 9 0
e 6 17 0
e 6 25 0
e 6 28 0
e 7 17 0
e 7 20 0
e 7 26 0
e 8 9 0
e 8 17 0
e 8 18 0
e 8 25 0
e 8 28 0
e 8 31 0
e 9 18 0
e 9 31 0
e 9 29 0
e 9 23 0
e 9 11 0
e 9 15 0
e 9 39 0
e 9 33 0
e 9 13 0
e 9 17 0
e 9 25 0
e 10 13 0
e 10 14 0
e 10 17 0
e 10 26 0
e 11 17 0
e 11 18 0
e 11 25 0
e 12 13 0
e 12 14 0
e 12 17 0
e 12 26 0
e 13 21 0
e 13 18 0
e 13 25 0
e 13 28 0
e 13 16 0
e 13 19 0
e 13 17 0
e 13 26 0
e 14 21 0
e 14 27 0
e 14 16 0
e 14 19 0
e 14 26 0
e 15 29 0
e 15 23 0
e 15 39 0
e 15 17 0
e 15 18 0
e 15 25 0
e 15 28 0
e 16 21 0
e 16 17 0
e 16 20 0
e 16 26 0
e 17 37 0
e 17 18 0
e 17 22 0
e 17 19 0
e 17 31 0
e 17 29 0
e 17 23 0
e 17 32 0
e 17 35 0
e 17 34 0
e 17 20 0
e 17 27 0
e 17 24 0
e 17 26 0
e 17 39 0
e 17 21 0
e 17 33 0
e 17 25 0
e 17 36 0
e 17 30 0
e 17 38 0
e 18 29 0
e 18 23 0
e 18 39 0
e 18 33 0
e 18 31 0
e 18 25 0
e 19 26 0
e 20 26 0
e 21 26 0
e 22 32 0
e 22 34 0
e 22 26 0
e 23 25 0
e 23 28 0
e 24 26 0
e 24 32 0
e 25 31 0
e 25 29 0
e 25 28 0
e 25 39 0
e 25 33 0
e 26 37 0
e 26 32 0
e 26 35 0
e 26 34 0
e 26 36 0
e 26 30 0
e 26 38 0
e 28 39 0
e 28 33 0
e 28 31 0
e 29 39 0
e 34 35 0
e 35 37 0
e 36 38 0
e 37 38 0
