t 32 102
v 0 26 5
v 1 3 4
v 2 22 1
v 3 21 14
v 4 6 4
v 5 1 5
v 6 1 5
v 7 23 20
v 8 10 3
v 9 5 3
v 10 16 24
v 11 14 9
v 12 11 5
v 13 23 3
v 14 28 8
v 15 7 2
v 16 21 7
v 17 12 7
v 18 3 2
v 19 17 1
v 20 36 6
v 21 26 16
v 22 5 5
v 23 9 6
v 24 6 3
v 25 35 3
v 26 20 8
v 27 14 3
v 28 3 8
v 29 14 6
v 30 10 4
v 31 24 4
e 0 8 0
e 0 3 0
e 0 7 0
e 0 10 0
e 0 21 0
e 1 3 0
e 1 7 0
e 1 10 0
e 1 21 0
e 2 28 0
e 3 6 0
e 3 31 0
e 3 29 0
e 3 8 0
e 3 5 0
e 3 22 0
e 3 13 0
e 3 23 0
e 3 26 0
e 3 24 0
e 3 20 0
e 3 10 0
e 4 14 0
e 4 7 0
e 4 11 0
e 4 16 0
e 5 11 0
e 5 7 0
e 5 10 0
e 5 21 0
e 6 14 0
e 6 10 0
e 6 11 0
e 6 21 0
e 7 12 0
e 7 17 0
e 7 15 0
e 7 24 0
e 7 27 0
e 7 31 0
e 7 30 0
e 7 25 0
e 7 10 0
e 7 11 0
e 7 16 0
e 7 18 0
e 7 20 0
e 7 9 0
e 7 14 0
e 7 28 0
e 8 10 0
e 9 16 0
e 9 21 0
e 10 12 0
e 10 17 0
e 10 23 0
e 10 26 0
e 10 24 0
e 10 27 0
e 10 31 0
e 10 29 0
e 10 30 0
e 10 25 0
e 10 21 0
e 10 11 0
e 10 16 0
e 10 18 0
e 10 20 0
e 10 14 0
e 10 28 0
e 11 14 0
e 11 16 0
e 11 20 0
e 11 21 0
e 12 26 0
e 12 21 0
e 12 28 0
e 13 27 0
e 13 30 0
e 14 19 0
e 14 16 0
e 14 20 0
e 15 21 0
e 16 20 0
e 17 26 0
e 17 29 0
e 17 22 0
e 17 25 0
e 17 21 0
e 21 31 0
e 21 28 0
e 21 29 0
e 21 23 0
e 21 26 0
e 21 30 0
e 22 23 0
e 22 26 0
e 22 28 0
e 23 26 0
e 23 28 0
e 26 29 0
e 28 29 0
