t 32 95
v 0 22 25
v 1 2 3
v 2 16 2
v 3 13 2
v 4 35 3
v 5 3 5
v 6 7 5
v 7 25 25
v 8 38 5
v 9 30 7
v 10 33 2
v 11 5 4
v 12 18 25
v 13 37 4
v 14 17 4
v 15 31 6
v 16 1 5
v 17 10 5
v 18 25 5
v 19 36 3
v 20 29 3
v 21 0 4
v 22 32 1
v 23 2 5
v 24 31 1
v 25 16 5
v 26 18 5
v 27 31 5
v 28 2 5
v 29 8 5
v 30 2 5
v 31 32 1
e 0 6 0
e 0 9 0
e 0 23 0
e 0 20 0
e 0 15 0
e 0 26 0
e 0 19 0
e 0 16 0
e 0 30 0
e 0 14 0
e 0 12 0
e 0 7 0
e 0 21 0
e 0 1 0
e 0 4 0
e 0 11 0
e 0 8 0
e 0 18 0
e 0 27 0
e 0 5 0
e 0 13 0
e 0 17 0
e 0 28 0
e 0 25 0
e 0 29 0
e 1 7 0
e 1 12 0
e 2 23 0
e 2 24 0
e 3 26 0
e 3 22 0
e 4 7 0
e 4 12 0
e 5 15 0
e 5 7 0
e 5 9 0
e 5 12 0
e 6 23 0
e 6 21 0
e 6 7 0
e 6 12 0
e 7 9 0
e 7 23 0
e 7 20 0
e 7 15 0
e 7 26 0
e 7 19 0
e 7 16 0
e 7 30 0
e 7 14 0
e 7 21 0
e 7 11 0
e 7 8 0
e 7 18 0
e 7 27 0
e 7 13 0
e 7 17 0
e 7 28 0
e 7 25 0
e 7 29 0
e 7 12 0
e 8 17 0
e 8 11 0
e 8 12 0
e 9 15 0
e 9 14 0
e 9 18 0
e 9 12 0
e 10 30 0
e 10 31 0
e 11 12 0
e 12 23 0
e 12 20 0
e 12 15 0
e 12 26 0
e 12 19 0
e 12 16 0
e 12 30 0
e 12 14 0
e 12 21 0
e 12 18 0
e 12 27 0
e 12 13 0
e 12 17 0
e 12 28 0
e 12 25 0
e 12 29 0
e 13 18 0
e 15 17 0
e 16 27 0
e 16 30 0
e 25 28 0
e 25 29 0
e 26 28 0
e 27 29 0
