t 32 153
v 0 29 27
v 1 36 8
v 2 39 5
v 3 6 27
v 4 25 2
v 5 7 6
v 6 26 27
v 7 16 3
v 8 22 25
v 9 6 7
v 10 21 8
v 11 3 6
v 12 7 7
v 13 2 27
v 14 3 7
v 15 8 7
v 16 37 6
v 17 8 7
v 18 27 2
v 19 33 1
v 20 11 7
v 21 38 7
v 22 14 8
v 23 10 7
v 24 1 7
v 25 24 10
v 26 38 8
v 27 18 7
v 28 10 7
v 29 16 8
v 30 30 8
v 31 35 7
e 0 29 0
e 0 17 0
e 0 12 0
e 0 6 0
e 0 3 0
e 0 13 0
e 0 22 0
e 0 5 0
e 0 21 0
e 0 30 0
e 0 1 0
e 0 14 0
e 0 23 0
e 0 15 0
e 0 8 0
e 0 31 0
e 0 10 0
e 0 28 0
e 0 2 0
e 0 11 0
e 0 16 0
e 0 9 0
e 0 24 0
e 0 25 0
e 0 20 0
e 0 26 0
e 0 27 0
e 1 29 0
e 1 31 0
e 1 3 0
e 1 6 0
e 1 8 0
e 1 13 0
e 1 30 0
e 2 19 0
e 2 3 0
e 2 6 0
e 2 13 0
e 3 29 0
e 3 17 0
e 3 12 0
e 3 13 0
e 3 22 0
e 3 5 0
e 3 21 0
e 3 30 0
e 3 14 0
e 3 23 0
e 3 15 0
e 3 8 0
e 3 31 0
e 3 10 0
e 3 28 0
e 3 11 0
e 3 16 0
e 3 9 0
e 3 24 0
e 3 25 0
e 3 20 0
e 3 26 0
e 3 27 0
e 3 6 0
e 4 9 0
e 4 23 0
e 5 6 0
e 5 8 0
e 5 13 0
e 5 22 0
e 6 29 0
e 6 17 0
e 6 12 0
e 6 13 0
e 6 22 0
e 6 21 0
e 6 30 0
e 6 14 0
e 6 23 0
e 6 15 0
e 6 8 0
e 6 31 0
e 6 10 0
e 6 28 0
e 6 11 0
e 6 16 0
e 6 9 0
e 6 24 0
e 6 25 0
e 6 20 0
e 6 26 0
e 6 27 0
e 7 15 0
e 7 21 0
e 7 17 0
e 8 29 0
e 8 17 0
e 8 12 0
e 8 21 0
e 8 30 0
e 8 14 0
e 8 23 0
e 8 15 0
e 8 31 0
e 8 10 0
e 8 28 0
e 8 11 0
e 8 16 0
e 8 9 0
e 8 24 0
e 8 25 0
e 8 20 0
e 8 26 0
e 8 27 0
e 8 13 0
e 9 13 0
e 9 25 0
e 10 12 0
e 10 28 0
e 10 14 0
e 10 13 0
e 11 16 0
e 11 13 0
e 12 29 0
e 12 13 0
e 13 29 0
e 13 17 0
e 13 22 0
e 13 21 0
e 13 30 0
e 13 14 0
e 13 23 0
e 13 15 0
e 13 31 0
e 13 28 0
e 13 16 0
e 13 24 0
e 13 25 0
e 13 20 0
e 13 26 0
e 13 27 0
e 14 28 0
e 15 22 0
e 17 22 0
e 18 24 0
e 18 23 0
e 20 26 0
e 20 25 0
e 21 22 0
e 24 25 0
e 25 26 0
e 25 27 0
e 26 27 0
e 29 30 0
e 30 31 0
