t 32 204
v 0 26 26
v 1 36 27
v 2 32 8
v 3 18 7
v 4 22 8
v 5 24 10
v 6 29 7
v 7 13 28
v 8 10 9
v 9 36 11
v 10 29 5
v 11 31 8
v 12 25 11
v 13 21 23
v 14 17 9
v 15 36 9
v 16 14 10
v 17 20 26
v 18 14 9
v 19 37 5
v 20 30 12
v 21 6 25
v 22 24 8
v 23 38 13
v 24 16 27
v 25 2 9
v 26 38 12
v 27 10 8
v 28 28 12
v 29 30 8
v 30 0 11
v 31 34 7
e 0 9 0
e 0 12 0
e 0 30 0
e 0 25 0
e 0 16 0
e 0 3 0
e 0 18 0
e 0 11 0
e 0 27 0
e 0 8 0
e 0 31 0
e 0 2 0
e 0 4 0
e 0 15 0
e 0 10 0
e 0 6 0
e 0 5 0
e 0 20 0
e 0 23 0
e 0 28 0
e 0 26 0
e 0 14 0
e 0 1 0
e 0 17 0
e 0 21 0
e 0 24 0
e 1 9 0
e 1 12 0
e 1 30 0
e 1 25 0
e 1 16 0
e 1 22 0
e 1 3 0
e 1 18 0
e 1 19 0
e 1 11 0
e 1 27 0
e 1 8 0
e 1 31 0
e 1 21 0
e 1 24 0
e 1 2 0
e 1 7 0
e 1 4 0
e 1 29 0
e 1 15 0
e 1 5 0
e 1 20 0
e 1 23 0
e 1 28 0
e 1 14 0
e 1 17 0
e 2 4 0
e 2 7 0
e 2 13 0
e 2 17 0
e 2 21 0
e 2 24 0
e 3 18 0
e 3 7 0
e 3 13 0
e 3 17 0
e 3 24 0
e 4 7 0
e 4 13 0
e 4 17 0
e 4 21 0
e 4 24 0
e 5 9 0
e 5 12 0
e 5 30 0
e 5 7 0
e 5 13 0
e 5 17 0
e 5 21 0
e 5 24 0
e 6 8 0
e 6 7 0
e 6 13 0
e 6 17 0
e 6 21 0
e 6 24 0
e 7 9 0
e 7 12 0
e 7 30 0
e 7 25 0
e 7 16 0
e 7 22 0
e 7 18 0
e 7 19 0
e 7 11 0
e 7 27 0
e 7 8 0
e 7 31 0
e 7 29 0
e 7 15 0
e 7 10 0
e 7 20 0
e 7 23 0
e 7 28 0
e 7 26 0
e 7 17 0
e 7 21 0
e 7 24 0
e 8 11 0
e 8 13 0
e 8 17 0
e 8 21 0
e 8 24 0
e 9 13 0
e 9 17 0
e 9 20 0
e 9 21 0
e 9 23 0
e 9 26 0
e 9 28 0
e 10 13 0
e 10 21 0
e 10 24 0
e 11 13 0
e 11 19 0
e 11 21 0
e 11 24 0
e 12 13 0
e 12 17 0
e 12 21 0
e 12 23 0
e 12 24 0
e 12 26 0
e 12 28 0
e 13 30 0
e 13 25 0
e 13 16 0
e 13 22 0
e 13 18 0
e 13 27 0
e 13 31 0
e 13 29 0
e 13 15 0
e 13 20 0
e 13 23 0
e 13 26 0
e 13 14 0
e 14 17 0
e 14 20 0
e 14 21 0
e 14 23 0
e 14 26 0
e 14 28 0
e 15 22 0
e 15 28 0
e 15 26 0
e 15 17 0
e 15 24 0
e 16 17 0
e 16 20 0
e 16 21 0
e 16 23 0
e 16 24 0
e 16 28 0
e 17 30 0
e 17 25 0
e 17 22 0
e 17 18 0
e 17 19 0
e 17 27 0
e 17 24 0
e 17 29 0
e 17 20 0
e 17 23 0
e 17 28 0
e 17 26 0
e 18 27 0
e 18 31 0
e 18 24 0
e 19 24 0
e 20 30 0
e 20 25 0
e 20 21 0
e 20 24 0
e 21 30 0
e 21 25 0
e 21 22 0
e 21 27 0
e 21 31 0
e 21 24 0
e 21 29 0
e 21 23 0
e 21 28 0
e 21 26 0
e 22 24 0
e 22 29 0
e 23 30 0
e 23 25 0
e 23 24 0
e 24 30 0
e 24 27 0
e 24 31 0
e 24 29 0
e 24 28 0
e 24 26 0
e 25 28 0
e 26 30 0
e 26 29 0
