t 24 73
v 0 39 3
v 1 36 3
v 2 17 4
v 3 24 12
v 4 19 5
v 5 34 3
v 6 32 4
v 7 12 4
v 8 33 7
v 9 23 5
v 10 21 4
v 11 9 2
v 12 36 5
v 13 3 10
v 14 33 16
v 15 14 8
v 16 34 3
v 17 10 6
v 18 0 6
v 19 28 15
v 20 7 2
v 21 37 6
v 22 37 1
v 23 33 12
e 0 3 0
e 0 13 0
e 0 15 0
e 1 17 0
e 1 3 0
e 1 19 0
e 2 8 0
e 2 14 0
e 2 15 0
e 2 23 0
e 3 18 0
e 3 8 0
e 3 13 0
e 3 6 0
e 3 4 0
e 3 21 0
e 3 5 0
e 3 12 0
e 3 7 0
e 3 14 0
e 4 8 0
e 4 13 0
e 4 14 0
e 4 15 0
e 5 14 0
e 5 23 0
e 6 14 0
e 6 18 0
e 6 19 0
e 7 17 0
e 7 19 0
e 7 23 0
e 8 13 0
e 8 9 0
e 8 14 0
e 8 19 0
e 9 13 0
e 9 14 0
e 9 15 0
e 9 19 0
e 10 17 0
e 10 18 0
e 10 19 0
e 10 23 0
e 11 14 0
e 11 19 0
e 12 13 0
e 12 14 0
e 12 19 0
e 12 23 0
e 13 16 0
e 13 15 0
e 13 19 0
e 13 23 0
e 14 18 0
e 14 23 0
e 14 19 0
e 14 20 0
e 14 21 0
e 14 15 0
e 14 17 0
e 15 19 0
e 15 23 0
e 16 19 0
e 16 23 0
e 17 21 0
e 17 23 0
e 18 21 0
e 18 19 0
e 19 21 0
e 19 23 0
e 20 22 0
e 21 23 0
