t 24 130
v 0 16 16
v 1 18 8
v 2 16 8
v 3 25 9
v 4 27 9
v 5 26 19
v 6 30 9
v 7 9 5
v 8 2 7
v 9 15 10
v 10 13 17
v 11 21 12
v 12 36 18
v 13 21 10
v 14 20 5
v 15 2 14
v 16 20 13
v 17 36 9
v 18 6 15
v 19 31 13
v 20 20 9
v 21 30 7
v 22 1 6
v 23 33 12
e 0 1 0
e 0 4 0
e 0 8 0
e 0 17 0
e 0 10 0
e 0 5 0
e 0 15 0
e 0 9 0
e 0 22 0
e 0 3 0
e 0 13 0
e 0 6 0
e 0 12 0
e 0 16 0
e 0 18 0
e 0 23 0
e 1 5 0
e 1 10 0
e 1 11 0
e 1 12 0
e 1 15 0
e 1 19 0
e 1 23 0
e 2 5 0
e 2 10 0
e 2 11 0
e 2 12 0
e 2 15 0
e 2 16 0
e 2 19 0
e 2 23 0
e 3 5 0
e 3 9 0
e 3 10 0
e 3 11 0
e 3 15 0
e 3 16 0
e 3 18 0
e 3 19 0
e 4 5 0
e 4 9 0
e 4 10 0
e 4 11 0
e 4 15 0
e 4 16 0
e 4 18 0
e 4 19 0
e 5 9 0
e 5 20 0
e 5 22 0
e 5 21 0
e 5 15 0
e 5 6 0
e 5 8 0
e 5 17 0
e 5 13 0
e 5 10 0
e 5 12 0
e 5 18 0
e 5 19 0
e 5 23 0
e 6 9 0
e 6 11 0
e 6 12 0
e 6 15 0
e 6 16 0
e 6 18 0
e 6 23 0
e 7 10 0
e 7 12 0
e 7 16 0
e 7 18 0
e 7 19 0
e 8 10 0
e 8 11 0
e 8 12 0
e 8 19 0
e 8 23 0
e 9 17 0
e 9 10 0
e 9 12 0
e 9 15 0
e 9 19 0
e 10 21 0
e 10 17 0
e 10 22 0
e 10 13 0
e 10 12 0
e 10 16 0
e 10 18 0
e 10 19 0
e 11 21 0
e 11 17 0
e 11 14 0
e 11 20 0
e 11 22 0
e 11 13 0
e 12 21 0
e 12 17 0
e 12 14 0
e 12 20 0
e 12 22 0
e 12 15 0
e 12 13 0
e 12 19 0
e 12 23 0
e 13 15 0
e 13 16 0
e 13 18 0
e 13 19 0
e 13 23 0
e 14 16 0
e 14 18 0
e 14 19 0
e 15 17 0
e 15 20 0
e 15 22 0
e 15 18 0
e 16 21 0
e 16 18 0
e 16 20 0
e 16 23 0
e 17 18 0
e 17 23 0
e 18 21 0
e 18 20 0
e 18 23 0
e 19 20 0
e 20 21 0
e 20 23 0
