t 24 84
v 0 13 10
v 1 29 4
v 2 24 5
v 3 31 12
v 4 24 4
v 5 24 2
v 6 38 4
v 7 6 13
v 8 21 6
v 9 11 5
v 10 14 4
v 11 39 4
v 12 14 5
v 13 23 5
v 14 38 7
v 15 14 6
v 16 14 6
v 17 21 10
v 18 25 5
v 19 26 15
v 20 13 3
v 21 20 15
v 22 11 4
v 23 2 14
e 0 18 0
e 0 16 0
e 0 12 0
e 0 19 0
e 0 5 0
e 0 6 0
e 0 14 0
e 0 22 0
e 0 8 0
e 0 7 0
e 1 7 0
e 1 19 0
e 1 21 0
e 1 23 0
e 2 3 0
e 2 12 0
e 2 17 0
e 2 21 0
e 2 23 0
e 3 13 0
e 3 16 0
e 3 21 0
e 3 7 0
e 3 15 0
e 3 19 0
e 3 11 0
e 3 10 0
e 3 9 0
e 3 5 0
e 3 14 0
e 4 7 0
e 4 17 0
e 4 19 0
e 4 21 0
e 6 18 0
e 6 19 0
e 6 23 0
e 7 18 0
e 7 16 0
e 7 15 0
e 7 9 0
e 7 23 0
e 7 11 0
e 7 14 0
e 7 8 0
e 7 21 0
e 8 15 0
e 8 17 0
e 8 21 0
e 8 23 0
e 9 17 0
e 9 19 0
e 9 21 0
e 10 22 0
e 10 19 0
e 10 21 0
e 11 17 0
e 11 23 0
e 12 17 0
e 12 19 0
e 12 23 0
e 13 17 0
e 13 19 0
e 13 21 0
e 13 23 0
e 14 17 0
e 14 19 0
e 14 21 0
e 14 23 0
e 15 19 0
e 15 21 0
e 15 23 0
e 16 17 0
e 16 19 0
e 16 21 0
e 17 22 0
e 18 21 0
e 18 23 0
e 19 20 0
e 19 23 0
e 19 22 0
e 20 21 0
e 20 23 0
e 21 23 0
