t 32 37
v 0 3 2
v 1 15 2
v 2 24 2
v 3 17 2
v 4 36 2
v 5 22 2
v 6 3 3
v 7 3 2
v 8 15 2
v 9 30 2
v 10 0 1
v 11 2 6
v 12 31 2
v 13 17 2
v 14 19 2
v 15 12 2
v 16 21 2
v 17 35 3
v 18 8 3
v 19 1 2
v 20 24 2
v 21 20 5
v 22 34 3
v 23 24 2
v 24 16 2
v 25 1 2
v 26 12 2
v 27 20 2
v 28 17 2
v 29 28 2
v 30 34 2
v 31 39 2
e 0 4 0
e 0 1 0
e 1 7 0
e 2 8 0
e 2 28 0
e 3 5 0
e 3 19 0
e 4 14 0
e 5 6 0
e 6 11 0
e 6 21 0
e 7 19 0
e 8 27 0
e 9 30 0
e 9 31 0
e 10 20 0
e 11 16 0
e 11 22 0
e 11 18 0
e 11 17 0
e 11 21 0
e 12 25 0
e 12 28 0
e 13 18 0
e 13 21 0
e 14 23 0
e 15 16 0
e 15 17 0
e 17 21 0
e 18 22 0
e 20 31 0
e 21 22 0
e 23 24 0
e 24 26 0
e 25 29 0
e 26 27 0
e 29 30 0
