t 24 104
v 0 31 16
v 1 25 6
v 2 38 16
v 3 7 7
v 4 2 8
v 5 34 16
v 6 6 4
v 7 30 17
v 8 1 7
v 9 3 6
v 10 6 15
v 11 25 6
v 12 16 7
v 13 36 8
v 14 14 7
v 15 0 9
v 16 0 6
v 17 29 3
v 18 5 4
v 19 4 3
v 20 18 8
v 21 27 2
v 22 34 6
v 23 21 21
e 0 20 0
e 0 14 0
e 0 13 0
e 0 9 0
e 0 4 0
e 0 22 0
e 0 10 0
e 0 3 0
e 0 1 0
e 0 12 0
e 0 8 0
e 0 16 0
e 0 2 0
e 0 5 0
e 0 7 0
e 0 23 0
e 1 2 0
e 1 5 0
e 1 7 0
e 1 10 0
e 1 23 0
e 2 20 0
e 2 9 0
e 2 14 0
e 2 13 0
e 2 12 0
e 2 22 0
e 2 3 0
e 2 7 0
e 2 4 0
e 2 8 0
e 2 16 0
e 2 5 0
e 2 15 0
e 2 23 0
e 3 4 0
e 3 5 0
e 3 7 0
e 3 10 0
e 3 23 0
e 4 12 0
e 4 5 0
e 4 7 0
e 4 10 0
e 4 23 0
e 5 20 0
e 5 14 0
e 5 13 0
e 5 8 0
e 5 9 0
e 5 12 0
e 5 22 0
e 5 10 0
e 5 7 0
e 5 16 0
e 5 23 0
e 6 18 0
e 6 19 0
e 6 11 0
e 6 15 0
e 7 20 0
e 7 9 0
e 7 14 0
e 7 13 0
e 7 12 0
e 7 22 0
e 7 10 0
e 7 8 0
e 7 16 0
e 7 15 0
e 7 23 0
e 8 10 0
e 8 13 0
e 8 23 0
e 9 10 0
e 9 23 0
e 10 20 0
e 10 13 0
e 10 14 0
e 10 22 0
e 10 12 0
e 10 16 0
e 10 23 0
e 11 21 0
e 11 18 0
e 11 17 0
e 11 15 0
e 11 23 0
e 12 23 0
e 13 20 0
e 13 23 0
e 14 20 0
e 14 23 0
e 15 21 0
e 15 19 0
e 15 18 0
e 15 17 0
e 15 23 0
e 16 23 0
e 17 23 0
e 18 23 0
e 19 23 0
e 20 23 0
e 22 23 0
