t 40 109
v 0 30 7
v 1 35 31
v 2 24 5
v 3 13 3
v 4 9 3
v 5 11 4
v 6 27 2
v 7 3 5
v 8 0 8
v 9 30 3
v 10 28 6
v 11 2 4
v 12 15 31
v 13 28 3
v 14 13 6
v 15 16 4
v 16 25 2
v 17 11 3
v 18 27 3
v 19 19 3
v 20 20 2
v 21 4 5
v 22 35 5
v 23 17 3
v 24 9 8
v 25 5 2
v 26 1 4
v 27 16 7
v 28 28 8
v 29 24 1
v 30 27 2
v 31 1 3
v 32 39 7
v 33 34 5
v 34 27 3
v 35 16 6
v 36 20 2
v 37 17 1
v 38 33 3
v 39 34 5
e 0 18 0
e 0 14 0
e 0 2 0
e 0 32 0
e 0 3 0
e 0 21 0
e 0 1 0
e 1 27 0
e 1 8 0
e 1 28 0
e 1 3 0
e 1 23 0
e 1 22 0
e 1 13 0
e 1 34 0
e 1 31 0
e 1 30 0
e 1 26 0
e 1 38 0
e 1 5 0
e 1 7 0
e 1 24 0
e 1 17 0
e 1 10 0
e 1 9 0
e 1 35 0
e 1 19 0
e 1 18 0
e 1 25 0
e 1 4 0
e 1 2 0
e 1 32 0
e 1 14 0
e 1 15 0
e 1 39 0
e 1 11 0
e 1 12 0
e 2 22 0
e 2 12 0
e 2 24 0
e 3 12 0
e 4 11 0
e 4 12 0
e 5 23 0
e 5 13 0
e 5 12 0
e 6 12 0
e 6 16 0
e 7 27 0
e 7 28 0
e 7 12 0
e 7 24 0
e 8 32 0
e 8 33 0
e 8 35 0
e 8 21 0
e 8 10 0
e 8 12 0
e 8 27 0
e 9 19 0
e 9 12 0
e 10 28 0
e 10 38 0
e 10 12 0
e 10 26 0
e 11 12 0
e 11 17 0
e 12 27 0
e 12 28 0
e 12 20 0
e 12 23 0
e 12 34 0
e 12 13 0
e 12 22 0
e 12 31 0
e 12 29 0
e 12 26 0
e 12 33 0
e 12 24 0
e 12 17 0
e 12 35 0
e 12 36 0
e 12 21 0
e 12 32 0
e 12 14 0
e 12 15 0
e 12 39 0
e 14 37 0
e 14 22 0
e 14 36 0
e 15 24 0
e 15 25 0
e 16 20 0
e 18 24 0
e 19 21 0
e 21 28 0
e 22 31 0
e 24 33 0
e 24 39 0
e 26 32 0
e 27 28 0
e 27 39 0
e 27 35 0
e 28 33 0
e 28 35 0
e 30 32 0
e 32 34 0
e 33 38 0
e 35 39 0
