t 40 137
v 0 16 3
v 1 19 2
v 2 13 7
v 3 6 2
v 4 1 2
v 5 9 11
v 6 22 4
v 7 12 4
v 8 36 3
v 9 14 4
v 10 4 6
v 11 39 1
v 12 17 2
v 13 31 2
v 14 29 3
v 15 27 6
v 16 15 2
v 17 13 11
v 18 32 5
v 19 24 7
v 20 34 3
v 21 26 11
v 22 34 2
v 23 31 13
v 24 0 4
v 25 27 1
v 26 22 12
v 27 37 3
v 28 1 28
v 29 12 5
v 30 26 13
v 31 1 1
v 32 1 9
v 33 18 13
v 34 15 12
v 35 2 11
v 36 1 11
v 37 24 12
v 38 13 11
v 39 13 12
e 0 6 0
e 0 19 0
e 0 28 0
e 1 2 0
e 1 28 0
e 2 10 0
e 2 13 0
e 2 6 0
e 2 14 0
e 2 19 0
e 2 3 0
e 3 7 0
e 4 18 0
e 4 28 0
e 5 21 0
e 5 33 0
e 5 17 0
e 5 23 0
e 5 26 0
e 5 28 0
e 5 30 0
e 5 34 0
e 5 36 0
e 5 37 0
e 5 39 0
e 6 19 0
e 6 10 0
e 7 10 0
e 7 19 0
e 7 28 0
e 8 15 0
e 8 18 0
e 8 28 0
e 9 29 0
e 9 15 0
e 9 18 0
e 9 28 0
e 10 19 0
e 10 28 0
e 10 33 0
e 11 20 0
e 12 15 0
e 12 28 0
e 13 28 0
e 14 19 0
e 14 28 0
e 15 20 0
e 15 29 0
e 15 24 0
e 16 25 0
e 16 28 0
e 17 33 0
e 17 26 0
e 17 37 0
e 17 35 0
e 17 23 0
e 17 39 0
e 17 28 0
e 17 30 0
e 17 34 0
e 17 36 0
e 18 29 0
e 18 24 0
e 19 28 0
e 20 28 0
e 21 33 0
e 21 23 0
e 21 26 0
e 21 28 0
e 21 30 0
e 21 32 0
e 21 34 0
e 21 36 0
e 21 38 0
e 21 39 0
e 22 27 0
e 22 28 0
e 23 33 0
e 23 32 0
e 23 39 0
e 23 28 0
e 23 30 0
e 23 34 0
e 23 35 0
e 23 36 0
e 23 37 0
e 23 38 0
e 24 28 0
e 24 29 0
e 26 33 0
e 26 37 0
e 26 38 0
e 26 35 0
e 26 39 0
e 26 28 0
e 26 30 0
e 26 34 0
e 26 36 0
e 27 31 0
e 27 28 0
e 28 34 0
e 28 37 0
e 28 29 0
e 28 35 0
e 28 39 0
e 28 33 0
e 28 30 0
e 30 34 0
e 30 37 0
e 30 38 0
e 30 35 0
e 30 39 0
e 30 32 0
e 30 36 0
e 32 33 0
e 32 34 0
e 32 35 0
e 32 37 0
e 32 38 0
e 32 39 0
e 33 34 0
e 33 35 0
e 33 36 0
e 33 37 0
e 33 38 0
e 34 38 0
e 34 39 0
e 34 36 0
e 35 39 0
e 35 36 0
e 35 37 0
e 35 38 0
e 36 37 0
e 36 38 0
e 37 38 0
e 37 39 0
e 38 39 0
