t 24 125
v 0 11 19
v 1 31 7
v 2 31 6
v 3 32 6
v 4 33 7
v 5 23 10
v 6 13 7
v 7 15 18
v 8 35 7
v 9 37 6
v 10 31 7
v 11 32 22
v 12 33 7
v 13 2 6
v 14 29 9
v 15 31 8
v 16 7 7
v 17 17 22
v 18 17 8
v 19 27 21
v 20 22 8
v 21 25 7
v 22 22 19
v 23 0 6
e 0 23 0
e 0 10 0
e 0 2 0
e 0 21 0
e 0 18 0
e 0 1 0
e 0 14 0
e 0 16 0
e 0 19 0
e 0 4 0
e 0 15 0
e 0 3 0
e 0 6 0
e 0 12 0
e 0 13 0
e 0 20 0
e 0 11 0
e 0 17 0
e 0 22 0
e 1 5 0
e 1 7 0
e 1 11 0
e 1 17 0
e 1 19 0
e 1 22 0
e 2 7 0
e 2 11 0
e 2 17 0
e 2 19 0
e 2 22 0
e 3 4 0
e 3 11 0
e 3 17 0
e 3 19 0
e 3 22 0
e 4 6 0
e 4 7 0
e 4 11 0
e 4 17 0
e 4 19 0
e 5 9 0
e 5 7 0
e 5 11 0
e 5 16 0
e 5 17 0
e 5 18 0
e 5 19 0
e 5 21 0
e 5 22 0
e 6 7 0
e 6 11 0
e 6 17 0
e 6 19 0
e 6 22 0
e 7 22 0
e 7 19 0
e 7 12 0
e 7 21 0
e 7 10 0
e 7 18 0
e 7 17 0
e 7 14 0
e 7 15 0
e 7 20 0
e 7 8 0
e 7 9 0
e 7 11 0
e 8 23 0
e 8 14 0
e 8 10 0
e 8 11 0
e 8 17 0
e 8 19 0
e 9 11 0
e 9 17 0
e 9 19 0
e 9 22 0
e 10 11 0
e 10 17 0
e 10 19 0
e 10 22 0
e 11 23 0
e 11 21 0
e 11 14 0
e 11 18 0
e 11 16 0
e 11 22 0
e 11 17 0
e 11 15 0
e 11 12 0
e 11 13 0
e 11 20 0
e 12 13 0
e 12 20 0
e 12 17 0
e 12 19 0
e 13 17 0
e 13 19 0
e 13 22 0
e 14 21 0
e 14 20 0
e 14 17 0
e 14 19 0
e 14 22 0
e 15 21 0
e 15 18 0
e 15 16 0
e 15 17 0
e 15 22 0
e 16 17 0
e 16 19 0
e 16 22 0
e 17 23 0
e 17 18 0
e 17 19 0
e 17 20 0
e 17 22 0
e 18 19 0
e 18 22 0
e 19 23 0
e 19 21 0
e 19 20 0
e 19 22 0
e 20 22 0
e 22 23 0
