t 40 68
v 0 9 4
v 1 11 1
v 2 27 1
v 3 13 2
v 4 29 2
v 5 23 1
v 6 4 2
v 7 19 3
v 8 23 1
v 9 37 3
v 10 6 1
v 11 27 8
v 12 25 2
v 13 39 4
v 14 18 2
v 15 15 11
v 16 31 4
v 17 0 3
v 18 6 1
v 19 24 2
v 20 27 7
v 21 16 2
v 22 28 5
v 23 7 3
v 24 11 4
v 25 36 2
v 26 9 7
v 27 30 6
v 28 30 1
v 29 7 3
v 30 10 3
v 31 6 2
v 32 15 1
v 33 17 9
v 34 29 4
v 35 23 10
v 36 22 5
v 37 25 1
v 38 32 1
v 39 18 2
e 0 18 0
e 0 15 0
e 0 24 0
e 0 38 0
e 1 24 0
e 2 4 0
e 3 33 0
e 3 35 0
e 4 6 0
e 5 12 0
e 6 31 0
e 7 9 0
e 7 21 0
e 7 15 0
e 8 39 0
e 9 28 0
e 9 15 0
e 10 13 0
e 11 22 0
e 11 36 0
e 11 16 0
e 11 33 0
e 11 34 0
e 11 30 0
e 11 27 0
e 11 35 0
e 12 15 0
e 13 14 0
e 13 15 0
e 13 29 0
e 14 15 0
e 15 19 0
e 15 37 0
e 15 31 0
e 15 29 0
e 15 21 0
e 16 20 0
e 16 26 0
e 16 35 0
e 17 26 0
e 17 27 0
e 17 33 0
e 19 29 0
e 20 22 0
e 20 23 0
e 20 36 0
e 20 26 0
e 20 25 0
e 20 33 0
e 22 26 0
e 22 27 0
e 22 35 0
e 23 27 0
e 23 33 0
e 24 39 0
e 24 35 0
e 25 26 0
e 26 36 0
e 26 34 0
e 27 33 0
e 27 30 0
e 30 35 0
e 32 35 0
e 33 36 0
e 33 34 0
e 33 35 0
e 34 35 0
e 35 36 0
