t 32 59
v 0 14 6
v 1 33 3
v 2 24 6
v 3 34 3
v 4 6 1
v 5 0 1
v 6 18 2
v 7 0 2
v 8 18 1
v 9 0 1
v 10 11 2
v 11 4 6
v 12 19 1
v 13 10 7
v 14 23 3
v 15 33 2
v 16 20 7
v 17 19 5
v 18 27 3
v 19 19 7
v 20 17 1
v 21 15 7
v 22 15 6
v 23 15 8
v 24 20 5
v 25 23 2
v 26 13 1
v 27 8 8
v 28 4 1
v 29 5 6
v 30 14 1
v 31 35 3
e 0 15 0
e 0 18 0
e 0 19 0
e 0 11 0
e 0 13 0
e 0 22 0
e 1 19 0
e 1 31 0
e 1 13 0
e 2 18 0
e 2 17 0
e 2 16 0
e 2 21 0
e 2 23 0
e 2 27 0
e 3 13 0
e 3 22 0
e 3 23 0
e 4 6 0
e 5 7 0
e 6 15 0
e 7 11 0
e 8 27 0
e 9 19 0
e 10 12 0
e 10 27 0
e 11 13 0
e 11 19 0
e 11 29 0
e 11 22 0
e 13 19 0
e 13 29 0
e 13 22 0
e 14 27 0
e 14 21 0
e 14 16 0
e 16 20 0
e 16 17 0
e 16 21 0
e 16 23 0
e 16 27 0
e 17 31 0
e 17 23 0
e 17 24 0
e 18 22 0
e 19 29 0
e 19 31 0
e 21 24 0
e 21 23 0
e 21 27 0
e 21 28 0
e 22 29 0
e 23 26 0
e 23 24 0
e 23 27 0
e 24 25 0
e 24 27 0
e 25 29 0
e 29 30 0
