t 40 69
v 0 25 1
v 1 23 2
v 2 30 3
v 3 25 2
v 4 16 4
v 5 28 3
v 6 18 17
v 7 38 2
v 8 36 4
v 9 14 3
v 10 8 1
v 11 2 3
v 12 39 3
v 13 5 2
v 14 9 3
v 15 35 4
v 16 32 5
v 17 31 2
v 18 14 3
v 19 26 2
v 20 1 2
v 21 13 3
v 22 18 3
v 23 36 1
v 24 29 4
v 25 13 3
v 26 11 2
v 27 6 1
v 28 3 4
v 29 12 3
v 30 34 21
v 31 24 2
v 32 39 3
v 33 5 2
v 34 25 1
v 35 20 1
v 36 21 6
v 37 27 4
v 38 24 2
v 39 26 1
e 0 1 0
e 1 11 0
e 2 19 0
e 2 6 0
e 2 25 0
e 3 18 0
e 3 29 0
e 4 16 0
e 4 36 0
e 4 12 0
e 4 30 0
e 5 11 0
e 5 6 0
e 5 30 0
e 6 14 0
e 6 20 0
e 6 37 0
e 6 36 0
e 6 11 0
e 6 15 0
e 6 38 0
e 6 8 0
e 6 32 0
e 6 24 0
e 6 31 0
e 6 29 0
e 6 9 0
e 6 28 0
e 6 22 0
e 7 34 0
e 7 18 0
e 8 17 0
e 8 28 0
e 8 30 0
e 9 28 0
e 9 30 0
e 10 14 0
e 12 16 0
e 12 36 0
e 13 22 0
e 13 24 0
e 14 30 0
e 15 22 0
e 15 24 0
e 15 30 0
e 16 23 0
e 16 21 0
e 16 30 0
e 17 30 0
e 18 30 0
e 19 30 0
e 20 37 0
e 21 36 0
e 21 30 0
e 24 30 0
e 25 30 0
e 25 35 0
e 26 33 0
e 26 37 0
e 27 36 0
e 28 30 0
e 29 30 0
e 30 36 0
e 30 37 0
e 30 33 0
e 30 38 0
e 30 32 0
e 30 31 0
e 32 39 0
