t 32 136
v 0 16 1
v 1 2 8
v 2 0 20
v 3 2 2
v 4 28 9
v 5 29 1
v 6 14 19
v 7 16 6
v 8 5 2
v 9 3 9
v 10 24 1
v 11 9 1
v 12 1 9
v 13 27 10
v 14 2 18
v 15 12 8
v 16 29 6
v 17 11 8
v 18 18 2
v 19 4 19
v 20 20 19
v 21 38 19
v 22 24 8
v 23 15 8
v 24 31 8
v 25 29 1
v 26 17 1
v 27 7 20
v 28 39 9
v 29 26 2
v 30 10 10
v 31 29 8
e 0 9 0
e 1 2 0
e 1 6 0
e 1 8 0
e 1 14 0
e 1 19 0
e 1 20 0
e 1 21 0
e 1 27 0
e 2 21 0
e 2 6 0
e 2 19 0
e 2 14 0
e 2 9 0
e 2 28 0
e 2 16 0
e 2 22 0
e 2 31 0
e 2 30 0
e 2 15 0
e 2 4 0
e 2 24 0
e 2 12 0
e 2 13 0
e 2 23 0
e 2 27 0
e 2 20 0
e 2 17 0
e 3 13 0
e 3 23 0
e 4 10 0
e 4 7 0
e 4 6 0
e 4 14 0
e 4 19 0
e 4 20 0
e 4 21 0
e 4 27 0
e 5 12 0
e 6 19 0
e 6 14 0
e 6 9 0
e 6 28 0
e 6 16 0
e 6 22 0
e 6 31 0
e 6 30 0
e 6 15 0
e 6 24 0
e 6 12 0
e 6 13 0
e 6 17 0
e 6 20 0
e 6 21 0
e 6 27 0
e 7 9 0
e 7 15 0
e 7 17 0
e 7 24 0
e 7 31 0
e 8 12 0
e 9 14 0
e 9 19 0
e 9 20 0
e 9 21 0
e 9 27 0
e 11 13 0
e 12 14 0
e 12 19 0
e 12 20 0
e 12 21 0
e 12 27 0
e 13 30 0
e 13 14 0
e 13 19 0
e 13 20 0
e 13 21 0
e 13 27 0
e 14 31 0
e 14 30 0
e 14 15 0
e 14 24 0
e 14 28 0
e 14 22 0
e 14 17 0
e 14 19 0
e 14 20 0
e 14 21 0
e 14 27 0
e 15 19 0
e 15 20 0
e 15 21 0
e 15 27 0
e 16 19 0
e 16 20 0
e 16 21 0
e 16 27 0
e 17 19 0
e 17 20 0
e 17 21 0
e 17 27 0
e 18 22 0
e 18 28 0
e 19 22 0
e 19 31 0
e 19 30 0
e 19 24 0
e 19 23 0
e 19 20 0
e 19 21 0
e 19 27 0
e 20 21 0
e 20 28 0
e 20 31 0
e 20 30 0
e 20 24 0
e 20 23 0
e 20 27 0
e 21 28 0
e 21 22 0
e 21 31 0
e 21 30 0
e 21 23 0
e 21 27 0
e 22 27 0
e 22 28 0
e 23 26 0
e 23 30 0
e 23 27 0
e 24 25 0
e 24 27 0
e 27 28 0
e 27 31 0
e 27 30 0
e 28 29 0
e 29 30 0
