t 16 41
v 0 39 4
v 1 32 8
v 2 0 10
v 3 25 3
v 4 15 2
v 5 11 2
v 6 22 8
v 7 30 5
v 8 10 9
v 9 28 5
v 10 6 7
v 11 26 2
v 12 37 5
v 13 1 2
v 14 14 6
v 15 13 4
e 0 1 0
e 0 2 0
e 0 3 0
e 0 8 0
e 1 11 0
e 1 8 0
e 1 15 0
e 1 14 0
e 1 9 0
e 1 6 0
e 1 7 0
e 2 3 0
e 2 15 0
e 2 8 0
e 2 5 0
e 2 13 0
e 2 14 0
e 2 9 0
e 2 4 0
e 2 6 0
e 3 6 0
e 4 6 0
e 5 10 0
e 6 10 0
e 6 8 0
e 6 12 0
e 6 9 0
e 7 10 0
e 7 12 0
e 7 14 0
e 7 9 0
e 8 11 0
e 8 15 0
e 8 14 0
e 8 10 0
e 8 12 0
e 9 12 0
e 10 15 0
e 10 13 0
e 10 14 0
e 12 14 0
