t 24 35
v 0 1 3
v 1 12 2
v 2 11 2
v 3 26 2
v 4 28 4
v 5 20 4
v 6 19 1
v 7 18 2
v 8 37 4
v 9 25 3
v 10 31 10
v 11 11 3
v 12 4 3
v 13 32 5
v 14 27 2
v 15 31 4
v 16 14 3
v 17 23 2
v 18 11 2
v 19 18 1
v 20 34 2
v 21 17 2
v 22 26 2
v 23 28 2
e 0 4 0
e 0 6 0
e 0 13 0
e 1 10 0
e 1 11 0
e 2 9 0
e 2 10 0
e 3 4 0
e 3 13 0
e 4 9 0
e 4 10 0
e 5 8 0
e 5 7 0
e 5 10 0
e 5 15 0
e 7 10 0
e 8 10 0
e 8 12 0
e 8 15 0
e 9 13 0
e 10 12 0
e 10 11 0
e 10 13 0
e 10 16 0
e 11 16 0
e 12 15 0
e 13 17 0
e 14 18 0
e 14 23 0
e 15 16 0
e 17 18 0
e 19 20 0
e 20 21 0
e 21 22 0
e 22 23 0
