t 40 103
v 0 13 1
v 1 7 2
v 2 32 4
v 3 17 3
v 4 1 4
v 5 11 3
v 6 24 2
v 7 13 6
v 8 0 2
v 9 37 3
v 10 15 6
v 11 15 3
v 12 19 13
v 13 3 3
v 14 6 7
v 15 13 1
v 16 5 2
v 17 32 2
v 18 16 14
v 19 4 7
v 20 22 3
v 21 35 3
v 22 15 2
v 23 39 5
v 24 27 9
v 25 8 4
v 26 29 3
v 27 19 7
v 28 38 14
v 29 23 5
v 30 33 9
v 31 29 5
v 32 21 11
v 33 0 4
v 34 39 6
v 35 37 10
v 36 19 6
v 37 5 8
v 38 13 3
v 39 37 1
e 0 3 0
e 1 20 0
e 1 30 0
e 2 4 0
e 2 38 0
e 2 13 0
e 2 21 0
e 3 11 0
e 3 20 0
e 4 18 0
e 4 21 0
e 4 24 0
e 5 7 0
e 5 12 0
e 5 17 0
e 6 24 0
e 6 28 0
e 7 18 0
e 7 39 0
e 7 34 0
e 7 22 0
e 7 38 0
e 8 18 0
e 8 28 0
e 9 31 0
e 9 12 0
e 9 17 0
e 10 18 0
e 10 24 0
e 10 27 0
e 10 28 0
e 10 35 0
e 10 37 0
e 11 16 0
e 11 30 0
e 12 18 0
e 12 26 0
e 12 14 0
e 12 36 0
e 12 35 0
e 12 29 0
e 12 37 0
e 12 25 0
e 12 31 0
e 12 32 0
e 12 13 0
e 13 30 0
e 14 18 0
e 14 19 0
e 14 24 0
e 14 28 0
e 14 32 0
e 14 35 0
e 15 30 0
e 16 30 0
e 18 28 0
e 18 36 0
e 18 29 0
e 18 19 0
e 18 37 0
e 18 32 0
e 18 27 0
e 18 25 0
e 19 32 0
e 19 23 0
e 19 24 0
e 19 35 0
e 19 36 0
e 20 30 0
e 21 34 0
e 22 31 0
e 23 27 0
e 23 32 0
e 23 35 0
e 23 37 0
e 24 33 0
e 24 25 0
e 24 27 0
e 24 28 0
e 25 28 0
e 26 30 0
e 26 31 0
e 27 29 0
e 27 32 0
e 27 35 0
e 28 36 0
e 28 29 0
e 28 35 0
e 28 37 0
e 28 32 0
e 28 30 0
e 28 34 0
e 29 35 0
e 30 34 0
e 31 34 0
e 32 33 0
e 32 35 0
e 32 36 0
e 32 37 0
e 33 35 0
e 33 37 0
e 34 38 0
e 36 37 0
