t 32 93
v 0 35 2
v 1 24 5
v 2 21 24
v 3 34 4
v 4 35 4
v 5 23 5
v 6 4 3
v 7 31 5
v 8 2 6
v 9 20 2
v 10 36 5
v 11 11 16
v 12 10 1
v 13 3 3
v 14 28 4
v 15 38 16
v 16 0 20
v 17 35 3
v 18 29 4
v 19 0 4
v 20 37 3
v 21 27 5
v 22 33 3
v 23 36 5
v 24 5 4
v 25 6 6
v 26 26 6
v 27 35 4
v 28 6 5
v 29 30 2
v 30 27 2
v 31 23 5
e 0 2 0
e 0 16 0
e 1 2 0
e 1 5 0
e 1 11 0
e 1 15 0
e 1 16 0
e 2 27 0
e 2 17 0
e 2 31 0
e 2 19 0
e 2 25 0
e 2 18 0
e 2 26 0
e 2 4 0
e 2 14 0
e 2 7 0
e 2 29 0
e 2 8 0
e 2 23 0
e 2 22 0
e 2 21 0
e 2 9 0
e 2 12 0
e 2 3 0
e 2 13 0
e 2 11 0
e 2 24 0
e 2 20 0
e 3 19 0
e 3 28 0
e 3 31 0
e 4 13 0
e 4 16 0
e 4 17 0
e 5 8 0
e 5 11 0
e 5 15 0
e 5 16 0
e 6 10 0
e 6 13 0
e 6 16 0
e 7 8 0
e 7 10 0
e 7 11 0
e 7 15 0
e 8 11 0
e 8 15 0
e 8 16 0
e 9 15 0
e 10 11 0
e 10 15 0
e 10 16 0
e 11 27 0
e 11 14 0
e 11 25 0
e 11 23 0
e 11 24 0
e 11 18 0
e 11 26 0
e 11 21 0
e 11 15 0
e 11 16 0
e 14 15 0
e 14 16 0
e 15 27 0
e 15 20 0
e 15 23 0
e 15 25 0
e 15 18 0
e 15 26 0
e 15 21 0
e 15 16 0
e 16 27 0
e 16 17 0
e 16 25 0
e 16 18 0
e 16 26 0
e 16 23 0
e 16 22 0
e 16 21 0
e 16 24 0
e 16 20 0
e 19 28 0
e 19 31 0
e 21 22 0
e 23 25 0
e 24 26 0
e 25 26 0
e 28 29 0
e 28 30 0
e 28 31 0
e 30 31 0
