t 40 65
v 0 31 2
v 1 2 2
v 2 1 2
v 3 15 2
v 4 9 2
v 5 36 2
v 6 0 2
v 7 33 2
v 8 15 2
v 9 35 2
v 10 10 2
v 11 11 2
v 12 22 5
v 13 17 2
v 14 25 2
v 15 0 5
v 16 25 5
v 17 21 3
v 18 27 2
v 19 5 2
v 20 26 3
v 21 38 2
v 22 26 3
v 23 16 11
v 24 17 2
v 25 31 4
v 26 0 1
v 27 10 4
v 28 11 2
v 29 16 2
v 30 18 2
v 31 38 12
v 32 34 4
v 33 4 4
v 34 11 13
v 35 3 2
v 36 33 3
v 37 12 2
v 38 6 2
v 39 25 2
e 0 2 0
e 0 14 0
e 1 29 0
e 1 30 0
e 2 3 0
e 3 5 0
e 4 38 0
e 4 37 0
e 5 7 0
e 6 14 0
e 6 28 0
e 7 8 0
e 8 18 0
e 9 10 0
e 9 18 0
e 10 19 0
e 11 13 0
e 11 21 0
e 12 16 0
e 12 27 0
e 12 23 0
e 12 31 0
e 12 34 0
e 13 15 0
e 15 16 0
e 15 23 0
e 15 31 0
e 15 34 0
e 16 23 0
e 16 31 0
e 16 34 0
e 17 23 0
e 17 31 0
e 17 34 0
e 19 21 0
e 20 23 0
e 20 31 0
e 20 34 0
e 22 23 0
e 22 31 0
e 22 34 0
e 23 31 0
e 23 34 0
e 23 36 0
e 23 33 0
e 23 25 0
e 24 39 0
e 24 30 0
e 25 31 0
e 25 32 0
e 25 34 0
e 26 39 0
e 27 36 0
e 27 31 0
e 27 34 0
e 28 37 0
e 29 35 0
e 31 32 0
e 31 34 0
e 31 33 0
e 32 33 0
e 32 34 0
e 33 34 0
e 34 36 0
e 35 38 0
