t 40 86
v 0 38 10
v 1 9 2
v 2 22 9
v 3 33 2
v 4 13 3
v 5 9 1
v 6 4 2
v 7 25 2
v 8 10 2
v 9 30 2
v 10 31 11
v 11 17 2
v 12 7 2
v 13 18 6
v 14 24 13
v 15 18 10
v 16 21 2
v 17 24 3
v 18 1 7
v 19 25 2
v 20 24 2
v 21 10 1
v 22 37 1
v 23 34 7
v 24 35 2
v 25 38 7
v 26 22 2
v 27 2 2
v 28 28 2
v 29 26 10
v 30 0 2
v 31 13 11
v 32 38 2
v 33 34 4
v 34 4 2
v 35 12 7
v 36 22 2
v 37 12 3
v 38 36 8
v 39 1 2
e 0 13 0
e 0 25 0
e 0 10 0
e 0 18 0
e 0 38 0
e 0 2 0
e 0 14 0
e 0 15 0
e 0 23 0
e 0 31 0
e 1 37 0
e 1 13 0
e 2 25 0
e 2 10 0
e 2 38 0
e 2 14 0
e 2 15 0
e 2 23 0
e 2 29 0
e 2 35 0
e 3 24 0
e 3 22 0
e 4 14 0
e 4 18 0
e 4 31 0
e 5 17 0
e 6 28 0
e 6 11 0
e 7 8 0
e 7 16 0
e 8 12 0
e 9 30 0
e 9 33 0
e 10 13 0
e 10 25 0
e 10 18 0
e 10 38 0
e 10 14 0
e 10 15 0
e 10 23 0
e 10 31 0
e 10 35 0
e 11 39 0
e 12 39 0
e 13 14 0
e 13 15 0
e 13 29 0
e 14 31 0
e 14 15 0
e 14 25 0
e 14 18 0
e 14 38 0
e 14 23 0
e 14 29 0
e 14 35 0
e 15 18 0
e 15 38 0
e 15 29 0
e 15 31 0
e 15 35 0
e 16 19 0
e 17 20 0
e 17 33 0
e 18 29 0
e 18 31 0
e 19 20 0
e 21 37 0
e 23 29 0
e 23 31 0
e 23 35 0
e 24 34 0
e 25 38 0
e 25 29 0
e 25 31 0
e 26 28 0
e 26 34 0
e 27 36 0
e 27 32 0
e 29 31 0
e 29 38 0
e 29 35 0
e 30 33 0
e 31 38 0
e 31 35 0
e 32 33 0
e 36 37 0
