t 32 91
v 0 38 8
v 1 18 3
v 2 38 12
v 3 15 4
v 4 7 1
v 5 2 5
v 6 24 12
v 7 30 11
v 8 21 1
v 9 11 4
v 10 1 3
v 11 14 10
v 12 16 6
v 13 21 5
v 14 34 4
v 15 23 10
v 16 25 3
v 17 8 3
v 18 26 12
v 19 24 7
v 20 3 7
v 21 27 4
v 22 6 3
v 23 14 1
v 24 3 8
v 25 36 15
v 26 1 2
v 27 2 3
v 28 23 3
v 29 19 3
v 30 9 6
v 31 5 3
e 0 8 0
e 0 2 0
e 0 6 0
e 0 7 0
e 0 11 0
e 0 15 0
e 0 18 0
e 0 25 0
e 1 2 0
e 1 7 0
e 1 18 0
e 2 12 0
e 2 18 0
e 2 14 0
e 2 5 0
e 2 17 0
e 2 13 0
e 2 20 0
e 2 24 0
e 2 15 0
e 2 25 0
e 3 6 0
e 3 11 0
e 3 15 0
e 3 19 0
e 4 5 0
e 5 6 0
e 5 7 0
e 5 25 0
e 6 12 0
e 6 7 0
e 6 14 0
e 6 9 0
e 6 17 0
e 6 10 0
e 6 24 0
e 6 11 0
e 6 15 0
e 7 18 0
e 7 9 0
e 7 11 0
e 7 13 0
e 7 15 0
e 7 20 0
e 7 21 0
e 9 18 0
e 9 25 0
e 10 18 0
e 10 19 0
e 11 13 0
e 11 19 0
e 11 20 0
e 11 24 0
e 11 15 0
e 11 25 0
e 12 19 0
e 12 20 0
e 12 21 0
e 12 24 0
e 13 18 0
e 13 19 0
e 14 18 0
e 14 25 0
e 15 18 0
e 15 26 0
e 15 20 0
e 15 25 0
e 16 23 0
e 16 25 0
e 16 30 0
e 17 25 0
e 18 20 0
e 18 21 0
e 18 24 0
e 19 24 0
e 19 25 0
e 20 25 0
e 21 24 0
e 22 27 0
e 22 29 0
e 22 30 0
e 24 25 0
e 25 31 0
e 25 27 0
e 25 26 0
e 27 30 0
e 28 31 0
e 28 29 0
e 28 30 0
e 29 30 0
e 30 31 0
