t 24 68
v 0 20 6
v 1 27 11
v 2 34 10
v 3 4 1
v 4 8 7
v 5 20 1
v 6 17 11
v 7 4 2
v 8 4 10
v 9 32 2
v 10 33 1
v 11 1 1
v 12 21 2
v 13 0 1
v 14 13 5
v 15 18 7
v 16 4 2
v 17 22 8
v 18 7 5
v 19 34 5
v 20 31 7
v 21 3 12
v 22 19 6
v 23 16 13
e 0 13 0
e 0 1 0
e 0 6 0
e 0 8 0
e 0 21 0
e 0 23 0
e 1 18 0
e 1 7 0
e 1 19 0
e 1 4 0
e 1 20 0
e 1 21 0
e 1 22 0
e 1 6 0
e 1 8 0
e 1 23 0
e 2 23 0
e 2 19 0
e 2 4 0
e 2 20 0
e 2 14 0
e 2 15 0
e 2 21 0
e 2 22 0
e 2 6 0
e 2 17 0
e 3 15 0
e 4 6 0
e 4 8 0
e 4 17 0
e 4 21 0
e 4 23 0
e 5 15 0
e 6 18 0
e 6 19 0
e 6 20 0
e 6 21 0
e 6 14 0
e 6 8 0
e 6 17 0
e 7 9 0
e 8 18 0
e 8 23 0
e 8 19 0
e 8 14 0
e 8 15 0
e 8 22 0
e 9 16 0
e 10 12 0
e 11 20 0
e 12 16 0
e 14 21 0
e 14 23 0
e 15 17 0
e 15 21 0
e 15 23 0
e 17 23 0
e 17 20 0
e 17 21 0
e 17 22 0
e 18 21 0
e 18 23 0
e 19 23 0
e 20 21 0
e 20 23 0
e 21 22 0
e 21 23 0
e 22 23 0
