t 24 64
v 0 11 3
v 1 32 6
v 2 12 3
v 3 0 4
v 4 2 18
v 5 35 5
v 6 13 5
v 7 25 6
v 8 13 4
v 9 18 6
v 10 7 3
v 11 11 5
v 12 15 2
v 13 27 7
v 14 20 3
v 15 14 4
v 16 24 4
v 17 30 2
v 18 24 6
v 19 9 15
v 20 9 2
v 21 21 5
v 22 33 7
v 23 16 3
e 0 2 0
e 0 4 0
e 0 19 0
e 1 11 0
e 1 5 0
e 1 4 0
e 1 7 0
e 1 13 0
e 1 19 0
e 2 4 0
e 2 13 0
e 3 4 0
e 3 9 0
e 3 19 0
e 3 22 0
e 4 16 0
e 4 7 0
e 4 12 0
e 4 17 0
e 4 14 0
e 4 10 0
e 4 22 0
e 4 11 0
e 4 23 0
e 4 13 0
e 4 15 0
e 4 18 0
e 4 5 0
e 4 21 0
e 5 7 0
e 5 13 0
e 5 19 0
e 6 8 0
e 6 18 0
e 6 9 0
e 6 19 0
e 6 22 0
e 7 11 0
e 7 13 0
e 7 19 0
e 8 18 0
e 8 9 0
e 8 19 0
e 9 20 0
e 9 22 0
e 9 18 0
e 10 11 0
e 10 19 0
e 11 13 0
e 12 16 0
e 13 19 0
e 14 15 0
e 14 16 0
e 15 17 0
e 15 19 0
e 16 19 0
e 18 21 0
e 18 19 0
e 19 22 0
e 19 23 0
e 19 21 0
e 20 21 0
e 21 22 0
e 22 23 0
