t 32 94
v 0 38 4
v 1 39 3
v 2 15 5
v 3 16 2
v 4 1 20
v 5 31 3
v 6 23 17
v 7 36 1
v 8 7 3
v 9 8 5
v 10 28 5
v 11 6 3
v 12 14 7
v 13 6 15
v 14 38 5
v 15 28 2
v 16 0 4
v 17 0 3
v 18 10 3
v 19 33 6
v 20 31 5
v 21 34 5
v 22 23 5
v 23 36 9
v 24 12 1
v 25 23 7
v 26 35 4
v 27 8 5
v 28 26 5
v 29 12 5
v 30 14 3
v 31 10 18
e 0 7 0
e 0 4 0
e 0 6 0
e 0 13 0
e 1 17 0
e 1 4 0
e 1 6 0
e 2 4 0
e 2 5 0
e 2 6 0
e 2 13 0
e 2 31 0
e 3 10 0
e 3 31 0
e 4 20 0
e 4 21 0
e 4 17 0
e 4 19 0
e 4 30 0
e 4 16 0
e 4 18 0
e 4 25 0
e 4 12 0
e 4 23 0
e 4 29 0
e 4 26 0
e 4 28 0
e 4 22 0
e 4 15 0
e 4 27 0
e 4 9 0
e 5 11 0
e 5 31 0
e 6 12 0
e 6 23 0
e 6 21 0
e 6 28 0
e 6 14 0
e 6 17 0
e 6 22 0
e 6 9 0
e 6 8 0
e 6 24 0
e 6 20 0
e 6 16 0
e 6 10 0
e 6 31 0
e 8 14 0
e 8 19 0
e 9 12 0
e 9 23 0
e 9 31 0
e 10 13 0
e 10 20 0
e 10 31 0
e 11 13 0
e 11 31 0
e 12 28 0
e 12 13 0
e 12 25 0
e 12 31 0
e 13 23 0
e 13 29 0
e 13 26 0
e 13 21 0
e 13 28 0
e 13 19 0
e 13 30 0
e 13 27 0
e 13 20 0
e 13 31 0
e 14 16 0
e 14 18 0
e 14 21 0
e 15 31 0
e 16 19 0
e 18 31 0
e 19 21 0
e 19 31 0
e 20 31 0
e 22 25 0
e 22 29 0
e 22 31 0
e 23 27 0
e 23 26 0
e 23 28 0
e 23 25 0
e 23 31 0
e 25 29 0
e 25 27 0
e 25 31 0
e 26 31 0
e 27 31 0
e 29 30 0
