t 24 35
v 0 39 2
v 1 18 2
v 2 8 2
v 3 12 4
v 4 22 2
v 5 35 3
v 6 5 2
v 7 25 5
v 8 20 2
v 9 34 2
v 10 4 2
v 11 22 7
v 12 26 3
v 13 38 3
v 14 37 2
v 15 9 4
v 16 38 6
v 17 35 3
v 18 9 2
v 19 2 2
v 20 19 2
v 21 34 3
v 22 13 4
v 23 32 1
e 0 10 0
e 0 9 0
e 1 3 0
e 1 6 0
e 2 11 0
e 2 16 0
e 3 7 0
e 3 11 0
e 3 16 0
e 4 6 0
e 4 10 0
e 5 21 0
e 5 15 0
e 5 22 0
e 7 12 0
e 7 13 0
e 7 17 0
e 7 11 0
e 8 14 0
e 8 18 0
e 9 14 0
e 11 12 0
e 11 17 0
e 11 13 0
e 11 16 0
e 12 16 0
e 13 16 0
e 15 21 0
e 15 20 0
e 15 22 0
e 16 17 0
e 18 19 0
e 19 20 0
e 21 22 0
e 22 23 0
