t 24 50
v 0 33 3
v 1 35 19
v 2 11 3
v 3 17 3
v 4 33 3
v 5 30 2
v 6 36 2
v 7 6 4
v 8 34 4
v 9 18 13
v 10 17 2
v 11 0 4
v 12 3 3
v 13 39 3
v 14 14 2
v 15 6 3
v 16 37 4
v 17 4 3
v 18 3 3
v 19 33 2
v 20 13 4
v 21 18 4
v 22 28 5
v 23 20 2
e 0 1 0
e 0 9 0
e 0 17 0
e 1 8 0
e 1 17 0
e 1 6 0
e 1 4 0
e 1 7 0
e 1 2 0
e 1 3 0
e 1 16 0
e 1 22 0
e 1 13 0
e 1 20 0
e 1 14 0
e 1 10 0
e 1 9 0
e 1 12 0
e 1 15 0
e 1 21 0
e 1 11 0
e 2 4 0
e 2 9 0
e 3 7 0
e 3 9 0
e 4 9 0
e 5 21 0
e 5 22 0
e 6 23 0
e 7 11 0
e 7 9 0
e 8 16 0
e 8 9 0
e 8 12 0
e 9 14 0
e 9 15 0
e 9 17 0
e 9 10 0
e 9 16 0
e 9 11 0
e 11 19 0
e 12 13 0
e 13 16 0
e 15 19 0
e 18 20 0
e 18 21 0
e 18 22 0
e 20 21 0
e 20 22 0
e 22 23 0
