t 40 89
v 0 37 1
v 1 38 2
v 2 34 2
v 3 30 3
v 4 37 6
v 5 14 3
v 6 9 2
v 7 26 10
v 8 18 3
v 9 19 4
v 10 27 2
v 11 34 5
v 12 3 3
v 13 24 1
v 14 21 25
v 15 32 3
v 16 16 3
v 17 23 14
v 18 39 9
v 19 8 3
v 20 7 3
v 21 23 1
v 22 27 3
v 23 17 2
v 24 21 2
v 25 4 1
v 26 6 4
v 27 15 3
v 28 13 5
v 29 17 4
v 30 39 2
v 31 20 9
v 32 31 4
v 33 5 9
v 34 31 13
v 35 24 1
v 36 16 3
v 37 9 1
v 38 6 2
v 39 25 2
e 0 14 0
e 1 3 0
e 1 14 0
e 2 7 0
e 2 14 0
e 3 5 0
e 3 6 0
e 4 15 0
e 4 14 0
e 4 17 0
e 4 18 0
e 4 22 0
e 4 31 0
e 5 7 0
e 5 21 0
e 6 14 0
e 7 25 0
e 7 12 0
e 7 11 0
e 7 39 0
e 7 38 0
e 7 8 0
e 7 36 0
e 7 14 0
e 8 11 0
e 8 14 0
e 9 14 0
e 9 17 0
e 9 31 0
e 9 34 0
e 10 14 0
e 10 19 0
e 11 12 0
e 11 19 0
e 11 14 0
e 12 14 0
e 13 14 0
e 14 37 0
e 14 32 0
e 14 23 0
e 14 33 0
e 14 19 0
e 14 27 0
e 14 20 0
e 14 38 0
e 14 17 0
e 14 28 0
e 14 36 0
e 14 34 0
e 14 31 0
e 15 31 0
e 15 34 0
e 16 17 0
e 16 18 0
e 16 34 0
e 17 22 0
e 17 24 0
e 17 32 0
e 17 29 0
e 17 33 0
e 17 26 0
e 17 20 0
e 17 30 0
e 17 28 0
e 17 31 0
e 18 32 0
e 18 29 0
e 18 33 0
e 18 27 0
e 18 26 0
e 18 34 0
e 18 31 0
e 20 34 0
e 22 34 0
e 23 31 0
e 24 34 0
e 26 33 0
e 26 34 0
e 27 33 0
e 28 33 0
e 28 30 0
e 28 34 0
e 29 31 0
e 29 34 0
e 31 33 0
e 32 34 0
e 33 34 0
e 33 35 0
e 36 39 0
