t 32 36
v 0 11 2
v 1 1 3
v 2 7 3
v 3 39 2
v 4 6 1
v 5 33 1
v 6 7 1
v 7 19 2
v 8 35 2
v 9 30 2
v 10 36 6
v 11 16 2
v 12 3 2
v 13 11 3
v 14 12 3
v 15 23 2
v 16 1 2
v 17 23 2
v 18 29 2
v 19 21 2
v 20 32 3
v 21 37 3
v 22 23 2
v 23 24 3
v 24 11 1
v 25 25 2
v 26 34 2
v 27 6 2
v 28 18 3
v 29 23 2
v 30 25 1
v 31 4 3
e 0 1 0
e 0 27 0
e 1 4 0
e 1 21 0
e 2 28 0
e 2 8 0
e 2 12 0
e 3 26 0
e 3 29 0
e 5 9 0
e 6 22 0
e 7 8 0
e 7 21 0
e 9 21 0
e 10 20 0
e 10 31 0
e 10 13 0
e 10 23 0
e 10 28 0
e 10 30 0
e 11 15 0
e 11 22 0
e 12 28 0
e 13 20 0
e 13 31 0
e 14 27 0
e 14 23 0
e 14 25 0
e 15 18 0
e 16 19 0
e 16 23 0
e 17 18 0
e 17 29 0
e 19 26 0
e 20 31 0
e 24 25 0
