t 40 108
v 0 18 14
v 1 13 3
v 2 20 3
v 3 1 3
v 4 16 4
v 5 18 3
v 6 18 1
v 7 18 1
v 8 9 2
v 9 23 4
v 10 21 3
v 11 14 1
v 12 9 2
v 13 24 3
v 14 3 5
v 15 16 4
v 16 9 6
v 17 23 3
v 18 4 13
v 19 35 6
v 20 38 5
v 21 35 7
v 22 27 13
v 23 7 28
v 24 27 5
v 25 17 4
v 26 29 7
v 27 21 11
v 28 32 3
v 29 35 4
v 30 26 12
v 31 23 5
v 32 0 6
v 33 19 5
v 34 16 3
v 35 15 3
v 36 18 4
v 37 5 2
v 38 6 3
v 39 35 2
e 0 2 0
e 0 5 0
e 0 36 0
e 0 38 0
e 0 10 0
e 0 31 0
e 0 9 0
e 0 15 0
e 0 25 0
e 0 33 0
e 0 39 0
e 0 29 0
e 0 4 0
e 0 23 0
e 1 33 0
e 1 2 0
e 1 23 0
e 2 29 0
e 3 8 0
e 3 17 0
e 3 23 0
e 4 5 0
e 4 15 0
e 4 23 0
e 5 7 0
e 6 31 0
e 8 23 0
e 9 31 0
e 9 33 0
e 9 23 0
e 10 25 0
e 10 15 0
e 11 17 0
e 12 23 0
e 12 35 0
e 13 18 0
e 13 22 0
e 13 30 0
e 14 21 0
e 14 18 0
e 14 22 0
e 14 27 0
e 14 30 0
e 15 23 0
e 16 18 0
e 16 22 0
e 16 23 0
e 16 26 0
e 16 27 0
e 16 30 0
e 17 23 0
e 18 20 0
e 18 27 0
e 18 30 0
e 18 22 0
e 18 26 0
e 18 24 0
e 18 21 0
e 18 32 0
e 18 19 0
e 18 23 0
e 19 22 0
e 19 23 0
e 19 26 0
e 19 27 0
e 19 30 0
e 20 22 0
e 20 23 0
e 20 27 0
e 20 30 0
e 21 22 0
e 21 23 0
e 21 28 0
e 21 30 0
e 21 32 0
e 22 27 0
e 22 35 0
e 22 26 0
e 22 24 0
e 22 32 0
e 22 23 0
e 23 32 0
e 23 29 0
e 23 28 0
e 23 34 0
e 23 30 0
e 23 27 0
e 23 38 0
e 23 24 0
e 23 31 0
e 23 26 0
e 23 25 0
e 23 33 0
e 23 36 0
e 24 27 0
e 24 30 0
e 25 29 0
e 26 27 0
e 26 30 0
e 27 30 0
e 27 32 0
e 28 34 0
e 30 32 0
e 31 33 0
e 34 35 0
e 36 37 0
e 36 39 0
e 37 38 0
