t 32 78
v 0 29 2
v 1 39 6
v 2 4 1
v 3 29 1
v 4 39 3
v 5 35 9
v 6 21 2
v 7 2 4
v 8 23 5
v 9 19 9
v 10 13 1
v 11 37 4
v 12 29 8
v 13 37 5
v 14 36 3
v 15 30 3
v 16 13 5
v 17 28 2
v 18 26 4
v 19 8 14
v 20 11 2
v 21 9 1
v 22 26 3
v 23 30 4
v 24 10 11
v 25 17 8
v 26 38 3
v 27 30 9
v 28 31 4
v 29 25 2
v 30 18 6
v 31 11 12
e 0 1 0
e 0 5 0
e 1 4 0
e 1 20 0
e 1 5 0
e 1 8 0
e 1 19 0
e 2 13 0
e 3 15 0
e 4 5 0
e 4 19 0
e 5 19 0
e 5 12 0
e 5 31 0
e 5 30 0
e 5 27 0
e 5 22 0
e 6 8 0
e 6 13 0
e 7 12 0
e 7 29 0
e 7 9 0
e 7 31 0
e 8 15 0
e 8 17 0
e 8 13 0
e 9 12 0
e 9 27 0
e 9 24 0
e 9 11 0
e 9 14 0
e 9 18 0
e 9 23 0
e 9 25 0
e 10 22 0
e 11 27 0
e 11 24 0
e 11 31 0
e 12 28 0
e 12 19 0
e 12 24 0
e 12 25 0
e 12 29 0
e 13 15 0
e 13 17 0
e 14 27 0
e 14 31 0
e 16 27 0
e 16 24 0
e 16 19 0
e 16 25 0
e 16 31 0
e 18 24 0
e 18 23 0
e 18 31 0
e 19 20 0
e 19 25 0
e 19 28 0
e 19 26 0
e 19 30 0
e 19 27 0
e 19 24 0
e 19 21 0
e 19 22 0
e 23 25 0
e 23 31 0
e 24 28 0
e 24 25 0
e 24 27 0
e 24 30 0
e 24 31 0
e 25 31 0
e 25 27 0
e 26 30 0
e 26 31 0
e 27 30 0
e 28 31 0
e 30 31 0
