t 40 96
v 0 16 10
v 1 14 2
v 2 10 5
v 3 5 3
v 4 34 5
v 5 22 4
v 6 29 4
v 7 26 9
v 8 34 4
v 9 12 11
v 10 25 5
v 11 33 21
v 12 2 1
v 13 17 3
v 14 20 2
v 15 23 3
v 16 37 2
v 17 23 4
v 18 31 2
v 19 16 3
v 20 30 3
v 21 22 16
v 22 17 2
v 23 13 12
v 24 11 2
v 25 11 5
v 26 0 2
v 27 23 3
v 28 36 1
v 29 11 5
v 30 33 5
v 31 1 3
v 32 20 5
v 33 36 2
v 34 38 3
v 35 27 6
v 36 28 5
v 37 29 4
v 38 20 3
v 39 10 2
e 0 34 0
e 0 27 0
e 0 6 0
e 0 32 0
e 0 37 0
e 0 39 0
e 0 4 0
e 0 7 0
e 0 38 0
e 0 23 0
e 1 32 0
e 1 23 0
e 2 10 0
e 2 5 0
e 2 9 0
e 2 20 0
e 2 21 0
e 3 7 0
e 3 11 0
e 3 23 0
e 4 32 0
e 4 16 0
e 4 7 0
e 4 23 0
e 5 10 0
e 5 9 0
e 5 21 0
e 6 7 0
e 6 11 0
e 6 23 0
e 7 32 0
e 7 37 0
e 7 16 0
e 7 11 0
e 7 23 0
e 8 10 0
e 8 9 0
e 8 11 0
e 8 21 0
e 9 24 0
e 9 36 0
e 9 15 0
e 9 19 0
e 9 25 0
e 9 10 0
e 9 30 0
e 9 11 0
e 10 21 0
e 11 24 0
e 11 27 0
e 11 34 0
e 11 29 0
e 11 20 0
e 11 13 0
e 11 36 0
e 11 23 0
e 11 25 0
e 11 14 0
e 11 17 0
e 11 19 0
e 11 22 0
e 11 38 0
e 11 35 0
e 11 30 0
e 12 29 0
e 13 25 0
e 13 21 0
e 14 21 0
e 15 35 0
e 15 21 0
e 17 33 0
e 17 21 0
e 17 36 0
e 18 29 0
e 18 30 0
e 19 35 0
e 20 21 0
e 21 29 0
e 21 28 0
e 21 31 0
e 21 36 0
e 21 22 0
e 21 25 0
e 21 26 0
e 23 34 0
e 23 27 0
e 23 32 0
e 23 37 0
e 23 39 0
e 25 36 0
e 26 35 0
e 29 33 0
e 30 31 0
e 30 35 0
e 31 35 0
e 37 38 0
