t 24 34
v 0 7 1
v 1 29 2
v 2 37 2
v 3 28 2
v 4 38 1
v 5 3 6
v 6 4 2
v 7 26 6
v 8 9 3
v 9 10 2
v 10 26 4
v 11 21 2
v 12 36 1
v 13 27 3
v 14 16 10
v 15 27 2
v 16 25 2
v 17 36 1
v 18 25 2
v 19 29 3
v 20 28 3
v 21 34 3
v 22 0 4
v 23 10 1
e 0 14 0
e 1 7 0
e 1 6 0
e 2 8 0
e 2 23 0
e 3 11 0
e 3 12 0
e 4 7 0
e 5 18 0
e 5 7 0
e 5 20 0
e 5 10 0
e 5 16 0
e 5 14 0
e 6 11 0
e 7 19 0
e 7 10 0
e 7 14 0
e 8 21 0
e 8 13 0
e 9 19 0
e 9 22 0
e 10 14 0
e 10 22 0
e 13 21 0
e 13 14 0
e 14 22 0
e 14 18 0
e 14 20 0
e 14 21 0
e 14 16 0
e 15 20 0
e 15 17 0
e 19 22 0
