t 40 45
v 0 30 2
v 1 23 2
v 2 32 5
v 3 14 2
v 4 5 2
v 5 22 2
v 6 23 2
v 7 25 2
v 8 7 2
v 9 5 2
v 10 12 2
v 11 29 2
v 12 11 1
v 13 1 2
v 14 8 2
v 15 24 2
v 16 24 2
v 17 7 3
v 18 36 1
v 19 0 3
v 20 38 2
v 21 29 1
v 22 25 2
v 23 5 1
v 24 22 2
v 25 8 2
v 26 13 5
v 27 7 1
v 28 39 3
v 29 23 2
v 30 38 2
v 31 7 2
v 32 19 5
v 33 21 3
v 34 17 3
v 35 17 2
v 36 20 3
v 37 39 2
v 38 3 2
v 39 16 2
e 0 1 0
e 0 20 0
e 1 3 0
e 2 19 0
e 2 26 0
e 2 17 0
e 2 32 0
e 2 30 0
e 3 38 0
e 4 8 0
e 4 37 0
e 5 29 0
e 5 24 0
e 6 19 0
e 6 26 0
e 7 18 0
e 7 36 0
e 8 9 0
e 9 22 0
e 10 11 0
e 10 14 0
e 11 16 0
e 12 34 0
e 13 27 0
e 13 15 0
e 14 31 0
e 15 20 0
e 16 26 0
e 17 32 0
e 17 26 0
e 19 30 0
e 21 24 0
e 22 31 0
e 23 36 0
e 25 36 0
e 25 37 0
e 26 32 0
e 28 32 0
e 28 29 0
e 28 33 0
e 32 34 0
e 33 34 0
e 33 35 0
e 35 39 0
e 38 39 0
