t 24 107
v 0 39 21
v 1 15 6
v 2 20 5
v 3 32 15
v 4 9 8
v 5 32 16
v 6 4 18
v 7 12 7
v 8 4 8
v 9 10 3
v 10 26 7
v 11 30 7
v 12 35 9
v 13 24 8
v 14 21 18
v 15 21 17
v 16 12 3
v 17 20 6
v 18 21 2
v 19 25 6
v 20 33 5
v 21 10 7
v 22 10 6
v 23 8 6
e 0 22 0
e 0 6 0
e 0 14 0
e 0 15 0
e 0 7 0
e 0 16 0
e 0 21 0
e 0 12 0
e 0 13 0
e 0 23 0
e 0 11 0
e 0 18 0
e 0 8 0
e 0 19 0
e 0 9 0
e 0 20 0
e 0 1 0
e 0 10 0
e 0 4 0
e 0 17 0
e 0 2 0
e 1 3 0
e 1 5 0
e 1 6 0
e 1 14 0
e 1 15 0
e 2 9 0
e 2 18 0
e 2 16 0
e 2 20 0
e 3 7 0
e 3 11 0
e 3 19 0
e 3 21 0
e 3 8 0
e 3 12 0
e 3 10 0
e 3 4 0
e 3 17 0
e 3 13 0
e 3 5 0
e 3 14 0
e 3 15 0
e 3 22 0
e 4 7 0
e 4 5 0
e 4 6 0
e 4 10 0
e 4 14 0
e 4 15 0
e 5 14 0
e 5 7 0
e 5 23 0
e 5 11 0
e 5 8 0
e 5 21 0
e 5 19 0
e 5 12 0
e 5 10 0
e 5 6 0
e 5 17 0
e 5 13 0
e 5 22 0
e 6 14 0
e 6 15 0
e 6 7 0
e 6 23 0
e 6 11 0
e 6 20 0
e 6 8 0
e 6 19 0
e 6 21 0
e 6 12 0
e 6 10 0
e 6 17 0
e 6 13 0
e 6 22 0
e 7 14 0
e 7 15 0
e 8 13 0
e 8 14 0
e 8 15 0
e 8 21 0
e 9 20 0
e 10 14 0
e 10 15 0
e 11 12 0
e 11 14 0
e 11 15 0
e 12 23 0
e 12 13 0
e 12 14 0
e 12 15 0
e 13 14 0
e 13 15 0
e 14 15 0
e 14 23 0
e 14 21 0
e 14 19 0
e 14 17 0
e 14 22 0
e 15 23 0
e 15 21 0
e 15 19 0
e 15 17 0
e 15 22 0
e 16 20 0
