t 24 79
v 0 17 3
v 1 20 14
v 2 33 4
v 3 35 5
v 4 26 5
v 5 16 2
v 6 11 11
v 7 22 5
v 8 32 5
v 9 9 5
v 10 39 15
v 11 39 4
v 12 7 5
v 13 6 2
v 14 39 4
v 15 29 6
v 16 35 4
v 17 9 12
v 18 13 6
v 19 36 6
v 20 22 13
v 21 21 2
v 22 4 14
v 23 31 6
e 0 1 0
e 0 10 0
e 0 22 0
e 1 9 0
e 1 17 0
e 1 11 0
e 1 8 0
e 1 21 0
e 1 5 0
e 1 7 0
e 1 19 0
e 1 15 0
e 1 14 0
e 1 18 0
e 1 12 0
e 1 22 0
e 2 23 0
e 2 6 0
e 2 10 0
e 2 22 0
e 3 6 0
e 3 10 0
e 3 17 0
e 3 20 0
e 3 22 0
e 4 18 0
e 4 9 0
e 4 6 0
e 4 10 0
e 4 22 0
e 5 20 0
e 6 13 0
e 6 23 0
e 6 7 0
e 6 9 0
e 6 18 0
e 6 12 0
e 6 10 0
e 6 20 0
e 7 10 0
e 7 17 0
e 7 20 0
e 8 9 0
e 8 17 0
e 8 20 0
e 8 22 0
e 9 22 0
e 10 17 0
e 10 11 0
e 10 23 0
e 10 14 0
e 10 21 0
e 10 19 0
e 10 15 0
e 10 18 0
e 10 20 0
e 11 15 0
e 11 17 0
e 12 17 0
e 12 20 0
e 12 22 0
e 13 20 0
e 14 20 0
e 14 22 0
e 15 16 0
e 15 17 0
e 15 22 0
e 16 19 0
e 16 17 0
e 16 22 0
e 17 23 0
e 17 19 0
e 17 18 0
e 18 20 0
e 19 20 0
e 19 22 0
e 20 23 0
e 20 22 0
e 22 23 0
