t 24 35
v 0 15 8
v 1 21 3
v 2 25 2
v 3 30 3
v 4 13 2
v 5 36 4
v 6 29 3
v 7 32 2
v 8 31 2
v 9 30 1
v 10 6 3
v 11 31 2
v 12 38 2
v 13 23 6
v 14 22 8
v 15 20 1
v 16 32 4
v 17 19 2
v 18 7 2
v 19 23 3
v 20 24 2
v 21 37 1
v 22 36 2
v 23 2 2
e 0 16 0
e 0 18 0
e 0 6 0
e 0 10 0
e 0 2 0
e 0 3 0
e 0 14 0
e 0 5 0
e 1 10 0
e 1 13 0
e 1 14 0
e 2 14 0
e 3 7 0
e 3 14 0
e 4 12 0
e 4 22 0
e 5 6 0
e 5 13 0
e 5 14 0
e 6 14 0
e 7 13 0
e 8 23 0
e 8 20 0
e 9 16 0
e 10 13 0
e 11 13 0
e 11 14 0
e 12 23 0
e 13 16 0
e 14 16 0
e 15 17 0
e 17 20 0
e 18 19 0
e 19 21 0
e 19 22 0
