t 32 95
v 0 7 6
v 1 23 7
v 2 24 5
v 3 25 6
v 4 22 17
v 5 13 6
v 6 12 2
v 7 38 6
v 8 21 16
v 9 7 7
v 10 33 2
v 11 25 6
v 12 3 17
v 13 38 2
v 14 1 17
v 15 37 5
v 16 29 5
v 17 12 5
v 18 13 4
v 19 0 17
v 20 2 6
v 21 3 7
v 22 1 2
v 23 16 2
v 24 2 2
v 25 20 2
v 26 25 2
v 27 36 1
v 28 6 2
v 29 19 2
v 30 8 2
v 31 24 2
e 0 1 0
e 0 4 0
e 0 8 0
e 0 12 0
e 0 17 0
e 0 19 0
e 1 11 0
e 1 4 0
e 1 8 0
e 1 12 0
e 1 14 0
e 1 19 0
e 2 4 0
e 2 8 0
e 2 12 0
e 2 14 0
e 2 19 0
e 3 4 0
e 3 8 0
e 3 11 0
e 3 12 0
e 3 14 0
e 3 19 0
e 4 9 0
e 4 11 0
e 4 15 0
e 4 7 0
e 4 21 0
e 4 20 0
e 4 12 0
e 4 19 0
e 4 8 0
e 4 16 0
e 4 18 0
e 4 5 0
e 4 14 0
e 5 7 0
e 5 8 0
e 5 12 0
e 5 14 0
e 5 19 0
e 6 30 0
e 6 10 0
e 7 8 0
e 7 12 0
e 7 14 0
e 7 19 0
e 8 9 0
e 8 11 0
e 8 15 0
e 8 21 0
e 8 20 0
e 8 16 0
e 8 12 0
e 8 14 0
e 8 19 0
e 9 21 0
e 9 20 0
e 9 12 0
e 9 14 0
e 9 19 0
e 10 13 0
e 11 14 0
e 11 19 0
e 12 17 0
e 12 15 0
e 12 21 0
e 12 20 0
e 12 19 0
e 12 16 0
e 12 18 0
e 12 14 0
e 13 25 0
e 14 17 0
e 14 15 0
e 14 21 0
e 14 20 0
e 14 19 0
e 14 16 0
e 14 18 0
e 15 19 0
e 16 19 0
e 17 20 0
e 17 19 0
e 18 19 0
e 19 21 0
e 21 22 0
e 22 23 0
e 23 24 0
e 24 26 0
e 25 29 0
e 26 28 0
e 27 31 0
e 28 29 0
e 30 31 0
