t 24 71
v 0 1 10
v 1 35 6
v 2 18 8
v 3 6 1
v 4 26 11
v 5 2 5
v 6 12 5
v 7 23 5
v 8 24 1
v 9 34 12
v 10 1 7
v 11 32 13
v 12 15 1
v 13 30 6
v 14 8 13
v 15 29 1
v 16 39 5
v 17 28 4
v 18 14 7
v 19 12 10
v 20 6 1
v 21 20 1
v 22 27 2
v 23 15 7
e 0 7 0
e 0 11 0
e 0 14 0
e 0 19 0
e 0 1 0
e 0 2 0
e 0 10 0
e 0 18 0
e 0 23 0
e 0 13 0
e 1 4 0
e 1 9 0
e 1 11 0
e 1 14 0
e 1 17 0
e 2 8 0
e 2 4 0
e 2 9 0
e 2 11 0
e 2 14 0
e 2 17 0
e 2 19 0
e 3 18 0
e 4 16 0
e 4 5 0
e 4 6 0
e 4 18 0
e 4 23 0
e 4 13 0
e 4 9 0
e 4 11 0
e 4 14 0
e 5 11 0
e 5 14 0
e 5 19 0
e 5 22 0
e 6 9 0
e 6 11 0
e 6 14 0
e 6 19 0
e 7 15 0
e 7 9 0
e 7 19 0
e 7 22 0
e 9 16 0
e 9 10 0
e 9 18 0
e 9 23 0
e 9 11 0
e 9 14 0
e 9 19 0
e 10 21 0
e 10 11 0
e 10 14 0
e 10 17 0
e 10 19 0
e 11 16 0
e 11 14 0
e 11 18 0
e 11 23 0
e 11 13 0
e 12 13 0
e 13 14 0
e 13 17 0
e 14 16 0
e 14 18 0
e 14 23 0
e 16 19 0
e 18 19 0
e 19 23 0
e 20 23 0
