t 32 52
v 0 6 2
v 1 31 2
v 2 28 2
v 3 9 2
v 4 27 2
v 5 0 2
v 6 20 5
v 7 39 9
v 8 3 2
v 9 7 4
v 10 29 9
v 11 4 2
v 12 8 4
v 13 5 2
v 14 23 8
v 15 8 4
v 16 36 9
v 17 33 2
v 18 31 4
v 19 21 2
v 20 36 5
v 21 37 1
v 22 19 2
v 23 13 2
v 24 39 2
v 25 38 2
v 26 30 2
v 27 38 2
v 28 5 2
v 29 13 2
v 30 1 2
v 31 1 2
e 0 5 0
e 0 1 0
e 1 2 0
e 2 3 0
e 3 6 0
e 4 21 0
e 4 29 0
e 5 8 0
e 6 7 0
e 6 10 0
e 6 14 0
e 6 16 0
e 7 12 0
e 7 18 0
e 7 15 0
e 7 9 0
e 7 20 0
e 7 10 0
e 7 14 0
e 7 16 0
e 8 19 0
e 9 10 0
e 9 14 0
e 9 16 0
e 10 12 0
e 10 11 0
e 10 18 0
e 10 15 0
e 10 20 0
e 10 16 0
e 11 14 0
e 12 16 0
e 12 20 0
e 13 19 0
e 13 22 0
e 14 16 0
e 14 18 0
e 14 15 0
e 14 20 0
e 15 16 0
e 16 18 0
e 16 20 0
e 17 23 0
e 17 30 0
e 22 24 0
e 23 28 0
e 24 25 0
e 25 26 0
e 26 27 0
e 27 28 0
e 29 31 0
e 30 31 0
