t 32 73
v 0 16 1
v 1 22 7
v 2 30 4
v 3 32 5
v 4 2 15
v 5 34 1
v 6 15 4
v 7 32 2
v 8 0 6
v 9 15 6
v 10 6 12
v 11 7 2
v 12 13 4
v 13 31 4
v 14 8 3
v 15 36 4
v 16 34 1
v 17 18 2
v 18 26 11
v 19 33 3
v 20 38 7
v 21 0 2
v 22 20 2
v 23 16 4
v 24 6 2
v 25 2 4
v 26 23 5
v 27 15 4
v 28 23 14
v 29 15 2
v 30 39 1
v 31 8 2
e 0 2 0
e 1 20 0
e 1 12 0
e 1 11 0
e 1 4 0
e 1 10 0
e 1 18 0
e 1 28 0
e 2 4 0
e 2 10 0
e 2 28 0
e 3 20 0
e 3 16 0
e 3 4 0
e 3 18 0
e 3 28 0
e 4 23 0
e 4 13 0
e 4 21 0
e 4 12 0
e 4 20 0
e 4 15 0
e 4 8 0
e 4 25 0
e 4 26 0
e 4 27 0
e 4 18 0
e 4 28 0
e 5 27 0
e 6 7 0
e 6 10 0
e 6 18 0
e 6 20 0
e 7 8 0
e 8 10 0
e 8 18 0
e 8 22 0
e 8 28 0
e 9 14 0
e 9 31 0
e 9 24 0
e 9 19 0
e 9 17 0
e 9 29 0
e 10 13 0
e 10 21 0
e 10 12 0
e 10 20 0
e 10 15 0
e 10 26 0
e 10 18 0
e 10 28 0
e 11 18 0
e 12 18 0
e 13 18 0
e 13 28 0
e 14 24 0
e 14 30 0
e 15 22 0
e 15 28 0
e 17 19 0
e 18 23 0
e 18 20 0
e 19 31 0
e 20 28 0
e 23 25 0
e 23 28 0
e 25 26 0
e 25 28 0
e 26 27 0
e 26 28 0
e 27 28 0
e 28 29 0
