t 40 68
v 0 1 4
v 1 7 2
v 2 17 3
v 3 13 2
v 4 20 11
v 5 39 14
v 6 26 6
v 7 30 2
v 8 3 1
v 9 0 2
v 10 8 7
v 11 28 2
v 12 21 1
v 13 4 2
v 14 7 2
v 15 28 2
v 16 15 2
v 17 11 2
v 18 33 8
v 19 11 8
v 20 5 6
v 21 32 3
v 22 27 6
v 23 32 2
v 24 1 5
v 25 20 2
v 26 10 2
v 27 27 2
v 28 37 3
v 29 22 2
v 30 28 2
v 31 24 2
v 32 26 2
v 33 0 2
v 34 12 1
v 35 33 2
v 36 23 2
v 37 21 2
v 38 0 2
v 39 23 3
e 0 32 0
e 0 1 0
e 0 15 0
e 0 28 0
e 1 38 0
e 2 4 0
e 2 5 0
e 2 22 0
e 3 13 0
e 3 27 0
e 4 21 0
e 4 20 0
e 4 39 0
e 4 30 0
e 4 18 0
e 4 24 0
e 4 19 0
e 4 6 0
e 4 5 0
e 4 22 0
e 5 7 0
e 5 23 0
e 5 21 0
e 5 8 0
e 5 10 0
e 5 39 0
e 5 20 0
e 5 18 0
e 5 24 0
e 5 19 0
e 5 6 0
e 5 22 0
e 6 39 0
e 6 10 0
e 6 18 0
e 6 19 0
e 7 23 0
e 9 11 0
e 9 15 0
e 10 20 0
e 10 18 0
e 10 19 0
e 10 24 0
e 10 22 0
e 11 12 0
e 13 31 0
e 14 16 0
e 14 34 0
e 16 35 0
e 17 38 0
e 17 29 0
e 18 20 0
e 18 19 0
e 18 24 0
e 18 22 0
e 19 20 0
e 19 24 0
e 19 22 0
e 20 21 0
e 25 26 0
e 25 30 0
e 26 27 0
e 28 32 0
e 28 31 0
e 29 37 0
e 33 35 0
e 33 36 0
e 36 37 0
