t 32 33
v 0 22 2
v 1 17 2
v 2 27 4
v 3 3 2
v 4 31 3
v 5 32 2
v 6 11 2
v 7 17 2
v 8 32 2
v 9 1 2
v 10 34 3
v 11 13 2
v 12 27 2
v 13 7 2
v 14 32 2
v 15 16 2
v 16 23 2
v 17 15 2
v 18 28 2
v 19 36 2
v 20 16 2
v 21 36 1
v 22 21 2
v 23 35 2
v 24 9 2
v 25 3 2
v 26 13 2
v 27 33 2
v 28 24 2
v 29 18 1
v 30 13 2
v 31 31 2
e 0 5 0
e 0 2 0
e 1 24 0
e 1 26 0
e 2 4 0
e 2 10 0
e 2 25 0
e 3 22 0
e 3 23 0
e 4 14 0
e 4 10 0
e 5 8 0
e 6 31 0
e 6 27 0
e 7 14 0
e 7 9 0
e 8 23 0
e 9 26 0
e 10 25 0
e 11 29 0
e 11 13 0
e 12 28 0
e 12 13 0
e 15 19 0
e 15 18 0
e 16 30 0
e 16 20 0
e 17 27 0
e 17 22 0
e 18 30 0
e 19 31 0
e 20 21 0
e 24 28 0
