t 16 40
v 0 15 5
v 1 16 6
v 2 7 7
v 3 27 4
v 4 24 1
v 5 39 3
v 6 10 10
v 7 22 2
v 8 7 9
v 9 24 8
v 10 26 2
v 11 19 4
v 12 20 6
v 13 20 7
v 14 28 1
v 15 13 5
e 0 2 0
e 0 3 0
e 0 8 0
e 0 9 0
e 0 13 0
e 1 6 0
e 1 9 0
e 1 12 0
e 1 7 0
e 1 15 0
e 1 8 0
e 2 13 0
e 2 6 0
e 2 3 0
e 2 11 0
e 2 5 0
e 2 8 0
e 3 8 0
e 3 9 0
e 4 12 0
e 5 6 0
e 5 13 0
e 6 9 0
e 6 12 0
e 6 7 0
e 6 10 0
e 6 15 0
e 6 11 0
e 6 8 0
e 8 13 0
e 8 12 0
e 8 10 0
e 8 15 0
e 9 12 0
e 9 14 0
e 9 15 0
e 9 11 0
e 11 13 0
e 12 13 0
e 13 15 0
