t 16 42
v 0 27 11
v 1 6 4
v 2 14 5
v 3 20 5
v 4 16 4
v 5 26 3
v 6 10 3
v 7 11 11
v 8 7 6
v 9 0 4
v 10 30 2
v 11 24 2
v 12 28 1
v 13 12 6
v 14 15 12
v 15 25 5
e 0 4 0
e 0 13 0
e 0 9 0
e 0 8 0
e 0 2 0
e 0 5 0
e 0 1 0
e 0 3 0
e 0 6 0
e 0 15 0
e 0 14 0
e 1 7 0
e 1 14 0
e 1 15 0
e 2 4 0
e 2 7 0
e 2 8 0
e 2 14 0
e 3 15 0
e 3 7 0
e 3 8 0
e 3 14 0
e 4 7 0
e 4 14 0
e 5 7 0
e 5 14 0
e 6 7 0
e 6 14 0
e 7 13 0
e 7 9 0
e 7 8 0
e 7 15 0
e 7 14 0
e 8 13 0
e 8 14 0
e 9 13 0
e 9 14 0
e 10 11 0
e 10 12 0
e 11 13 0
e 13 14 0
e 14 15 0
