t 40 136
v 0 14 6
v 1 9 7
v 2 23 27
v 3 17 2
v 4 7 5
v 5 9 11
v 6 9 7
v 7 26 26
v 8 10 10
v 9 3 4
v 10 17 2
v 11 21 5
v 12 16 7
v 13 1 5
v 14 17 4
v 15 7 8
v 16 11 5
v 17 7 3
v 18 29 2
v 19 28 6
v 20 17 2
v 21 29 4
v 22 5 4
v 23 14 7
v 24 28 3
v 25 16 25
v 26 7 2
v 27 27 6
v 28 18 4
v 29 27 9
v 30 11 6
v 31 24 2
v 32 14 3
v 33 3 3
v 34 25 3
v 35 37 4
v 36 3 5
v 37 21 19
v 38 13 2
v 39 12 7
e 0 2 0
e 0 6 0
e 0 7 0
e 0 23 0
e 0 25 0
e 0 39 0
e 1 10 0
e 1 2 0
e 1 6 0
e 1 7 0
e 1 23 0
e 1 25 0
e 1 39 0
e 2 31 0
e 2 23 0
e 2 6 0
e 2 30 0
e 2 19 0
e 2 25 0
e 2 9 0
e 2 5 0
e 2 15 0
e 2 8 0
e 2 12 0
e 2 16 0
e 2 11 0
e 2 22 0
e 2 27 0
e 2 36 0
e 2 13 0
e 2 14 0
e 2 29 0
e 2 7 0
e 2 33 0
e 2 24 0
e 2 37 0
e 2 34 0
e 2 26 0
e 3 25 0
e 3 34 0
e 4 6 0
e 4 23 0
e 4 25 0
e 4 37 0
e 4 39 0
e 5 15 0
e 5 12 0
e 5 16 0
e 5 11 0
e 5 36 0
e 5 21 0
e 5 29 0
e 5 7 0
e 5 25 0
e 5 37 0
e 6 7 0
e 6 25 0
e 6 39 0
e 7 23 0
e 7 35 0
e 7 28 0
e 7 30 0
e 7 19 0
e 7 9 0
e 7 15 0
e 7 8 0
e 7 12 0
e 7 16 0
e 7 22 0
e 7 27 0
e 7 21 0
e 7 13 0
e 7 14 0
e 7 29 0
e 7 33 0
e 7 37 0
e 7 34 0
e 7 32 0
e 7 17 0
e 8 12 0
e 8 16 0
e 8 11 0
e 8 27 0
e 8 21 0
e 8 36 0
e 8 9 0
e 8 37 0
e 9 25 0
e 10 25 0
e 11 29 0
e 11 15 0
e 12 29 0
e 12 25 0
e 12 37 0
e 13 15 0
e 13 25 0
e 13 37 0
e 14 25 0
e 14 37 0
e 15 27 0
e 15 36 0
e 15 25 0
e 16 25 0
e 17 25 0
e 17 37 0
e 18 19 0
e 18 30 0
e 19 38 0
e 19 20 0
e 19 25 0
e 20 24 0
e 21 29 0
e 22 25 0
e 22 37 0
e 23 37 0
e 23 39 0
e 24 25 0
e 25 39 0
e 25 35 0
e 25 28 0
e 25 30 0
e 25 29 0
e 25 33 0
e 25 32 0
e 26 37 0
e 27 29 0
e 27 37 0
e 28 30 0
e 28 37 0
e 29 37 0
e 30 35 0
e 31 37 0
e 32 38 0
e 35 37 0
e 36 37 0
e 37 39 0
