t 40 112
v 0 17 4
v 1 3 2
v 2 23 3
v 3 24 4
v 4 23 1
v 5 37 3
v 6 25 16
v 7 18 2
v 8 26 3
v 9 33 13
v 10 5 4
v 11 39 3
v 12 0 5
v 13 20 2
v 14 21 3
v 15 22 3
v 16 8 12
v 17 24 6
v 18 11 22
v 19 28 4
v 20 25 3
v 21 38 2
v 22 36 2
v 23 19 2
v 24 13 4
v 25 20 6
v 26 36 1
v 27 20 20
v 28 0 6
v 29 39 24
v 30 16 5
v 31 4 5
v 32 13 4
v 33 23 2
v 34 34 1
v 35 17 4
v 36 10 3
v 37 27 6
v 38 33 6
v 39 12 3
e 0 6 0
e 0 18 0
e 0 29 0
e 0 38 0
e 1 27 0
e 1 29 0
e 2 26 0
e 2 6 0
e 2 9 0
e 3 16 0
e 3 18 0
e 3 27 0
e 3 29 0
e 4 37 0
e 5 18 0
e 5 19 0
e 5 29 0
e 6 32 0
e 6 30 0
e 6 24 0
e 6 36 0
e 6 15 0
e 6 18 0
e 6 10 0
e 6 25 0
e 6 38 0
e 6 19 0
e 6 31 0
e 6 17 0
e 6 27 0
e 6 29 0
e 7 29 0
e 7 35 0
e 8 27 0
e 8 29 0
e 8 37 0
e 9 11 0
e 9 32 0
e 9 30 0
e 9 15 0
e 9 28 0
e 9 37 0
e 9 18 0
e 9 38 0
e 9 31 0
e 9 19 0
e 9 16 0
e 9 29 0
e 10 21 0
e 10 18 0
e 10 27 0
e 11 18 0
e 11 27 0
e 12 13 0
e 12 28 0
e 12 16 0
e 12 27 0
e 12 29 0
e 13 30 0
e 14 18 0
e 14 27 0
e 14 29 0
e 15 27 0
e 16 30 0
e 16 24 0
e 16 36 0
e 16 28 0
e 16 18 0
e 16 31 0
e 16 35 0
e 16 27 0
e 16 29 0
e 17 22 0
e 17 23 0
e 17 18 0
e 17 27 0
e 17 29 0
e 18 37 0
e 18 35 0
e 18 19 0
e 18 32 0
e 18 30 0
e 18 24 0
e 18 28 0
e 18 38 0
e 18 20 0
e 18 25 0
e 18 31 0
e 18 33 0
e 20 25 0
e 20 29 0
e 21 29 0
e 22 27 0
e 23 27 0
e 24 27 0
e 25 39 0
e 25 27 0
e 25 29 0
e 27 37 0
e 27 32 0
e 27 28 0
e 27 39 0
e 27 29 0
e 28 38 0
e 29 37 0
e 29 35 0
e 29 34 0
e 29 38 0
e 29 39 0
e 29 31 0
e 29 36 0
e 29 33 0
