t 24 77
v 0 3 4
v 1 16 13
v 2 18 4
v 3 19 1
v 4 34 6
v 5 21 15
v 6 28 3
v 7 31 4
v 8 10 5
v 9 20 7
v 10 12 4
v 11 8 5
v 12 21 2
v 13 0 2
v 14 31 5
v 15 33 4
v 16 11 14
v 17 12 1
v 18 17 5
v 19 16 5
v 20 21 19
v 21 38 15
v 22 1 6
v 23 26 5
e 0 5 0
e 0 16 0
e 0 20 0
e 0 21 0
e 1 14 0
e 1 11 0
e 1 9 0
e 1 18 0
e 1 23 0
e 1 22 0
e 1 4 0
e 1 19 0
e 1 8 0
e 1 16 0
e 1 15 0
e 1 10 0
e 1 7 0
e 2 5 0
e 2 9 0
e 2 16 0
e 2 20 0
e 3 20 0
e 4 6 0
e 4 5 0
e 4 16 0
e 4 20 0
e 4 21 0
e 5 14 0
e 5 11 0
e 5 9 0
e 5 18 0
e 5 23 0
e 5 8 0
e 5 22 0
e 5 19 0
e 5 15 0
e 5 10 0
e 5 7 0
e 5 21 0
e 6 12 0
e 6 20 0
e 7 20 0
e 7 21 0
e 8 16 0
e 8 20 0
e 8 21 0
e 9 16 0
e 9 19 0
e 9 20 0
e 9 21 0
e 10 16 0
e 10 22 0
e 11 16 0
e 11 20 0
e 11 21 0
e 12 20 0
e 13 22 0
e 13 20 0
e 14 16 0
e 14 20 0
e 14 21 0
e 15 20 0
e 15 21 0
e 16 18 0
e 16 23 0
e 16 19 0
e 16 20 0
e 16 21 0
e 17 20 0
e 18 20 0
e 18 21 0
e 19 21 0
e 20 23 0
e 20 22 0
e 20 21 0
e 21 23 0
e 21 22 0
