t 40 136
v 0 33 1
v 1 26 19
v 2 23 6
v 3 33 21
v 4 0 1
v 5 1 5
v 6 21 7
v 7 0 4
v 8 17 16
v 9 30 6
v 10 27 3
v 11 28 7
v 12 37 8
v 13 21 5
v 14 37 1
v 15 32 19
v 16 15 1
v 17 26 1
v 18 37 6
v 19 25 5
v 20 21 1
v 21 37 7
v 22 35 17
v 23 31 1
v 24 17 4
v 25 27 1
v 26 26 6
v 27 2 5
v 28 35 8
v 29 22 8
v 30 25 7
v 31 33 2
v 32 4 4
v 33 15 4
v 34 33 1
v 35 17 8
v 36 34 18
v 37 36 8
v 38 7 6
v 39 9 14
e 0 2 0
e 1 8 0
e 1 22 0
e 1 15 0
e 1 38 0
e 1 2 0
e 1 11 0
e 1 28 0
e 1 12 0
e 1 26 0
e 1 5 0
e 1 31 0
e 1 7 0
e 1 19 0
e 1 30 0
e 1 9 0
e 1 29 0
e 1 13 0
e 1 3 0
e 1 36 0
e 2 3 0
e 2 8 0
e 2 10 0
e 2 15 0
e 3 33 0
e 3 39 0
e 3 36 0
e 3 8 0
e 3 22 0
e 3 21 0
e 3 37 0
e 3 11 0
e 3 28 0
e 3 18 0
e 3 12 0
e 3 32 0
e 3 27 0
e 3 31 0
e 3 7 0
e 3 19 0
e 3 30 0
e 3 9 0
e 3 29 0
e 4 13 0
e 5 6 0
e 5 8 0
e 5 22 0
e 5 39 0
e 6 37 0
e 6 11 0
e 6 28 0
e 6 18 0
e 6 30 0
e 6 38 0
e 7 24 0
e 7 15 0
e 8 37 0
e 8 11 0
e 8 28 0
e 8 18 0
e 8 12 0
e 8 27 0
e 8 9 0
e 8 22 0
e 8 35 0
e 8 38 0
e 8 36 0
e 8 39 0
e 9 20 0
e 9 29 0
e 9 36 0
e 10 27 0
e 10 35 0
e 11 14 0
e 11 15 0
e 11 22 0
e 12 15 0
e 12 22 0
e 12 26 0
e 12 36 0
e 12 39 0
e 13 15 0
e 13 22 0
e 13 36 0
e 15 38 0
e 15 21 0
e 15 37 0
e 15 18 0
e 15 32 0
e 15 26 0
e 15 19 0
e 15 30 0
e 15 35 0
e 15 29 0
e 15 22 0
e 15 36 0
e 15 39 0
e 16 21 0
e 17 27 0
e 18 24 0
e 18 39 0
e 19 22 0
e 19 36 0
e 21 26 0
e 21 22 0
e 21 29 0
e 21 39 0
e 22 33 0
e 22 28 0
e 22 30 0
e 22 35 0
e 22 29 0
e 22 38 0
e 22 36 0
e 23 37 0
e 24 37 0
e 24 28 0
e 25 35 0
e 26 36 0
e 26 39 0
e 27 36 0
e 28 36 0
e 28 39 0
e 29 36 0
e 29 39 0
e 30 36 0
e 30 39 0
e 32 35 0
e 32 36 0
e 33 34 0
e 33 39 0
e 35 36 0
e 35 39 0
e 36 37 0
e 36 38 0
e 37 39 0
