t 32 35
v 0 22 2
v 1 12 2
v 2 10 2
v 3 17 2
v 4 7 2
v 5 24 2
v 6 24 2
v 7 21 2
v 8 19 2
v 9 6 2
v 10 7 2
v 11 9 2
v 12 21 2
v 13 14 2
v 14 31 4
v 15 9 2
v 16 23 2
v 17 32 1
v 18 5 2
v 19 35 2
v 20 32 2
v 21 2 2
v 22 1 2
v 23 20 2
v 24 26 5
v 25 15 2
v 26 16 2
v 27 3 3
v 28 13 4
v 29 28 2
v 30 15 2
v 31 6 1
e 0 2 0
e 0 6 0
e 1 23 0
e 1 25 0
e 2 3 0
e 3 11 0
e 4 9 0
e 4 18 0
e 5 15 0
e 5 19 0
e 6 19 0
e 7 11 0
e 7 12 0
e 8 21 0
e 8 15 0
e 9 17 0
e 10 14 0
e 10 26 0
e 12 20 0
e 13 21 0
e 13 23 0
e 14 27 0
e 14 24 0
e 14 28 0
e 16 25 0
e 16 26 0
e 18 20 0
e 22 24 0
e 22 28 0
e 24 27 0
e 24 28 0
e 24 29 0
e 27 28 0
e 29 30 0
e 30 31 0
