t 24 102
v 0 38 8
v 1 11 13
v 2 37 11
v 3 30 3
v 4 38 14
v 5 20 5
v 6 31 11
v 7 16 7
v 8 26 6
v 9 23 6
v 10 35 4
v 11 26 12
v 12 1 7
v 13 7 3
v 14 8 18
v 15 32 2
v 16 24 13
v 17 5 9
v 18 14 6
v 19 4 17
v 20 23 5
v 21 23 14
v 22 22 5
v 23 3 5
e 0 1 0
e 0 2 0
e 0 4 0
e 0 7 0
e 0 11 0
e 0 14 0
e 0 16 0
e 0 21 0
e 1 11 0
e 1 4 0
e 1 17 0
e 1 16 0
e 1 22 0
e 1 15 0
e 1 20 0
e 1 21 0
e 1 8 0
e 1 10 0
e 1 14 0
e 1 9 0
e 2 11 0
e 2 9 0
e 2 17 0
e 2 22 0
e 2 7 0
e 2 4 0
e 2 6 0
e 2 14 0
e 2 16 0
e 2 21 0
e 3 4 0
e 3 14 0
e 3 19 0
e 4 18 0
e 4 17 0
e 4 20 0
e 4 16 0
e 4 8 0
e 4 10 0
e 4 13 0
e 4 9 0
e 4 14 0
e 4 19 0
e 5 6 0
e 5 11 0
e 5 16 0
e 5 19 0
e 5 21 0
e 6 11 0
e 6 7 0
e 6 18 0
e 6 23 0
e 6 21 0
e 6 17 0
e 6 12 0
e 6 16 0
e 6 19 0
e 7 11 0
e 7 9 0
e 7 14 0
e 7 21 0
e 8 12 0
e 8 14 0
e 8 19 0
e 8 21 0
e 9 11 0
e 9 19 0
e 10 14 0
e 10 19 0
e 11 22 0
e 11 14 0
e 11 16 0
e 11 19 0
e 11 21 0
e 12 16 0
e 12 23 0
e 12 14 0
e 12 19 0
e 12 21 0
e 13 14 0
e 13 19 0
e 14 18 0
e 14 17 0
e 14 22 0
e 14 20 0
e 14 21 0
e 14 16 0
e 14 19 0
e 15 19 0
e 16 17 0
e 16 19 0
e 16 21 0
e 16 23 0
e 17 18 0
e 17 19 0
e 17 23 0
e 18 19 0
e 18 21 0
e 19 22 0
e 19 20 0
e 20 21 0
e 21 23 0
