t 40 84
v 0 11 4
v 1 22 1
v 2 10 4
v 3 7 1
v 4 16 3
v 5 18 20
v 6 17 1
v 7 17 4
v 8 0 13
v 9 33 5
v 10 0 1
v 11 39 5
v 12 19 3
v 13 36 6
v 14 19 1
v 15 37 1
v 16 25 5
v 17 3 3
v 18 2 11
v 19 32 1
v 20 24 2
v 21 20 16
v 22 4 1
v 23 29 4
v 24 30 1
v 25 22 5
v 26 12 2
v 27 13 4
v 28 8 3
v 29 18 1
v 30 8 8
v 31 1 4
v 32 39 5
v 33 19 1
v 34 5 5
v 35 30 4
v 36 18 3
v 37 5 1
v 38 6 4
v 39 16 1
e 0 10 0
e 0 5 0
e 0 18 0
e 0 21 0
e 1 2 0
e 2 5 0
e 2 18 0
e 2 21 0
e 3 11 0
e 4 7 0
e 4 5 0
e 4 18 0
e 5 17 0
e 5 13 0
e 5 23 0
e 5 34 0
e 5 12 0
e 5 38 0
e 5 16 0
e 5 11 0
e 5 28 0
e 5 9 0
e 5 32 0
e 5 31 0
e 5 25 0
e 5 30 0
e 5 27 0
e 5 26 0
e 5 8 0
e 6 16 0
e 7 14 0
e 7 8 0
e 7 21 0
e 8 11 0
e 8 34 0
e 8 13 0
e 8 35 0
e 8 23 0
e 8 12 0
e 8 30 0
e 8 9 0
e 8 38 0
e 8 27 0
e 8 36 0
e 9 16 0
e 9 18 0
e 9 21 0
e 11 29 0
e 11 18 0
e 12 21 0
e 13 20 0
e 13 15 0
e 13 18 0
e 13 21 0
e 16 18 0
e 16 21 0
e 17 34 0
e 17 21 0
e 18 35 0
e 18 23 0
e 18 31 0
e 18 30 0
e 19 25 0
e 20 35 0
e 21 34 0
e 21 35 0
e 21 28 0
e 21 30 0
e 21 32 0
e 21 25 0
e 21 38 0
e 21 36 0
e 22 30 0
e 23 34 0
e 24 31 0
e 25 30 0
e 25 32 0
e 26 27 0
e 27 28 0
e 30 31 0
e 30 32 0
e 32 33 0
e 36 39 0
e 37 38 0
