t 40 95
v 0 38 5
v 1 1 7
v 2 13 4
v 3 35 4
v 4 0 3
v 5 37 4
v 6 10 6
v 7 36 3
v 8 32 3
v 9 11 5
v 10 14 4
v 11 15 4
v 12 26 4
v 13 37 3
v 14 16 2
v 15 14 5
v 16 31 2
v 17 7 3
v 18 15 5
v 19 1 3
v 20 27 4
v 21 15 3
v 22 11 3
v 23 28 4
v 24 36 3
v 25 9 3
v 26 4 3
v 27 38 3
v 28 29 2
v 29 26 4
v 30 35 3
v 31 2 5
v 32 39 9
v 33 15 4
v 34 23 5
v 35 33 13
v 36 17 5
v 37 12 32
v 38 20 1
v 39 17 2
e 0 2 0
e 0 8 0
e 0 32 0
e 0 35 0
e 0 37 0
e 1 10 0
e 1 12 0
e 1 5 0
e 1 25 0
e 1 30 0
e 1 2 0
e 1 37 0
e 2 8 0
e 2 37 0
e 3 30 0
e 3 32 0
e 3 35 0
e 3 37 0
e 4 9 0
e 4 19 0
e 4 37 0
e 5 13 0
e 5 14 0
e 5 18 0
e 6 24 0
e 6 29 0
e 6 31 0
e 6 32 0
e 6 35 0
e 6 37 0
e 7 19 0
e 7 20 0
e 7 37 0
e 8 37 0
e 9 21 0
e 9 32 0
e 9 35 0
e 9 37 0
e 10 13 0
e 10 15 0
e 10 18 0
e 11 28 0
e 11 22 0
e 11 35 0
e 11 37 0
e 12 13 0
e 12 18 0
e 12 37 0
e 14 16 0
e 15 27 0
e 15 32 0
e 15 35 0
e 15 37 0
e 16 37 0
e 17 34 0
e 17 36 0
e 17 37 0
e 18 25 0
e 18 37 0
e 19 37 0
e 20 32 0
e 20 35 0
e 20 37 0
e 21 26 0
e 21 35 0
e 22 26 0
e 22 35 0
e 23 29 0
e 23 39 0
e 23 27 0
e 23 37 0
e 24 31 0
e 24 37 0
e 25 37 0
e 26 37 0
e 27 37 0
e 28 37 0
e 29 31 0
e 29 37 0
e 30 37 0
e 31 33 0
e 31 37 0
e 32 34 0
e 32 33 0
e 32 37 0
e 33 35 0
e 33 37 0
e 34 35 0
e 34 36 0
e 34 37 0
e 35 36 0
e 35 37 0
e 36 38 0
e 36 37 0
e 37 39 0
