t 40 106
v 0 8 4
v 1 11 2
v 2 37 2
v 3 37 7
v 4 27 2
v 5 0 2
v 6 16 3
v 7 1 4
v 8 33 8
v 9 28 4
v 10 17 5
v 11 36 4
v 12 6 14
v 13 7 2
v 14 17 4
v 15 23 3
v 16 33 3
v 17 37 5
v 18 24 14
v 19 32 4
v 20 5 6
v 21 10 5
v 22 5 4
v 23 21 4
v 24 10 5
v 25 26 4
v 26 7 3
v 27 36 11
v 28 32 4
v 29 39 2
v 30 33 23
v 31 32 4
v 32 3 9
v 33 26 1
v 34 15 4
v 35 39 7
v 36 1 3
v 37 21 4
v 38 18 1
v 39 9 12
e 0 6 0
e 0 30 0
e 0 33 0
e 0 39 0
e 1 8 0
e 1 12 0
e 2 3 0
e 2 30 0
e 3 4 0
e 3 29 0
e 3 7 0
e 3 20 0
e 3 30 0
e 3 39 0
e 4 20 0
e 5 9 0
e 5 30 0
e 6 37 0
e 6 39 0
e 7 20 0
e 7 30 0
e 7 39 0
e 8 32 0
e 8 10 0
e 8 34 0
e 8 12 0
e 8 16 0
e 8 18 0
e 8 30 0
e 9 26 0
e 9 30 0
e 9 39 0
e 10 18 0
e 10 27 0
e 10 30 0
e 10 32 0
e 11 12 0
e 11 18 0
e 11 19 0
e 11 22 0
e 12 25 0
e 12 27 0
e 12 28 0
e 12 35 0
e 12 23 0
e 12 32 0
e 12 14 0
e 12 24 0
e 12 21 0
e 12 17 0
e 12 30 0
e 13 32 0
e 13 35 0
e 14 16 0
e 14 18 0
e 14 30 0
e 15 20 0
e 15 30 0
e 15 39 0
e 16 23 0
e 17 31 0
e 17 18 0
e 17 19 0
e 17 30 0
e 18 25 0
e 18 27 0
e 18 28 0
e 18 35 0
e 18 32 0
e 18 24 0
e 18 21 0
e 18 34 0
e 18 31 0
e 19 35 0
e 19 21 0
e 20 30 0
e 20 39 0
e 21 22 0
e 21 30 0
e 22 35 0
e 22 32 0
e 23 27 0
e 23 30 0
e 24 31 0
e 24 25 0
e 24 27 0
e 25 27 0
e 26 30 0
e 26 39 0
e 27 28 0
e 27 35 0
e 27 32 0
e 27 34 0
e 27 30 0
e 28 30 0
e 29 39 0
e 30 37 0
e 30 35 0
e 30 32 0
e 30 31 0
e 30 36 0
e 32 34 0
e 36 37 0
e 36 39 0
e 37 39 0
e 38 39 0
