t 32 91
v 0 29 5
v 1 39 1
v 2 22 1
v 3 27 6
v 4 33 16
v 5 6 5
v 6 19 1
v 7 14 6
v 8 21 5
v 9 30 4
v 10 39 4
v 11 8 11
v 12 12 13
v 13 4 6
v 14 6 1
v 15 14 6
v 16 28 5
v 17 39 5
v 18 22 4
v 19 19 5
v 20 29 9
v 21 29 1
v 22 32 13
v 23 38 1
v 24 20 4
v 25 5 7
v 26 19 1
v 27 1 14
v 28 33 7
v 29 16 1
v 30 23 6
v 31 7 8
e 0 23 0
e 0 3 0
e 0 4 0
e 0 20 0
e 0 27 0
e 1 19 0
e 2 31 0
e 3 31 0
e 3 15 0
e 3 30 0
e 3 18 0
e 3 24 0
e 4 31 0
e 4 19 0
e 4 10 0
e 4 13 0
e 4 15 0
e 4 7 0
e 4 25 0
e 4 30 0
e 4 9 0
e 4 28 0
e 4 18 0
e 4 24 0
e 4 11 0
e 4 22 0
e 4 27 0
e 5 8 0
e 5 11 0
e 5 12 0
e 5 22 0
e 5 27 0
e 6 7 0
e 7 12 0
e 7 20 0
e 7 22 0
e 7 27 0
e 8 13 0
e 8 17 0
e 8 25 0
e 8 9 0
e 9 12 0
e 9 20 0
e 10 16 0
e 10 20 0
e 10 22 0
e 11 19 0
e 11 31 0
e 11 13 0
e 11 17 0
e 11 25 0
e 11 12 0
e 11 15 0
e 11 28 0
e 11 20 0
e 12 31 0
e 12 17 0
e 12 25 0
e 12 30 0
e 12 28 0
e 12 24 0
e 12 20 0
e 12 22 0
e 12 27 0
e 13 20 0
e 13 22 0
e 13 27 0
e 14 15 0
e 15 16 0
e 15 22 0
e 16 30 0
e 16 28 0
e 16 18 0
e 17 22 0
e 17 27 0
e 18 27 0
e 19 21 0
e 19 27 0
e 20 31 0
e 20 25 0
e 22 31 0
e 22 25 0
e 22 30 0
e 22 28 0
e 22 27 0
e 24 27 0
e 25 26 0
e 27 31 0
e 27 30 0
e 27 28 0
e 28 29 0
