t 40 69
v 0 6 2
v 1 5 2
v 2 38 3
v 3 22 3
v 4 12 3
v 5 30 3
v 6 20 1
v 7 27 3
v 8 10 3
v 9 19 3
v 10 20 2
v 11 17 23
v 12 6 3
v 13 14 3
v 14 2 2
v 15 5 2
v 16 33 3
v 17 14 5
v 18 34 3
v 19 10 13
v 20 4 1
v 21 30 2
v 22 34 2
v 23 6 3
v 24 38 3
v 25 14 4
v 26 3 2
v 27 3 3
v 28 25 3
v 29 6 2
v 30 27 4
v 31 30 3
v 32 38 3
v 33 4 2
v 34 35 3
v 35 15 3
v 36 38 3
v 37 34 2
v 38 14 3
v 39 34 2
e 0 1 0
e 0 19 0
e 1 19 0
e 2 26 0
e 2 11 0
e 2 23 0
e 3 21 0
e 3 4 0
e 3 11 0
e 4 14 0
e 4 11 0
e 5 34 0
e 5 16 0
e 5 11 0
e 6 10 0
e 7 20 0
e 7 9 0
e 7 19 0
e 8 12 0
e 8 11 0
e 8 14 0
e 9 11 0
e 9 19 0
e 10 21 0
e 11 12 0
e 11 29 0
e 11 23 0
e 11 32 0
e 11 16 0
e 11 25 0
e 11 17 0
e 11 34 0
e 11 13 0
e 11 24 0
e 11 28 0
e 11 18 0
e 11 31 0
e 11 36 0
e 11 27 0
e 11 30 0
e 11 19 0
e 12 22 0
e 13 22 0
e 13 34 0
e 15 16 0
e 15 18 0
e 17 19 0
e 17 25 0
e 17 30 0
e 17 32 0
e 18 36 0
e 19 25 0
e 19 39 0
e 19 33 0
e 19 38 0
e 19 35 0
e 19 32 0
e 19 30 0
e 23 28 0
e 24 37 0
e 24 36 0
e 25 30 0
e 26 31 0
e 27 29 0
e 27 31 0
e 28 37 0
e 33 35 0
e 35 38 0
e 38 39 0
