t 40 161
v 0 14 2
v 1 0 3
v 2 15 1
v 3 13 7
v 4 21 17
v 5 27 5
v 6 34 6
v 7 16 17
v 8 6 3
v 9 4 3
v 10 4 7
v 11 10 2
v 12 25 10
v 13 14 12
v 14 37 5
v 15 23 6
v 16 21 29
v 17 22 17
v 18 36 6
v 19 11 20
v 20 34 2
v 21 38 16
v 22 0 19
v 23 38 9
v 24 29 6
v 25 0 8
v 26 29 3
v 27 22 2
v 28 7 7
v 29 3 7
v 30 11 8
v 31 18 18
v 32 23 9
v 33 36 1
v 34 13 11
v 35 38 5
v 36 17 1
v 37 24 4
v 38 35 2
v 39 35 6
e 0 16 0
e 0 38 0
e 1 16 0
e 1 22 0
e 1 26 0
e 2 16 0
e 3 4 0
e 3 13 0
e 3 19 0
e 3 21 0
e 3 22 0
e 3 30 0
e 3 31 0
e 4 12 0
e 4 28 0
e 4 6 0
e 4 5 0
e 4 25 0
e 4 34 0
e 4 10 0
e 4 23 0
e 4 39 0
e 4 29 0
e 4 18 0
e 4 24 0
e 4 32 0
e 4 16 0
e 4 21 0
e 4 31 0
e 5 7 0
e 5 16 0
e 5 22 0
e 5 31 0
e 6 7 0
e 6 13 0
e 6 16 0
e 6 17 0
e 6 21 0
e 7 12 0
e 7 28 0
e 7 25 0
e 7 34 0
e 7 23 0
e 7 29 0
e 7 14 0
e 7 39 0
e 7 18 0
e 7 19 0
e 7 32 0
e 7 13 0
e 7 17 0
e 7 22 0
e 7 31 0
e 8 16 0
e 8 22 0
e 8 26 0
e 9 12 0
e 9 22 0
e 9 38 0
e 10 13 0
e 10 17 0
e 10 19 0
e 10 21 0
e 10 22 0
e 10 31 0
e 11 16 0
e 11 22 0
e 12 39 0
e 12 13 0
e 12 16 0
e 12 17 0
e 12 19 0
e 12 21 0
e 12 31 0
e 13 28 0
e 13 25 0
e 13 34 0
e 13 30 0
e 13 21 0
e 13 19 0
e 13 32 0
e 14 16 0
e 14 17 0
e 14 19 0
e 14 31 0
e 15 16 0
e 15 17 0
e 15 19 0
e 15 21 0
e 15 22 0
e 15 31 0
e 16 18 0
e 16 24 0
e 16 26 0
e 16 37 0
e 16 29 0
e 16 32 0
e 16 23 0
e 16 31 0
e 16 21 0
e 16 19 0
e 16 22 0
e 16 28 0
e 16 27 0
e 16 25 0
e 16 34 0
e 16 30 0
e 16 35 0
e 16 36 0
e 17 28 0
e 17 34 0
e 17 23 0
e 17 30 0
e 17 39 0
e 17 29 0
e 17 18 0
e 17 19 0
e 17 24 0
e 17 32 0
e 17 22 0
e 18 19 0
e 18 22 0
e 19 24 0
e 19 29 0
e 19 32 0
e 19 23 0
e 19 25 0
e 19 34 0
e 19 30 0
e 19 39 0
e 19 35 0
e 19 31 0
e 20 37 0
e 20 35 0
e 21 25 0
e 21 34 0
e 21 23 0
e 21 29 0
e 21 39 0
e 21 32 0
e 21 22 0
e 21 31 0
e 22 24 0
e 22 32 0
e 22 31 0
e 22 25 0
e 22 34 0
e 22 30 0
e 23 34 0
e 23 37 0
e 23 31 0
e 24 31 0
e 25 31 0
e 27 35 0
e 28 34 0
e 28 31 0
e 29 32 0
e 30 31 0
e 30 33 0
e 31 34 0
e 35 37 0
