t 40 145
v 0 12 7
v 1 18 8
v 2 13 15
v 3 39 26
v 4 4 5
v 5 11 9
v 6 21 2
v 7 1 26
v 8 21 3
v 9 25 4
v 10 27 3
v 11 17 10
v 12 7 4
v 13 13 7
v 14 12 4
v 15 31 7
v 16 22 7
v 17 11 1
v 18 24 4
v 19 10 7
v 20 1 5
v 21 6 4
v 22 30 2
v 23 28 6
v 24 5 18
v 25 5 7
v 26 7 5
v 27 13 11
v 28 20 6
v 29 17 2
v 30 25 6
v 31 10 3
v 32 23 4
v 33 8 4
v 34 5 6
v 35 25 5
v 36 1 8
v 37 16 18
v 38 34 4
v 39 31 7
e 0 2 0
e 0 3 0
e 0 5 0
e 0 7 0
e 0 20 0
e 0 24 0
e 0 37 0
e 1 2 0
e 1 3 0
e 1 7 0
e 1 18 0
e 1 24 0
e 1 27 0
e 1 37 0
e 1 39 0
e 2 11 0
e 2 25 0
e 2 23 0
e 2 30 0
e 2 19 0
e 2 13 0
e 2 16 0
e 2 27 0
e 2 39 0
e 2 28 0
e 2 37 0
e 2 24 0
e 2 15 0
e 3 11 0
e 3 20 0
e 3 23 0
e 3 21 0
e 3 30 0
e 3 28 0
e 3 15 0
e 3 26 0
e 3 37 0
e 3 24 0
e 3 12 0
e 3 25 0
e 3 16 0
e 3 19 0
e 3 13 0
e 3 27 0
e 3 39 0
e 3 22 0
e 3 5 0
e 3 32 0
e 3 18 0
e 3 33 0
e 3 7 0
e 3 34 0
e 4 10 0
e 4 35 0
e 4 14 0
e 4 8 0
e 4 36 0
e 5 11 0
e 5 25 0
e 5 16 0
e 5 13 0
e 5 7 0
e 5 24 0
e 5 37 0
e 6 18 0
e 6 36 0
e 7 11 0
e 7 9 0
e 7 20 0
e 7 23 0
e 7 30 0
e 7 21 0
e 7 28 0
e 7 15 0
e 7 26 0
e 7 37 0
e 7 24 0
e 7 12 0
e 7 25 0
e 7 16 0
e 7 19 0
e 7 13 0
e 7 27 0
e 7 22 0
e 7 32 0
e 7 18 0
e 7 33 0
e 7 34 0
e 8 35 0
e 8 36 0
e 9 17 0
e 9 12 0
e 9 20 0
e 10 35 0
e 10 36 0
e 11 25 0
e 11 16 0
e 11 19 0
e 11 13 0
e 11 24 0
e 11 37 0
e 12 20 0
e 13 24 0
e 13 37 0
e 14 31 0
e 14 35 0
e 14 36 0
e 15 24 0
e 15 27 0
e 15 37 0
e 15 39 0
e 16 24 0
e 16 37 0
e 19 21 0
e 19 24 0
e 19 37 0
e 21 32 0
e 23 24 0
e 23 27 0
e 23 37 0
e 24 25 0
e 24 30 0
e 24 27 0
e 24 39 0
e 24 28 0
e 24 37 0
e 25 37 0
e 26 29 0
e 26 34 0
e 26 38 0
e 27 30 0
e 27 39 0
e 27 28 0
e 27 37 0
e 28 37 0
e 29 32 0
e 30 37 0
e 31 34 0
e 31 36 0
e 33 34 0
e 33 38 0
e 34 38 0
e 35 36 0
e 36 38 0
e 37 39 0
