t 24 39
v 0 33 4
v 1 39 1
v 2 5 4
v 3 34 3
v 4 5 2
v 5 32 3
v 6 22 4
v 7 25 2
v 8 39 13
v 9 7 2
v 10 23 1
v 11 1 2
v 12 7 1
v 13 20 4
v 14 9 1
v 15 23 2
v 16 29 2
v 17 5 2
v 18 30 3
v 19 11 5
v 20 5 2
v 21 20 11
v 22 8 2
v 23 39 2
e 0 6 0
e 0 8 0
e 0 19 0
e 0 21 0
e 1 21 0
e 2 5 0
e 2 6 0
e 2 8 0
e 2 19 0
e 3 8 0
e 3 18 0
e 3 21 0
e 4 9 0
e 4 23 0
e 5 8 0
e 5 21 0
e 6 13 0
e 6 8 0
e 7 17 0
e 7 12 0
e 8 20 0
e 8 18 0
e 8 15 0
e 8 14 0
e 8 11 0
e 8 13 0
e 8 19 0
e 8 21 0
e 9 17 0
e 10 13 0
e 11 21 0
e 13 19 0
e 15 21 0
e 16 20 0
e 16 21 0
e 18 21 0
e 19 21 0
e 21 22 0
e 22 23 0
