t 24 53
v 0 14 4
v 1 14 4
v 2 21 19
v 3 14 4
v 4 5 4
v 5 25 1
v 6 8 2
v 7 0 18
v 8 24 2
v 9 10 4
v 10 17 2
v 11 29 3
v 12 21 3
v 13 14 3
v 14 23 3
v 15 9 2
v 16 23 4
v 17 20 4
v 18 4 4
v 19 13 4
v 20 19 3
v 21 25 2
v 22 0 4
v 23 6 3
e 0 2 0
e 0 3 0
e 0 7 0
e 0 9 0
e 1 10 0
e 1 2 0
e 1 7 0
e 1 8 0
e 2 6 0
e 2 13 0
e 2 8 0
e 2 18 0
e 2 22 0
e 2 21 0
e 2 4 0
e 2 14 0
e 2 19 0
e 2 9 0
e 2 5 0
e 2 16 0
e 2 7 0
e 2 3 0
e 2 17 0
e 2 11 0
e 2 23 0
e 3 7 0
e 3 13 0
e 4 19 0
e 4 18 0
e 4 7 0
e 6 12 0
e 7 14 0
e 7 9 0
e 7 15 0
e 7 20 0
e 7 19 0
e 7 12 0
e 7 11 0
e 7 23 0
e 7 18 0
e 7 16 0
e 7 17 0
e 7 10 0
e 7 22 0
e 9 16 0
e 11 20 0
e 12 13 0
e 14 15 0
e 16 17 0
e 17 18 0
e 19 20 0
e 21 22 0
e 22 23 0
