t 24 65
v 0 18 6
v 1 6 1
v 2 26 12
v 3 21 2
v 4 9 1
v 5 23 4
v 6 22 5
v 7 22 1
v 8 7 7
v 9 32 11
v 10 16 1
v 11 3 5
v 12 1 9
v 13 7 5
v 14 14 5
v 15 12 11
v 16 33 13
v 17 33 5
v 18 24 1
v 19 32 9
v 20 2 6
v 21 15 2
v 22 38 7
v 23 30 1
e 0 18 0
e 0 2 0
e 0 9 0
e 0 12 0
e 0 15 0
e 0 16 0
e 1 14 0
e 2 8 0
e 2 13 0
e 2 6 0
e 2 20 0
e 2 11 0
e 2 19 0
e 2 14 0
e 2 22 0
e 2 9 0
e 2 15 0
e 2 16 0
e 3 20 0
e 3 22 0
e 4 5 0
e 5 12 0
e 5 16 0
e 5 19 0
e 6 9 0
e 6 12 0
e 6 15 0
e 6 16 0
e 7 8 0
e 8 9 0
e 8 12 0
e 8 15 0
e 8 16 0
e 8 19 0
e 9 11 0
e 9 16 0
e 9 13 0
e 9 19 0
e 9 14 0
e 9 17 0
e 9 12 0
e 10 17 0
e 11 15 0
e 11 16 0
e 11 19 0
e 12 20 0
e 12 15 0
e 12 13 0
e 12 17 0
e 13 15 0
e 13 16 0
e 14 16 0
e 14 19 0
e 15 19 0
e 15 17 0
e 15 22 0
e 15 16 0
e 16 20 0
e 16 17 0
e 16 22 0
e 19 20 0
e 19 22 0
e 20 21 0
e 21 22 0
e 22 23 0
