t 32 50
v 0 0 3
v 1 35 5
v 2 23 4
v 3 38 2
v 4 16 3
v 5 11 3
v 6 10 2
v 7 24 3
v 8 7 3
v 9 17 2
v 10 19 3
v 11 8 2
v 12 13 3
v 13 3 3
v 14 30 3
v 15 31 2
v 16 8 2
v 17 17 1
v 18 22 2
v 19 29 2
v 20 27 3
v 21 22 2
v 22 9 2
v 23 32 2
v 24 27 2
v 25 34 2
v 26 31 18
v 27 39 3
v 28 38 3
v 29 4 2
v 30 0 5
v 31 24 3
e 0 1 0
e 0 26 0
e 0 30 0
e 1 20 0
e 1 2 0
e 1 26 0
e 1 30 0
e 2 4 0
e 2 26 0
e 2 30 0
e 3 16 0
e 3 25 0
e 4 7 0
e 4 26 0
e 5 31 0
e 5 26 0
e 5 27 0
e 6 29 0
e 6 11 0
e 7 8 0
e 7 26 0
e 8 10 0
e 8 26 0
e 9 17 0
e 9 23 0
e 10 26 0
e 10 28 0
e 11 22 0
e 12 14 0
e 12 26 0
e 12 28 0
e 13 15 0
e 13 31 0
e 13 26 0
e 14 26 0
e 14 27 0
e 15 26 0
e 16 29 0
e 18 19 0
e 18 24 0
e 19 23 0
e 20 26 0
e 20 30 0
e 21 22 0
e 21 24 0
e 25 26 0
e 26 27 0
e 26 31 0
e 26 28 0
e 26 30 0
