t 32 124
v 0 29 2
v 1 14 11
v 2 8 2
v 3 37 2
v 4 1 3
v 5 24 5
v 6 9 11
v 7 28 6
v 8 6 4
v 9 9 11
v 10 21 23
v 11 23 23
v 12 17 7
v 13 38 6
v 14 16 23
v 15 28 7
v 16 35 6
v 17 4 5
v 18 17 2
v 19 21 7
v 20 11 5
v 21 12 8
v 22 37 4
v 23 16 6
v 24 21 5
v 25 9 4
v 26 26 21
v 27 17 7
v 28 4 5
v 29 23 7
v 30 11 6
v 31 9 4
e 0 7 0
e 0 20 0
e 1 9 0
e 1 6 0
e 1 12 0
e 1 27 0
e 1 10 0
e 1 11 0
e 1 14 0
e 1 21 0
e 1 26 0
e 1 29 0
e 1 30 0
e 2 4 0
e 2 7 0
e 3 11 0
e 3 14 0
e 4 10 0
e 4 14 0
e 5 10 0
e 5 11 0
e 5 14 0
e 5 16 0
e 5 26 0
e 6 12 0
e 6 27 0
e 6 9 0
e 6 10 0
e 6 11 0
e 6 14 0
e 6 21 0
e 6 26 0
e 6 29 0
e 6 31 0
e 7 11 0
e 7 14 0
e 7 18 0
e 7 26 0
e 8 10 0
e 8 11 0
e 8 14 0
e 8 16 0
e 9 12 0
e 9 27 0
e 9 10 0
e 9 11 0
e 9 14 0
e 9 21 0
e 9 26 0
e 9 28 0
e 9 30 0
e 10 25 0
e 10 24 0
e 10 28 0
e 10 31 0
e 10 16 0
e 10 23 0
e 10 29 0
e 10 21 0
e 10 22 0
e 10 12 0
e 10 20 0
e 10 27 0
e 10 19 0
e 10 13 0
e 10 15 0
e 10 14 0
e 10 26 0
e 11 25 0
e 11 24 0
e 11 28 0
e 11 31 0
e 11 16 0
e 11 23 0
e 11 29 0
e 11 30 0
e 11 12 0
e 11 20 0
e 11 27 0
e 11 14 0
e 11 17 0
e 11 19 0
e 11 13 0
e 11 15 0
e 12 14 0
e 12 26 0
e 13 15 0
e 13 17 0
e 13 19 0
e 13 26 0
e 14 25 0
e 14 24 0
e 14 28 0
e 14 16 0
e 14 30 0
e 14 29 0
e 14 20 0
e 14 27 0
e 14 17 0
e 14 26 0
e 14 19 0
e 14 15 0
e 15 18 0
e 15 19 0
e 15 26 0
e 16 26 0
e 17 19 0
e 17 26 0
e 19 26 0
e 20 22 0
e 21 27 0
e 21 26 0
e 21 29 0
e 21 30 0
e 22 23 0
e 22 26 0
e 23 24 0
e 23 25 0
e 23 26 0
e 24 26 0
e 26 28 0
e 26 31 0
e 26 29 0
e 26 30 0
