t 24 74
v 0 31 1
v 1 36 8
v 2 17 13
v 3 37 1
v 4 28 7
v 5 17 6
v 6 27 2
v 7 37 1
v 8 32 13
v 9 39 1
v 10 28 8
v 11 37 1
v 12 22 8
v 13 35 12
v 14 21 7
v 15 26 11
v 16 37 7
v 17 17 5
v 18 3 7
v 19 35 8
v 20 17 1
v 21 32 12
v 22 23 7
v 23 33 1
e 0 1 0
e 1 2 0
e 1 5 0
e 1 8 0
e 1 13 0
e 1 14 0
e 1 15 0
e 1 21 0
e 2 12 0
e 2 10 0
e 2 19 0
e 2 16 0
e 2 4 0
e 2 18 0
e 2 13 0
e 2 8 0
e 2 17 0
e 2 22 0
e 2 15 0
e 2 21 0
e 3 4 0
e 4 6 0
e 4 8 0
e 4 13 0
e 4 14 0
e 4 21 0
e 5 10 0
e 5 19 0
e 5 16 0
e 5 18 0
e 5 22 0
e 6 12 0
e 7 12 0
e 8 12 0
e 8 10 0
e 8 19 0
e 8 16 0
e 8 18 0
e 8 17 0
e 8 22 0
e 8 13 0
e 8 15 0
e 8 21 0
e 9 18 0
e 10 11 0
e 10 13 0
e 10 14 0
e 10 15 0
e 10 21 0
e 12 13 0
e 12 14 0
e 12 15 0
e 12 21 0
e 13 19 0
e 13 16 0
e 13 18 0
e 13 22 0
e 13 15 0
e 13 21 0
e 14 19 0
e 14 16 0
e 14 17 0
e 15 19 0
e 15 16 0
e 15 18 0
e 15 17 0
e 15 22 0
e 16 21 0
e 17 21 0
e 18 21 0
e 19 20 0
e 19 21 0
e 21 22 0
e 22 23 0
