t 16 43
v 0 21 6
v 1 14 3
v 2 33 15
v 3 19 2
v 4 17 3
v 5 17 2
v 6 29 4
v 7 13 9
v 8 25 5
v 9 32 4
v 10 13 13
v 11 28 5
v 12 23 4
v 13 7 4
v 14 38 4
v 15 11 3
e 0 1 0
e 0 8 0
e 0 6 0
e 0 2 0
e 0 7 0
e 0 10 0
e 1 2 0
e 1 10 0
e 2 4 0
e 2 8 0
e 2 12 0
e 2 13 0
e 2 6 0
e 2 5 0
e 2 3 0
e 2 10 0
e 2 15 0
e 2 7 0
e 2 9 0
e 2 11 0
e 2 14 0
e 3 5 0
e 4 7 0
e 4 10 0
e 6 9 0
e 6 10 0
e 7 12 0
e 7 8 0
e 7 10 0
e 7 15 0
e 7 11 0
e 7 14 0
e 8 9 0
e 8 10 0
e 9 10 0
e 10 12 0
e 10 13 0
e 10 15 0
e 10 11 0
e 10 14 0
e 11 12 0
e 11 13 0
e 13 14 0
