t 24 127
v 0 13 22
v 1 2 6
v 2 17 7
v 3 1 17
v 4 11 7
v 5 2 7
v 6 1 7
v 7 14 8
v 8 31 7
v 9 2 22
v 10 22 20
v 11 16 4
v 12 19 8
v 13 7 8
v 14 27 7
v 15 8 7
v 16 27 7
v 17 18 21
v 18 26 8
v 19 31 7
v 20 29 8
v 21 19 9
v 22 23 8
v 23 26 22
e 0 21 0
e 0 18 0
e 0 6 0
e 0 11 0
e 0 13 0
e 0 20 0
e 0 3 0
e 0 1 0
e 0 23 0
e 0 7 0
e 0 5 0
e 0 22 0
e 0 16 0
e 0 19 0
e 0 14 0
e 0 8 0
e 0 4 0
e 0 2 0
e 0 12 0
e 0 15 0
e 0 9 0
e 0 17 0
e 1 3 0
e 1 9 0
e 1 10 0
e 1 17 0
e 1 23 0
e 2 4 0
e 2 9 0
e 2 10 0
e 2 12 0
e 2 17 0
e 2 23 0
e 3 14 0
e 3 21 0
e 3 18 0
e 3 7 0
e 3 4 0
e 3 13 0
e 3 22 0
e 3 16 0
e 3 19 0
e 3 12 0
e 3 15 0
e 3 20 0
e 3 9 0
e 3 10 0
e 3 17 0
e 4 9 0
e 4 10 0
e 4 17 0
e 4 23 0
e 5 7 0
e 5 9 0
e 5 10 0
e 5 13 0
e 5 17 0
e 5 23 0
e 6 7 0
e 6 9 0
e 6 10 0
e 6 15 0
e 6 17 0
e 6 23 0
e 7 9 0
e 7 10 0
e 7 17 0
e 7 23 0
e 8 22 0
e 8 19 0
e 8 12 0
e 8 9 0
e 8 10 0
e 8 23 0
e 9 21 0
e 9 18 0
e 9 11 0
e 9 13 0
e 9 20 0
e 9 10 0
e 9 23 0
e 9 22 0
e 9 16 0
e 9 19 0
e 9 14 0
e 9 15 0
e 9 17 0
e 10 21 0
e 10 18 0
e 10 13 0
e 10 20 0
e 10 23 0
e 10 16 0
e 10 19 0
e 10 14 0
e 10 12 0
e 10 15 0
e 10 17 0
e 11 13 0
e 11 23 0
e 12 22 0
e 12 17 0
e 12 23 0
e 13 17 0
e 13 23 0
e 14 16 0
e 14 17 0
e 14 23 0
e 15 17 0
e 15 23 0
e 16 17 0
e 16 23 0
e 17 21 0
e 17 18 0
e 17 20 0
e 17 23 0
e 17 22 0
e 17 19 0
e 18 20 0
e 18 21 0
e 18 23 0
e 19 23 0
e 20 21 0
e 20 23 0
e 21 22 0
e 21 23 0
e 22 23 0
