t 24 82
v 0 39 5
v 1 4 8
v 2 25 5
v 3 29 4
v 4 8 4
v 5 13 4
v 6 28 7
v 7 21 5
v 8 30 21
v 9 14 4
v 10 26 5
v 11 39 4
v 12 13 21
v 13 31 6
v 14 27 4
v 15 35 5
v 16 18 3
v 17 26 5
v 18 11 3
v 19 5 4
v 20 21 4
v 21 30 22
v 22 0 6
v 23 35 5
e 0 8 0
e 0 10 0
e 0 12 0
e 0 13 0
e 0 21 0
e 1 15 0
e 1 20 0
e 1 19 0
e 1 23 0
e 1 17 0
e 1 8 0
e 1 12 0
e 1 21 0
e 2 6 0
e 2 8 0
e 2 10 0
e 2 12 0
e 2 21 0
e 3 22 0
e 3 8 0
e 3 12 0
e 3 21 0
e 4 6 0
e 4 8 0
e 4 12 0
e 4 21 0
e 5 8 0
e 5 12 0
e 5 21 0
e 5 22 0
e 6 7 0
e 6 14 0
e 6 8 0
e 6 12 0
e 6 21 0
e 7 8 0
e 7 9 0
e 7 12 0
e 7 21 0
e 8 10 0
e 8 11 0
e 8 20 0
e 8 19 0
e 8 17 0
e 8 14 0
e 8 15 0
e 8 22 0
e 8 23 0
e 8 13 0
e 8 12 0
e 8 21 0
e 8 16 0
e 9 11 0
e 9 12 0
e 9 21 0
e 10 12 0
e 10 21 0
e 11 12 0
e 11 21 0
e 12 20 0
e 12 19 0
e 12 17 0
e 12 14 0
e 12 15 0
e 12 18 0
e 12 23 0
e 12 13 0
e 12 16 0
e 13 18 0
e 13 17 0
e 13 21 0
e 14 21 0
e 15 21 0
e 15 22 0
e 16 21 0
e 17 21 0
e 18 21 0
e 19 21 0
e 20 21 0
e 21 22 0
e 21 23 0
e 22 23 0
