t 24 100
v 0 39 4
v 1 29 6
v 2 22 10
v 3 32 7
v 4 21 5
v 5 6 9
v 6 10 22
v 7 11 9
v 8 8 7
v 9 39 1
v 10 2 7
v 11 23 22
v 12 6 10
v 13 3 3
v 14 1 22
v 15 7 10
v 16 29 9
v 17 37 6
v 18 16 3
v 19 18 6
v 20 7 10
v 21 0 6
v 22 24 3
v 23 28 3
e 0 2 0
e 0 6 0
e 0 11 0
e 0 14 0
e 1 16 0
e 1 6 0
e 1 11 0
e 1 12 0
e 1 14 0
e 1 20 0
e 2 8 0
e 2 15 0
e 2 7 0
e 2 10 0
e 2 3 0
e 2 5 0
e 2 6 0
e 2 11 0
e 2 14 0
e 3 15 0
e 3 5 0
e 3 6 0
e 3 7 0
e 3 11 0
e 3 14 0
e 4 6 0
e 4 11 0
e 4 12 0
e 4 14 0
e 4 20 0
e 5 15 0
e 5 7 0
e 5 10 0
e 5 8 0
e 5 6 0
e 5 11 0
e 5 14 0
e 6 22 0
e 6 15 0
e 6 20 0
e 6 12 0
e 6 21 0
e 6 17 0
e 6 19 0
e 6 13 0
e 6 16 0
e 6 18 0
e 6 23 0
e 6 11 0
e 6 7 0
e 6 10 0
e 6 14 0
e 6 8 0
e 7 8 0
e 7 15 0
e 7 10 0
e 7 11 0
e 7 14 0
e 8 15 0
e 8 11 0
e 8 14 0
e 9 15 0
e 10 15 0
e 10 11 0
e 10 14 0
e 11 22 0
e 11 15 0
e 11 20 0
e 11 12 0
e 11 21 0
e 11 17 0
e 11 19 0
e 11 13 0
e 11 16 0
e 11 18 0
e 11 23 0
e 11 14 0
e 12 21 0
e 12 17 0
e 12 19 0
e 12 16 0
e 12 14 0
e 12 20 0
e 13 14 0
e 14 22 0
e 14 15 0
e 14 20 0
e 14 21 0
e 14 17 0
e 14 19 0
e 14 16 0
e 14 18 0
e 14 23 0
e 16 17 0
e 16 19 0
e 16 20 0
e 16 21 0
e 17 20 0
e 19 20 0
e 20 21 0
