t 40 200
v 0 0 7
v 1 35 11
v 2 1 7
v 3 38 7
v 4 14 4
v 5 26 6
v 6 16 19
v 7 30 7
v 8 23 6
v 9 36 26
v 10 8 6
v 11 24 6
v 12 28 2
v 13 35 8
v 14 31 9
v 15 2 25
v 16 7 11
v 17 14 8
v 18 19 9
v 19 33 25
v 20 38 2
v 21 25 8
v 22 3 6
v 23 0 10
v 24 13 24
v 25 20 27
v 26 13 21
v 27 14 8
v 28 39 1
v 29 29 5
v 30 0 2
v 31 0 4
v 32 21 19
v 33 25 2
v 34 4 11
v 35 32 9
v 36 11 8
v 37 10 7
v 38 11 12
v 39 39 5
e 0 1 0
e 0 9 0
e 0 15 0
e 0 19 0
e 0 24 0
e 0 25 0
e 0 32 0
e 1 34 0
e 1 16 0
e 1 2 0
e 1 38 0
e 1 6 0
e 1 9 0
e 1 15 0
e 1 25 0
e 1 26 0
e 1 32 0
e 2 37 0
e 2 6 0
e 2 9 0
e 2 15 0
e 2 19 0
e 2 25 0
e 3 6 0
e 3 9 0
e 3 16 0
e 3 19 0
e 3 24 0
e 3 32 0
e 3 34 0
e 4 6 0
e 4 9 0
e 4 15 0
e 4 19 0
e 5 9 0
e 5 15 0
e 5 19 0
e 5 25 0
e 5 32 0
e 5 34 0
e 6 22 0
e 6 35 0
e 6 10 0
e 6 36 0
e 6 14 0
e 6 21 0
e 6 29 0
e 6 38 0
e 6 15 0
e 6 27 0
e 6 23 0
e 6 13 0
e 6 18 0
e 6 19 0
e 6 26 0
e 7 31 0
e 7 8 0
e 7 9 0
e 7 19 0
e 7 25 0
e 7 26 0
e 7 32 0
e 8 9 0
e 8 19 0
e 8 24 0
e 8 26 0
e 8 32 0
e 9 31 0
e 9 22 0
e 9 35 0
e 9 17 0
e 9 10 0
e 9 14 0
e 9 34 0
e 9 16 0
e 9 21 0
e 9 29 0
e 9 38 0
e 9 24 0
e 9 37 0
e 9 27 0
e 9 23 0
e 9 13 0
e 9 18 0
e 9 25 0
e 10 15 0
e 10 24 0
e 10 32 0
e 10 35 0
e 11 15 0
e 11 19 0
e 11 24 0
e 11 25 0
e 11 26 0
e 11 32 0
e 12 15 0
e 12 30 0
e 13 15 0
e 13 19 0
e 13 23 0
e 13 24 0
e 13 25 0
e 13 26 0
e 14 39 0
e 14 15 0
e 14 19 0
e 14 24 0
e 14 25 0
e 14 26 0
e 14 32 0
e 15 31 0
e 15 35 0
e 15 17 0
e 15 36 0
e 15 34 0
e 15 16 0
e 15 21 0
e 15 29 0
e 15 38 0
e 15 23 0
e 15 33 0
e 15 24 0
e 15 25 0
e 15 26 0
e 16 37 0
e 16 18 0
e 16 19 0
e 16 24 0
e 16 25 0
e 16 26 0
e 16 32 0
e 17 36 0
e 17 19 0
e 17 24 0
e 17 25 0
e 17 26 0
e 17 32 0
e 18 34 0
e 18 38 0
e 18 19 0
e 18 24 0
e 18 25 0
e 18 26 0
e 19 35 0
e 19 34 0
e 19 21 0
e 19 38 0
e 19 25 0
e 19 24 0
e 19 37 0
e 19 39 0
e 19 27 0
e 19 23 0
e 19 33 0
e 20 30 0
e 20 28 0
e 21 24 0
e 21 25 0
e 21 26 0
e 21 32 0
e 22 24 0
e 22 25 0
e 22 26 0
e 22 32 0
e 23 24 0
e 23 25 0
e 23 26 0
e 23 27 0
e 23 32 0
e 24 31 0
e 24 35 0
e 24 36 0
e 24 38 0
e 24 39 0
e 24 27 0
e 24 25 0
e 24 26 0
e 25 35 0
e 25 36 0
e 25 34 0
e 25 29 0
e 25 38 0
e 25 37 0
e 25 39 0
e 25 27 0
e 25 26 0
e 26 35 0
e 26 36 0
e 26 34 0
e 26 38 0
e 26 27 0
e 27 32 0
e 29 32 0
e 32 36 0
e 32 34 0
e 32 38 0
e 34 37 0
e 35 36 0
e 37 38 0
e 38 39 0
