t 40 68
v 0 23 2
v 1 0 5
v 2 39 3
v 3 39 5
v 4 4 3
v 5 21 1
v 6 24 2
v 7 37 5
v 8 29 2
v 9 25 17
v 10 12 1
v 11 17 1
v 12 34 14
v 13 39 1
v 14 30 4
v 15 21 1
v 16 15 3
v 17 22 3
v 18 10 3
v 19 5 2
v 20 25 6
v 21 17 4
v 22 32 1
v 23 7 4
v 24 19 4
v 25 23 3
v 26 32 4
v 27 9 6
v 28 21 2
v 29 4 1
v 30 28 3
v 31 13 3
v 32 6 3
v 33 3 3
v 34 28 2
v 35 17 1
v 36 21 1
v 37 7 2
v 38 39 2
v 39 16 3
e 0 1 0
e 0 17 0
e 1 15 0
e 1 18 0
e 1 25 0
e 1 9 0
e 2 29 0
e 2 9 0
e 2 12 0
e 3 4 0
e 3 12 0
e 3 19 0
e 3 21 0
e 3 24 0
e 4 7 0
e 4 20 0
e 5 26 0
e 6 10 0
e 6 33 0
e 7 9 0
e 7 12 0
e 7 21 0
e 7 24 0
e 8 19 0
e 8 27 0
e 9 33 0
e 9 27 0
e 9 37 0
e 9 31 0
e 9 22 0
e 9 16 0
e 9 39 0
e 9 30 0
e 9 14 0
e 9 32 0
e 9 26 0
e 9 20 0
e 9 23 0
e 9 38 0
e 11 23 0
e 12 26 0
e 12 27 0
e 12 37 0
e 12 17 0
e 12 30 0
e 12 14 0
e 12 35 0
e 12 20 0
e 12 32 0
e 12 31 0
e 12 23 0
e 13 27 0
e 14 18 0
e 14 25 0
e 16 24 0
e 16 21 0
e 17 18 0
e 20 23 0
e 20 21 0
e 20 24 0
e 25 39 0
e 26 31 0
e 27 39 0
e 27 33 0
e 28 32 0
e 28 38 0
e 30 34 0
e 34 36 0
