t 24 56
v 0 18 3
v 1 24 6
v 2 17 6
v 3 8 2
v 4 23 9
v 5 29 4
v 6 31 4
v 7 15 8
v 8 27 11
v 9 7 4
v 10 37 2
v 11 15 2
v 12 17 6
v 13 7 3
v 14 35 7
v 15 10 4
v 16 23 3
v 17 28 3
v 18 21 6
v 19 30 10
v 20 21 2
v 21 39 3
v 22 22 3
v 23 39 1
e 0 7 0
e 0 14 0
e 0 21 0
e 1 18 0
e 1 15 0
e 1 2 0
e 1 4 0
e 1 8 0
e 1 19 0
e 2 18 0
e 2 6 0
e 2 19 0
e 2 8 0
e 2 5 0
e 3 7 0
e 3 21 0
e 4 17 0
e 4 13 0
e 4 18 0
e 4 19 0
e 4 5 0
e 4 16 0
e 4 11 0
e 4 15 0
e 5 8 0
e 5 12 0
e 6 8 0
e 6 12 0
e 6 19 0
e 7 22 0
e 7 10 0
e 7 20 0
e 7 9 0
e 7 14 0
e 7 11 0
e 8 17 0
e 8 13 0
e 8 16 0
e 8 18 0
e 8 12 0
e 8 15 0
e 8 19 0
e 9 22 0
e 9 21 0
e 9 14 0
e 10 14 0
e 12 17 0
e 12 18 0
e 12 19 0
e 13 19 0
e 14 22 0
e 14 20 0
e 14 23 0
e 15 19 0
e 16 19 0
e 18 19 0
