t 24 119
v 0 15 11
v 1 15 12
v 2 6 5
v 3 15 4
v 4 21 16
v 5 9 17
v 6 38 5
v 7 39 8
v 8 30 20
v 9 34 8
v 10 0 5
v 11 35 7
v 12 13 17
v 13 33 6
v 14 31 6
v 15 3 19
v 16 22 18
v 17 28 5
v 18 22 6
v 19 28 5
v 20 31 9
v 21 26 6
v 22 12 6
v 23 16 17
e 0 1 0
e 0 2 0
e 0 4 0
e 0 5 0
e 0 8 0
e 0 9 0
e 0 12 0
e 0 15 0
e 0 16 0
e 0 17 0
e 0 23 0
e 1 14 0
e 1 10 0
e 1 7 0
e 1 20 0
e 1 4 0
e 1 5 0
e 1 8 0
e 1 12 0
e 1 15 0
e 1 16 0
e 1 23 0
e 2 4 0
e 2 8 0
e 2 15 0
e 2 23 0
e 3 4 0
e 3 5 0
e 3 16 0
e 3 23 0
e 4 22 0
e 4 9 0
e 4 8 0
e 4 10 0
e 4 12 0
e 4 6 0
e 4 7 0
e 4 21 0
e 4 18 0
e 4 5 0
e 4 15 0
e 4 23 0
e 5 14 0
e 5 9 0
e 5 8 0
e 5 17 0
e 5 13 0
e 5 6 0
e 5 12 0
e 5 15 0
e 5 7 0
e 5 21 0
e 5 20 0
e 5 11 0
e 5 16 0
e 6 7 0
e 6 15 0
e 6 23 0
e 7 8 0
e 7 12 0
e 7 15 0
e 7 16 0
e 8 18 0
e 8 20 0
e 8 11 0
e 8 14 0
e 8 9 0
e 8 17 0
e 8 13 0
e 8 12 0
e 8 22 0
e 8 10 0
e 8 21 0
e 8 15 0
e 8 16 0
e 8 23 0
e 9 12 0
e 9 15 0
e 9 16 0
e 9 23 0
e 10 15 0
e 10 16 0
e 11 14 0
e 11 12 0
e 11 15 0
e 11 16 0
e 11 23 0
e 12 14 0
e 12 22 0
e 12 17 0
e 12 13 0
e 12 21 0
e 12 19 0
e 12 20 0
e 12 16 0
e 12 23 0
e 13 15 0
e 13 16 0
e 13 23 0
e 14 16 0
e 15 19 0
e 15 18 0
e 15 20 0
e 15 22 0
e 15 21 0
e 15 16 0
e 15 23 0
e 16 22 0
e 16 17 0
e 16 19 0
e 16 18 0
e 16 20 0
e 18 20 0
e 18 23 0
e 19 20 0
e 19 23 0
e 20 23 0
e 21 23 0
e 22 23 0
