t 32 148
v 0 21 12
v 1 38 3
v 2 16 17
v 3 19 6
v 4 23 6
v 5 7 2
v 6 26 20
v 7 18 8
v 8 29 9
v 9 13 14
v 10 14 7
v 11 31 16
v 12 35 4
v 13 2 14
v 14 14 2
v 15 2 6
v 16 23 5
v 17 8 13
v 18 4 7
v 19 30 8
v 20 25 1
v 21 6 5
v 22 13 18
v 23 6 20
v 24 20 19
v 25 39 10
v 26 38 7
v 27 24 6
v 28 32 8
v 29 18 6
v 30 6 9
v 31 11 8
e 0 3 0
e 0 10 0
e 0 8 0
e 0 7 0
e 0 28 0
e 0 16 0
e 0 30 0
e 0 1 0
e 0 19 0
e 0 21 0
e 0 26 0
e 0 25 0
e 1 2 0
e 1 13 0
e 2 31 0
e 2 15 0
e 2 4 0
e 2 18 0
e 2 8 0
e 2 9 0
e 2 6 0
e 2 30 0
e 2 13 0
e 2 21 0
e 2 26 0
e 2 25 0
e 2 11 0
e 2 22 0
e 2 23 0
e 2 24 0
e 3 18 0
e 3 6 0
e 3 13 0
e 3 17 0
e 3 23 0
e 4 6 0
e 4 17 0
e 4 22 0
e 4 23 0
e 4 24 0
e 5 12 0
e 5 14 0
e 6 10 0
e 6 8 0
e 6 7 0
e 6 29 0
e 6 28 0
e 6 30 0
e 6 31 0
e 6 18 0
e 6 16 0
e 6 21 0
e 6 27 0
e 6 19 0
e 6 25 0
e 6 9 0
e 6 17 0
e 6 22 0
e 6 24 0
e 7 11 0
e 7 17 0
e 7 19 0
e 7 22 0
e 7 23 0
e 7 24 0
e 8 9 0
e 8 11 0
e 8 13 0
e 8 17 0
e 8 22 0
e 8 24 0
e 9 31 0
e 9 18 0
e 9 27 0
e 9 13 0
e 9 16 0
e 9 19 0
e 9 25 0
e 9 11 0
e 9 17 0
e 9 22 0
e 9 23 0
e 10 11 0
e 10 19 0
e 10 22 0
e 10 23 0
e 10 24 0
e 11 31 0
e 11 15 0
e 11 18 0
e 11 29 0
e 11 28 0
e 11 23 0
e 11 30 0
e 11 12 0
e 11 26 0
e 11 25 0
e 11 22 0
e 12 13 0
e 12 17 0
e 13 31 0
e 13 15 0
e 13 27 0
e 13 29 0
e 13 28 0
e 13 19 0
e 13 23 0
e 13 24 0
e 14 20 0
e 15 22 0
e 15 23 0
e 15 24 0
e 16 22 0
e 16 23 0
e 17 24 0
e 17 29 0
e 17 23 0
e 17 30 0
e 17 26 0
e 17 25 0
e 18 22 0
e 18 24 0
e 19 22 0
e 19 24 0
e 21 23 0
e 21 24 0
e 22 31 0
e 22 24 0
e 22 23 0
e 22 30 0
e 22 26 0
e 22 25 0
e 23 29 0
e 23 28 0
e 23 30 0
e 23 31 0
e 23 27 0
e 23 25 0
e 23 24 0
e 24 28 0
e 24 30 0
e 24 31 0
e 24 27 0
e 24 25 0
e 25 26 0
e 26 27 0
e 28 30 0
e 28 29 0
