t 32 205
v 0 38 23
v 1 4 11
v 2 27 20
v 3 35 9
v 4 38 10
v 5 6 23
v 6 25 8
v 7 26 7
v 8 27 8
v 9 0 3
v 10 31 20
v 11 34 10
v 12 5 1
v 13 19 24
v 14 30 9
v 15 30 26
v 16 35 10
v 17 27 10
v 18 6 24
v 19 15 9
v 20 30 10
v 21 15 8
v 22 2 21
v 23 2 8
v 24 23 15
v 25 23 10
v 26 15 8
v 27 34 10
v 28 21 27
v 29 8 19
v 30 27 1
v 31 36 8
e 0 18 0
e 0 2 0
e 0 25 0
e 0 23 0
e 0 4 0
e 0 17 0
e 0 21 0
e 0 29 0
e 0 27 0
e 0 19 0
e 0 20 0
e 0 26 0
e 0 3 0
e 0 14 0
e 0 8 0
e 0 31 0
e 0 6 0
e 0 15 0
e 0 10 0
e 0 9 0
e 0 13 0
e 0 22 0
e 0 28 0
e 1 2 0
e 1 5 0
e 1 10 0
e 1 13 0
e 1 15 0
e 1 16 0
e 1 18 0
e 1 22 0
e 1 24 0
e 1 28 0
e 1 29 0
e 2 5 0
e 2 25 0
e 2 4 0
e 2 17 0
e 2 21 0
e 2 27 0
e 2 7 0
e 2 11 0
e 2 16 0
e 2 26 0
e 2 3 0
e 2 8 0
e 2 31 0
e 2 10 0
e 2 15 0
e 2 18 0
e 2 22 0
e 2 28 0
e 3 5 0
e 3 10 0
e 3 13 0
e 3 15 0
e 3 22 0
e 3 24 0
e 3 29 0
e 4 14 0
e 4 7 0
e 4 5 0
e 4 13 0
e 4 15 0
e 4 18 0
e 4 22 0
e 4 28 0
e 5 25 0
e 5 23 0
e 5 17 0
e 5 21 0
e 5 29 0
e 5 19 0
e 5 20 0
e 5 7 0
e 5 11 0
e 5 16 0
e 5 26 0
e 5 14 0
e 5 8 0
e 5 10 0
e 5 13 0
e 5 18 0
e 5 22 0
e 5 24 0
e 5 28 0
e 6 10 0
e 6 15 0
e 6 18 0
e 6 22 0
e 6 24 0
e 6 28 0
e 6 29 0
e 7 10 0
e 7 13 0
e 7 15 0
e 7 18 0
e 8 10 0
e 8 15 0
e 8 18 0
e 8 24 0
e 8 29 0
e 9 15 0
e 9 28 0
e 10 18 0
e 10 17 0
e 10 29 0
e 10 27 0
e 10 19 0
e 10 11 0
e 10 16 0
e 10 26 0
e 10 13 0
e 10 15 0
e 10 22 0
e 10 28 0
e 11 13 0
e 11 15 0
e 11 18 0
e 11 20 0
e 11 22 0
e 11 28 0
e 11 29 0
e 12 28 0
e 13 18 0
e 13 24 0
e 13 25 0
e 13 17 0
e 13 21 0
e 13 29 0
e 13 27 0
e 13 19 0
e 13 20 0
e 13 16 0
e 13 26 0
e 13 14 0
e 13 31 0
e 13 22 0
e 13 15 0
e 13 28 0
e 14 27 0
e 14 15 0
e 14 18 0
e 14 22 0
e 14 28 0
e 15 18 0
e 15 24 0
e 15 25 0
e 15 23 0
e 15 17 0
e 15 29 0
e 15 27 0
e 15 20 0
e 15 16 0
e 15 26 0
e 15 31 0
e 15 22 0
e 15 28 0
e 16 18 0
e 16 22 0
e 16 24 0
e 16 28 0
e 17 18 0
e 17 22 0
e 17 24 0
e 17 29 0
e 18 24 0
e 18 25 0
e 18 23 0
e 18 21 0
e 18 29 0
e 18 27 0
e 18 26 0
e 18 31 0
e 18 28 0
e 19 20 0
e 19 22 0
e 19 24 0
e 19 28 0
e 19 29 0
e 20 22 0
e 20 23 0
e 20 28 0
e 20 29 0
e 21 22 0
e 21 24 0
e 21 28 0
e 22 25 0
e 22 29 0
e 22 27 0
e 22 28 0
e 23 28 0
e 23 29 0
e 23 31 0
e 24 27 0
e 24 25 0
e 24 28 0
e 25 28 0
e 25 29 0
e 26 28 0
e 27 28 0
e 28 29 0
e 28 30 0
e 28 31 0
e 29 31 0
