t 16 47
v 0 24 9
v 1 3 10
v 2 33 9
v 3 19 5
v 4 7 1
v 5 23 7
v 6 2 2
v 7 17 6
v 8 33 9
v 9 6 6
v 10 32 3
v 11 14 4
v 12 35 5
v 13 34 5
v 14 39 4
v 15 36 9
e 0 12 0
e 0 15 0
e 0 10 0
e 0 8 0
e 0 1 0
e 0 3 0
e 0 14 0
e 0 7 0
e 0 2 0
e 1 13 0
e 1 12 0
e 1 3 0
e 1 14 0
e 1 7 0
e 1 11 0
e 1 2 0
e 1 5 0
e 1 15 0
e 2 13 0
e 2 15 0
e 2 10 0
e 2 14 0
e 2 5 0
e 2 4 0
e 2 11 0
e 3 5 0
e 3 8 0
e 3 15 0
e 5 12 0
e 5 8 0
e 5 7 0
e 5 6 0
e 6 9 0
e 7 8 0
e 7 9 0
e 7 15 0
e 8 13 0
e 8 12 0
e 8 14 0
e 8 11 0
e 8 15 0
e 9 13 0
e 9 12 0
e 9 15 0
e 9 11 0
e 10 15 0
e 13 15 0
