t 40 156
v 0 31 7
v 1 10 5
v 2 2 8
v 3 9 6
v 4 26 8
v 5 8 6
v 6 38 6
v 7 22 3
v 8 14 7
v 9 7 6
v 10 8 5
v 11 23 7
v 12 37 6
v 13 12 5
v 14 35 9
v 15 8 30
v 16 32 8
v 17 38 4
v 18 0 36
v 19 2 6
v 20 38 5
v 21 15 6
v 22 7 3
v 23 17 4
v 24 26 3
v 25 32 6
v 26 3 7
v 27 26 5
v 28 8 6
v 29 25 3
v 30 7 5
v 31 16 3
v 32 26 5
v 33 31 6
v 34 24 5
v 35 27 33
v 36 37 6
v 37 1 7
v 38 28 8
v 39 6 8
e 0 11 0
e 0 38 0
e 0 2 0
e 0 18 0
e 0 26 0
e 0 28 0
e 0 35 0
e 1 39 0
e 1 15 0
e 1 18 0
e 1 31 0
e 1 33 0
e 2 11 0
e 2 3 0
e 2 6 0
e 2 25 0
e 2 15 0
e 2 18 0
e 2 35 0
e 3 15 0
e 3 18 0
e 3 33 0
e 3 35 0
e 3 39 0
e 4 13 0
e 4 14 0
e 4 15 0
e 4 18 0
e 4 19 0
e 4 21 0
e 4 35 0
e 4 37 0
e 5 13 0
e 5 14 0
e 5 18 0
e 5 21 0
e 5 35 0
e 5 37 0
e 6 38 0
e 6 15 0
e 6 18 0
e 6 28 0
e 6 35 0
e 7 15 0
e 7 18 0
e 7 35 0
e 8 16 0
e 8 15 0
e 8 17 0
e 8 18 0
e 8 26 0
e 8 35 0
e 8 38 0
e 9 10 0
e 9 14 0
e 9 18 0
e 9 19 0
e 9 35 0
e 9 37 0
e 10 14 0
e 10 30 0
e 10 18 0
e 10 35 0
e 11 16 0
e 11 15 0
e 11 18 0
e 11 28 0
e 11 35 0
e 12 15 0
e 12 16 0
e 12 17 0
e 12 18 0
e 12 26 0
e 12 35 0
e 13 14 0
e 13 18 0
e 13 19 0
e 14 37 0
e 14 21 0
e 14 18 0
e 14 35 0
e 15 22 0
e 15 34 0
e 15 29 0
e 15 16 0
e 15 39 0
e 15 27 0
e 15 38 0
e 15 20 0
e 15 28 0
e 15 25 0
e 15 23 0
e 15 36 0
e 15 32 0
e 15 26 0
e 15 37 0
e 15 24 0
e 15 21 0
e 15 33 0
e 15 30 0
e 15 18 0
e 15 35 0
e 16 18 0
e 16 20 0
e 16 25 0
e 16 35 0
e 17 18 0
e 17 35 0
e 18 22 0
e 18 34 0
e 18 29 0
e 18 39 0
e 18 27 0
e 18 38 0
e 18 31 0
e 18 20 0
e 18 23 0
e 18 36 0
e 18 32 0
e 18 26 0
e 18 19 0
e 18 24 0
e 18 21 0
e 18 33 0
e 18 30 0
e 18 35 0
e 19 30 0
e 19 35 0
e 20 35 0
e 20 38 0
e 21 35 0
e 22 35 0
e 23 36 0
e 23 39 0
e 24 35 0
e 25 26 0
e 25 28 0
e 25 35 0
e 26 35 0
e 27 32 0
e 27 33 0
e 27 35 0
e 28 35 0
e 29 38 0
e 30 37 0
e 31 35 0
e 32 34 0
e 32 39 0
e 33 35 0
e 34 36 0
e 34 35 0
e 35 39 0
e 35 38 0
e 35 36 0
e 35 37 0
e 36 39 0
