t 40 112
v 0 20 22
v 1 28 3
v 2 23 3
v 3 27 5
v 4 26 7
v 5 34 2
v 6 11 3
v 7 15 1
v 8 29 6
v 9 25 16
v 10 7 3
v 11 17 7
v 12 9 6
v 13 33 14
v 14 18 1
v 15 36 8
v 16 28 5
v 17 0 1
v 18 30 7
v 19 22 5
v 20 23 7
v 21 29 8
v 22 25 6
v 23 11 14
v 24 19 1
v 25 2 3
v 26 9 5
v 27 23 2
v 28 39 18
v 29 0 1
v 30 8 11
v 31 25 4
v 32 35 3
v 33 3 3
v 34 15 2
v 35 38 2
v 36 22 1
v 37 15 2
v 38 8 2
v 39 9 4
e 0 12 0
e 0 33 0
e 0 20 0
e 0 11 0
e 0 15 0
e 0 21 0
e 0 29 0
e 0 16 0
e 0 4 0
e 0 3 0
e 0 32 0
e 0 8 0
e 0 26 0
e 0 19 0
e 0 14 0
e 0 5 0
e 0 18 0
e 0 10 0
e 0 9 0
e 0 13 0
e 0 6 0
e 0 23 0
e 1 9 0
e 1 28 0
e 1 30 0
e 2 38 0
e 2 36 0
e 2 24 0
e 3 4 0
e 3 9 0
e 3 13 0
e 3 28 0
e 4 9 0
e 4 13 0
e 4 19 0
e 4 23 0
e 4 28 0
e 5 28 0
e 6 37 0
e 6 31 0
e 7 25 0
e 8 26 0
e 8 9 0
e 8 19 0
e 8 28 0
e 8 30 0
e 9 16 0
e 9 12 0
e 9 20 0
e 9 13 0
e 9 23 0
e 9 22 0
e 9 18 0
e 9 26 0
e 9 21 0
e 9 15 0
e 9 28 0
e 10 31 0
e 10 34 0
e 11 15 0
e 11 22 0
e 11 13 0
e 11 23 0
e 11 28 0
e 11 30 0
e 12 13 0
e 12 23 0
e 12 28 0
e 12 30 0
e 13 16 0
e 13 20 0
e 13 22 0
e 13 18 0
e 13 26 0
e 13 21 0
e 13 19 0
e 13 15 0
e 15 21 0
e 15 23 0
e 15 28 0
e 15 30 0
e 16 23 0
e 16 28 0
e 17 25 0
e 18 21 0
e 18 23 0
e 18 28 0
e 18 30 0
e 19 23 0
e 20 23 0
e 20 28 0
e 20 30 0
e 20 33 0
e 21 23 0
e 21 28 0
e 21 30 0
e 22 23 0
e 22 28 0
e 22 30 0
e 23 26 0
e 23 28 0
e 25 31 0
e 27 38 0
e 27 39 0
e 28 30 0
e 28 33 0
e 28 32 0
e 30 32 0
e 31 39 0
e 34 35 0
e 35 39 0
e 37 39 0
