t 16 96
v 0 35 10
v 1 23 13
v 2 31 12
v 3 25 10
v 4 35 12
v 5 5 12
v 6 26 12
v 7 14 11
v 8 7 14
v 9 24 13
v 10 27 12
v 11 38 13
v 12 36 9
v 13 39 13
v 14 5 14
v 15 35 12
e 0 1 0
e 0 10 0
e 0 9 0
e 0 4 0
e 0 11 0
e 0 2 0
e 0 5 0
e 0 6 0
e 0 13 0
e 0 14 0
e 1 7 0
e 1 10 0
e 1 9 0
e 1 4 0
e 1 15 0
e 1 11 0
e 1 5 0
e 1 6 0
e 1 8 0
e 1 12 0
e 1 13 0
e 1 14 0
e 2 14 0
e 2 6 0
e 2 7 0
e 2 10 0
e 2 9 0
e 2 15 0
e 2 11 0
e 2 3 0
e 2 8 0
e 2 12 0
e 2 13 0
e 3 8 0
e 3 14 0
e 3 6 0
e 3 7 0
e 3 9 0
e 3 4 0
e 3 15 0
e 3 11 0
e 3 5 0
e 4 15 0
e 4 11 0
e 4 5 0
e 4 7 0
e 4 8 0
e 4 10 0
e 4 12 0
e 4 13 0
e 4 14 0
e 5 13 0
e 5 8 0
e 5 14 0
e 5 6 0
e 5 10 0
e 5 9 0
e 5 15 0
e 5 11 0
e 6 10 0
e 6 9 0
e 6 15 0
e 6 11 0
e 6 8 0
e 6 13 0
e 6 14 0
e 7 10 0
e 7 9 0
e 7 11 0
e 7 8 0
e 7 12 0
e 7 13 0
e 7 14 0
e 8 12 0
e 8 14 0
e 8 10 0
e 8 9 0
e 8 15 0
e 8 11 0
e 8 13 0
e 9 15 0
e 9 10 0
e 9 12 0
e 9 13 0
e 9 14 0
e 10 11 0
e 10 13 0
e 10 14 0
e 11 12 0
e 11 14 0
e 11 15 0
e 12 15 0
e 12 13 0
e 13 14 0
e 13 15 0
e 14 15 0
