t 40 69
v 0 11 2
v 1 38 3
v 2 33 3
v 3 19 2
v 4 35 3
v 5 39 3
v 6 31 3
v 7 21 5
v 8 23 5
v 9 15 2
v 10 7 2
v 11 30 1
v 12 4 5
v 13 14 3
v 14 26 7
v 15 16 2
v 16 13 2
v 17 34 2
v 18 14 2
v 19 8 7
v 20 20 4
v 21 24 2
v 22 35 3
v 23 14 5
v 24 21 4
v 25 15 5
v 26 4 3
v 27 25 2
v 28 20 7
v 29 2 9
v 30 32 2
v 31 4 2
v 32 29 5
v 33 18 2
v 34 20 2
v 35 21 2
v 36 18 3
v 37 8 2
v 38 9 3
v 39 34 7
e 0 13 0
e 0 26 0
e 1 2 0
e 1 13 0
e 1 39 0
e 2 20 0
e 2 39 0
e 3 5 0
e 3 20 0
e 4 10 0
e 4 19 0
e 4 29 0
e 5 6 0
e 5 39 0
e 6 7 0
e 6 39 0
e 7 8 0
e 7 25 0
e 7 23 0
e 7 32 0
e 8 14 0
e 8 19 0
e 8 28 0
e 8 29 0
e 9 12 0
e 9 29 0
e 10 18 0
e 11 12 0
e 12 24 0
e 12 22 0
e 12 29 0
e 13 39 0
e 14 25 0
e 14 23 0
e 14 29 0
e 14 32 0
e 14 19 0
e 14 28 0
e 15 22 0
e 15 24 0
e 16 24 0
e 16 17 0
e 17 35 0
e 18 27 0
e 19 28 0
e 19 25 0
e 19 23 0
e 19 32 0
e 20 26 0
e 20 39 0
e 21 33 0
e 21 35 0
e 22 24 0
e 23 28 0
e 23 29 0
e 25 28 0
e 25 29 0
e 26 36 0
e 27 30 0
e 28 29 0
e 28 32 0
e 29 32 0
e 30 31 0
e 31 34 0
e 33 34 0
e 36 38 0
e 36 37 0
e 37 38 0
e 38 39 0
