t 32 91
v 0 6 5
v 1 0 3
v 2 39 4
v 3 10 4
v 4 39 3
v 5 5 3
v 6 27 7
v 7 11 3
v 8 39 4
v 9 37 7
v 10 9 6
v 11 4 5
v 12 9 21
v 13 14 17
v 14 3 2
v 15 13 5
v 16 17 3
v 17 4 5
v 18 34 24
v 19 12 6
v 20 36 3
v 21 18 3
v 22 20 5
v 23 11 4
v 24 9 3
v 25 33 5
v 26 7 5
v 27 5 7
v 28 27 2
v 29 32 2
v 30 37 3
v 31 10 3
e 0 3 0
e 0 5 0
e 0 12 0
e 0 13 0
e 0 18 0
e 1 25 0
e 1 12 0
e 1 27 0
e 2 8 0
e 2 12 0
e 2 13 0
e 2 18 0
e 3 20 0
e 3 12 0
e 3 18 0
e 4 20 0
e 4 6 0
e 4 13 0
e 5 15 0
e 5 18 0
e 6 9 0
e 6 10 0
e 6 12 0
e 6 13 0
e 6 18 0
e 6 19 0
e 7 8 0
e 7 12 0
e 7 18 0
e 8 12 0
e 8 18 0
e 9 22 0
e 9 23 0
e 9 17 0
e 9 11 0
e 9 12 0
e 9 13 0
e 10 22 0
e 10 23 0
e 10 11 0
e 10 12 0
e 10 18 0
e 11 12 0
e 11 18 0
e 11 19 0
e 12 25 0
e 12 22 0
e 12 17 0
e 12 15 0
e 12 27 0
e 12 24 0
e 12 14 0
e 12 16 0
e 12 20 0
e 12 26 0
e 12 18 0
e 13 24 0
e 13 22 0
e 13 31 0
e 13 17 0
e 13 15 0
e 13 27 0
e 13 21 0
e 13 16 0
e 13 29 0
e 13 26 0
e 13 18 0
e 13 19 0
e 14 18 0
e 15 18 0
e 15 28 0
e 16 26 0
e 17 18 0
e 17 19 0
e 18 25 0
e 18 22 0
e 18 28 0
e 18 27 0
e 18 21 0
e 18 30 0
e 18 31 0
e 18 24 0
e 18 23 0
e 18 19 0
e 19 23 0
e 21 30 0
e 25 26 0
e 25 27 0
e 26 27 0
e 27 29 0
e 30 31 0
