t 32 125
v 0 36 8
v 1 37 7
v 2 24 10
v 3 12 4
v 4 36 5
v 5 6 7
v 6 31 3
v 7 16 12
v 8 1 5
v 9 14 20
v 10 1 8
v 11 12 4
v 12 0 9
v 13 7 4
v 14 6 20
v 15 35 18
v 16 4 10
v 17 31 3
v 18 26 21
v 19 1 7
v 20 20 5
v 21 26 7
v 22 10 11
v 23 4 8
v 24 10 6
v 25 30 7
v 26 29 4
v 27 26 3
v 28 30 5
v 29 35 3
v 30 32 3
v 31 1 3
e 0 7 0
e 0 9 0
e 0 10 0
e 0 12 0
e 0 14 0
e 0 15 0
e 0 18 0
e 0 19 0
e 1 2 0
e 1 7 0
e 1 9 0
e 1 12 0
e 1 14 0
e 1 15 0
e 1 18 0
e 2 5 0
e 2 7 0
e 2 9 0
e 2 12 0
e 2 14 0
e 2 15 0
e 2 16 0
e 2 18 0
e 2 22 0
e 3 9 0
e 3 14 0
e 3 15 0
e 3 18 0
e 4 7 0
e 4 9 0
e 4 12 0
e 4 14 0
e 4 18 0
e 5 7 0
e 5 9 0
e 5 12 0
e 5 14 0
e 5 15 0
e 5 18 0
e 6 24 0
e 6 23 0
e 6 16 0
e 7 10 0
e 7 24 0
e 7 25 0
e 7 23 0
e 7 16 0
e 7 22 0
e 7 8 0
e 8 9 0
e 8 14 0
e 8 15 0
e 8 18 0
e 9 25 0
e 9 18 0
e 9 14 0
e 9 13 0
e 9 11 0
e 9 22 0
e 9 10 0
e 9 24 0
e 9 23 0
e 9 19 0
e 9 21 0
e 9 16 0
e 9 15 0
e 10 12 0
e 10 14 0
e 10 16 0
e 10 18 0
e 10 22 0
e 11 14 0
e 11 15 0
e 11 18 0
e 12 25 0
e 12 19 0
e 12 21 0
e 13 14 0
e 13 15 0
e 13 18 0
e 14 25 0
e 14 22 0
e 14 24 0
e 14 23 0
e 14 19 0
e 14 21 0
e 14 20 0
e 14 15 0
e 14 18 0
e 15 24 0
e 15 25 0
e 15 23 0
e 15 16 0
e 15 22 0
e 15 18 0
e 15 21 0
e 15 20 0
e 16 23 0
e 16 18 0
e 16 22 0
e 16 26 0
e 17 26 0
e 17 27 0
e 17 28 0
e 18 25 0
e 18 22 0
e 18 24 0
e 18 23 0
e 18 19 0
e 18 21 0
e 18 20 0
e 19 20 0
e 19 22 0
e 20 21 0
e 21 22 0
e 22 23 0
e 25 26 0
e 26 27 0
e 27 28 0
e 28 31 0
e 28 30 0
e 28 29 0
e 29 30 0
e 29 31 0
e 30 31 0
