t 24 52
v 0 13 6
v 1 18 3
v 2 37 5
v 3 18 4
v 4 26 11
v 5 37 6
v 6 14 2
v 7 8 2
v 8 7 2
v 9 14 4
v 10 22 2
v 11 37 3
v 12 19 2
v 13 36 1
v 14 7 11
v 15 14 10
v 16 15 3
v 17 16 2
v 18 37 6
v 19 7 2
v 20 21 6
v 21 23 6
v 22 8 2
v 23 28 3
e 0 4 0
e 0 5 0
e 0 14 0
e 0 15 0
e 0 18 0
e 0 20 0
e 1 7 0
e 1 14 0
e 1 15 0
e 2 13 0
e 2 6 0
e 2 4 0
e 2 14 0
e 2 15 0
e 3 4 0
e 3 7 0
e 3 14 0
e 3 15 0
e 4 5 0
e 4 10 0
e 4 15 0
e 4 20 0
e 4 9 0
e 4 21 0
e 4 18 0
e 4 14 0
e 5 17 0
e 5 21 0
e 5 14 0
e 5 15 0
e 6 9 0
e 8 18 0
e 8 19 0
e 9 14 0
e 9 15 0
e 10 14 0
e 11 22 0
e 11 12 0
e 11 16 0
e 12 23 0
e 14 20 0
e 14 21 0
e 14 18 0
e 15 20 0
e 15 21 0
e 15 18 0
e 16 23 0
e 16 19 0
e 17 20 0
e 18 21 0
e 20 21 0
e 22 23 0
