t 40 80
v 0 18 2
v 1 10 2
v 2 31 2
v 3 0 2
v 4 36 2
v 5 12 2
v 6 23 2
v 7 13 5
v 8 23 2
v 9 33 2
v 10 7 2
v 11 4 2
v 12 1 2
v 13 26 2
v 14 24 2
v 15 10 2
v 16 20 2
v 17 18 2
v 18 25 11
v 19 26 6
v 20 23 3
v 21 13 2
v 22 27 2
v 23 20 15
v 24 6 2
v 25 27 5
v 26 27 2
v 27 5 7
v 28 8 11
v 29 15 7
v 30 15 2
v 31 33 11
v 32 24 5
v 33 33 6
v 34 37 2
v 35 28 2
v 36 39 14
v 37 30 1
v 38 23 3
v 39 19 2
e 0 2 0
e 0 17 0
e 1 22 0
e 1 4 0
e 2 22 0
e 3 8 0
e 3 9 0
e 4 6 0
e 5 13 0
e 5 10 0
e 6 8 0
e 7 18 0
e 7 23 0
e 7 28 0
e 7 31 0
e 7 36 0
e 9 30 0
e 10 30 0
e 11 14 0
e 11 21 0
e 12 17 0
e 12 39 0
e 13 34 0
e 14 34 0
e 15 26 0
e 15 16 0
e 16 35 0
e 18 27 0
e 18 33 0
e 18 31 0
e 18 19 0
e 18 25 0
e 18 32 0
e 18 29 0
e 18 23 0
e 18 28 0
e 18 36 0
e 19 20 0
e 19 23 0
e 19 28 0
e 19 31 0
e 19 36 0
e 20 23 0
e 20 36 0
e 21 26 0
e 23 24 0
e 23 28 0
e 23 27 0
e 23 33 0
e 23 35 0
e 23 31 0
e 23 38 0
e 23 36 0
e 23 25 0
e 23 32 0
e 23 29 0
e 24 36 0
e 25 28 0
e 25 31 0
e 25 36 0
e 27 33 0
e 27 28 0
e 27 29 0
e 27 31 0
e 27 36 0
e 28 33 0
e 28 31 0
e 28 29 0
e 28 32 0
e 28 36 0
e 29 31 0
e 29 36 0
e 29 38 0
e 31 33 0
e 31 32 0
e 31 36 0
e 32 36 0
e 33 36 0
e 36 38 0
e 37 39 0
