t 24 46
v 0 34 6
v 1 21 4
v 2 8 2
v 3 34 4
v 4 10 13
v 5 32 1
v 6 36 4
v 7 1 6
v 8 8 1
v 9 23 2
v 10 3 2
v 11 9 1
v 12 35 4
v 13 17 5
v 14 29 3
v 15 29 3
v 16 39 3
v 17 37 4
v 18 13 3
v 19 21 4
v 20 31 4
v 21 8 6
v 22 37 4
v 23 15 3
e 0 16 0
e 0 15 0
e 0 14 0
e 0 12 0
e 0 13 0
e 0 2 0
e 1 20 0
e 1 18 0
e 1 3 0
e 1 4 0
e 2 21 0
e 3 23 0
e 3 17 0
e 3 4 0
e 4 15 0
e 4 19 0
e 4 14 0
e 4 12 0
e 4 10 0
e 4 13 0
e 4 17 0
e 4 7 0
e 4 6 0
e 4 20 0
e 4 11 0
e 5 7 0
e 6 7 0
e 6 9 0
e 6 17 0
e 7 19 0
e 7 17 0
e 7 23 0
e 8 13 0
e 9 19 0
e 10 21 0
e 12 15 0
e 12 21 0
e 13 16 0
e 13 21 0
e 14 21 0
e 16 21 0
e 18 20 0
e 18 22 0
e 19 22 0
e 20 22 0
e 22 23 0
