t 32 40
v 0 19 1
v 1 32 2
v 2 22 1
v 3 33 2
v 4 29 6
v 5 25 2
v 6 4 1
v 7 24 3
v 8 27 6
v 9 32 6
v 10 15 1
v 11 18 2
v 12 6 1
v 13 15 2
v 14 36 3
v 15 26 1
v 16 22 2
v 17 37 2
v 18 1 2
v 19 3 6
v 20 29 5
v 21 5 2
v 22 1 3
v 23 17 2
v 24 17 2
v 25 0 2
v 26 22 2
v 27 37 2
v 28 23 2
v 29 8 2
v 30 0 2
v 31 31 2
e 0 22 0
e 1 5 0
e 1 18 0
e 2 14 0
e 3 25 0
e 3 21 0
e 4 16 0
e 4 19 0
e 4 9 0
e 4 20 0
e 4 8 0
e 4 14 0
e 5 22 0
e 6 19 0
e 7 8 0
e 7 9 0
e 7 19 0
e 8 16 0
e 8 19 0
e 8 9 0
e 8 20 0
e 9 10 0
e 9 20 0
e 9 19 0
e 11 27 0
e 11 28 0
e 12 20 0
e 13 23 0
e 13 24 0
e 14 18 0
e 15 30 0
e 17 29 0
e 17 28 0
e 19 20 0
e 21 24 0
e 22 23 0
e 25 26 0
e 26 27 0
e 29 31 0
e 30 31 0
