t 32 96
v 0 9 2
v 1 14 2
v 2 30 2
v 3 18 2
v 4 30 8
v 5 18 5
v 6 13 9
v 7 9 11
v 8 1 5
v 9 4 4
v 10 19 3
v 11 34 3
v 12 19 10
v 13 15 15
v 14 31 4
v 15 35 13
v 16 12 13
v 17 4 5
v 18 31 6
v 19 7 5
v 20 9 3
v 21 15 5
v 22 33 6
v 23 22 7
v 24 2 3
v 25 12 6
v 26 16 6
v 27 22 4
v 28 12 5
v 29 1 12
v 30 39 2
v 31 2 6
e 0 10 0
e 0 2 0
e 1 7 0
e 1 12 0
e 2 7 0
e 3 14 0
e 3 6 0
e 4 26 0
e 4 19 0
e 4 23 0
e 4 28 0
e 4 13 0
e 4 15 0
e 4 16 0
e 4 29 0
e 5 6 0
e 5 7 0
e 5 8 0
e 5 12 0
e 5 31 0
e 6 11 0
e 6 27 0
e 6 9 0
e 6 7 0
e 6 12 0
e 6 24 0
e 6 31 0
e 7 27 0
e 7 10 0
e 7 12 0
e 7 8 0
e 7 31 0
e 7 9 0
e 7 14 0
e 8 11 0
e 8 27 0
e 8 12 0
e 9 12 0
e 9 31 0
e 10 20 0
e 11 12 0
e 12 27 0
e 12 31 0
e 12 14 0
e 13 17 0
e 13 22 0
e 13 26 0
e 13 16 0
e 13 15 0
e 13 29 0
e 13 23 0
e 13 21 0
e 13 19 0
e 13 18 0
e 13 25 0
e 13 28 0
e 13 30 0
e 13 20 0
e 14 24 0
e 15 17 0
e 15 26 0
e 15 19 0
e 15 23 0
e 15 21 0
e 15 25 0
e 15 28 0
e 15 16 0
e 15 18 0
e 15 22 0
e 15 29 0
e 16 17 0
e 16 26 0
e 16 19 0
e 16 23 0
e 16 21 0
e 16 25 0
e 16 28 0
e 16 18 0
e 16 22 0
e 16 29 0
e 17 18 0
e 17 29 0
e 18 29 0
e 18 22 0
e 19 23 0
e 20 30 0
e 21 25 0
e 21 29 0
e 22 29 0
e 22 25 0
e 23 26 0
e 23 29 0
e 24 31 0
e 25 29 0
e 26 29 0
e 28 29 0
