t 24 33
v 0 1 2
v 1 36 2
v 2 33 1
v 3 17 1
v 4 34 2
v 5 2 15
v 6 0 1
v 7 21 2
v 8 26 3
v 9 14 2
v 10 3 2
v 11 18 1
v 12 17 6
v 13 28 2
v 14 0 2
v 15 18 1
v 16 12 2
v 17 16 5
v 18 28 2
v 19 24 2
v 20 18 3
v 21 20 3
v 22 18 1
v 23 17 3
e 0 5 0
e 0 7 0
e 1 12 0
e 1 5 0
e 2 12 0
e 3 8 0
e 4 5 0
e 4 17 0
e 5 7 0
e 5 18 0
e 5 16 0
e 5 14 0
e 5 12 0
e 5 8 0
e 5 9 0
e 5 19 0
e 5 13 0
e 5 21 0
e 5 23 0
e 5 11 0
e 6 12 0
e 8 16 0
e 9 17 0
e 10 14 0
e 10 20 0
e 12 17 0
e 12 23 0
e 13 19 0
e 15 21 0
e 17 18 0
e 17 20 0
e 20 23 0
e 21 22 0
