t 40 204
v 0 38 4
v 1 12 7
v 2 12 4
v 3 1 4
v 4 29 9
v 5 34 4
v 6 10 8
v 7 13 8
v 8 7 8
v 9 35 8
v 10 11 23
v 11 22 4
v 12 24 9
v 13 33 7
v 14 29 8
v 15 18 24
v 16 17 9
v 17 27 4
v 18 36 4
v 19 20 14
v 20 14 4
v 21 37 9
v 22 26 7
v 23 21 8
v 24 1 24
v 25 21 9
v 26 38 24
v 27 38 8
v 28 36 8
v 29 0 9
v 30 13 4
v 31 11 23
v 32 21 39
v 33 12 4
v 34 0 39
v 35 9 4
v 36 37 4
v 37 33 4
v 38 25 4
v 39 0 3
e 0 2 0
e 0 11 0
e 0 32 0
e 0 34 0
e 1 10 0
e 1 15 0
e 1 24 0
e 1 26 0
e 1 31 0
e 1 32 0
e 1 34 0
e 2 32 0
e 2 34 0
e 2 35 0
e 3 25 0
e 3 30 0
e 3 32 0
e 3 34 0
e 4 16 0
e 4 10 0
e 4 15 0
e 4 21 0
e 4 24 0
e 4 26 0
e 4 31 0
e 4 32 0
e 4 34 0
e 5 18 0
e 5 32 0
e 5 34 0
e 5 38 0
e 6 10 0
e 6 15 0
e 6 16 0
e 6 24 0
e 6 26 0
e 6 31 0
e 6 32 0
e 6 34 0
e 7 10 0
e 7 15 0
e 7 19 0
e 7 24 0
e 7 26 0
e 7 31 0
e 7 32 0
e 7 34 0
e 8 10 0
e 8 15 0
e 8 19 0
e 8 24 0
e 8 26 0
e 8 31 0
e 8 32 0
e 8 34 0
e 9 10 0
e 9 15 0
e 9 24 0
e 9 26 0
e 9 29 0
e 9 31 0
e 9 32 0
e 9 34 0
e 10 25 0
e 10 28 0
e 10 22 0
e 10 23 0
e 10 27 0
e 10 21 0
e 10 16 0
e 10 12 0
e 10 29 0
e 10 14 0
e 10 19 0
e 10 13 0
e 10 15 0
e 10 24 0
e 10 26 0
e 10 32 0
e 10 34 0
e 11 30 0
e 11 32 0
e 11 34 0
e 12 15 0
e 12 19 0
e 12 24 0
e 12 26 0
e 12 29 0
e 12 31 0
e 12 32 0
e 12 34 0
e 13 15 0
e 13 24 0
e 13 26 0
e 13 31 0
e 13 32 0
e 13 34 0
e 14 15 0
e 14 19 0
e 14 24 0
e 14 26 0
e 14 31 0
e 14 32 0
e 14 34 0
e 15 25 0
e 15 28 0
e 15 22 0
e 15 23 0
e 15 27 0
e 15 21 0
e 15 16 0
e 15 31 0
e 15 26 0
e 15 29 0
e 15 19 0
e 15 24 0
e 15 32 0
e 15 34 0
e 16 24 0
e 16 26 0
e 16 31 0
e 16 32 0
e 16 34 0
e 17 36 0
e 17 20 0
e 17 32 0
e 17 34 0
e 18 33 0
e 18 32 0
e 18 34 0
e 19 28 0
e 19 23 0
e 19 27 0
e 19 24 0
e 19 26 0
e 19 31 0
e 19 32 0
e 19 34 0
e 20 37 0
e 20 32 0
e 20 34 0
e 21 25 0
e 21 24 0
e 21 26 0
e 21 31 0
e 21 32 0
e 21 34 0
e 22 24 0
e 22 26 0
e 22 31 0
e 22 32 0
e 22 34 0
e 23 24 0
e 23 26 0
e 23 31 0
e 23 32 0
e 23 34 0
e 24 25 0
e 24 28 0
e 24 27 0
e 24 31 0
e 24 26 0
e 24 29 0
e 24 32 0
e 24 34 0
e 25 26 0
e 25 31 0
e 25 32 0
e 25 34 0
e 26 28 0
e 26 27 0
e 26 29 0
e 26 31 0
e 26 32 0
e 26 34 0
e 27 31 0
e 27 32 0
e 27 34 0
e 28 31 0
e 28 32 0
e 28 34 0
e 29 31 0
e 29 32 0
e 29 34 0
e 30 32 0
e 30 34 0
e 31 32 0
e 31 34 0
e 32 39 0
e 32 37 0
e 32 38 0
e 32 34 0
e 32 36 0
e 32 33 0
e 32 35 0
e 33 39 0
e 33 34 0
e 34 39 0
e 34 37 0
e 34 38 0
e 34 36 0
e 34 35 0
e 35 36 0
e 37 38 0
