t 40 117
v 0 11 1
v 1 13 6
v 2 9 15
v 3 16 2
v 4 2 5
v 5 32 15
v 6 36 1
v 7 8 14
v 8 26 6
v 9 29 10
v 10 27 1
v 11 21 9
v 12 36 8
v 13 33 15
v 14 17 1
v 15 2 1
v 16 21 8
v 17 29 6
v 18 15 1
v 19 38 5
v 20 31 1
v 21 27 6
v 22 6 1
v 23 12 11
v 24 12 4
v 25 4 3
v 26 39 4
v 27 24 1
v 28 14 8
v 29 28 6
v 30 2 5
v 31 33 7
v 32 12 4
v 33 16 1
v 34 0 7
v 35 9 1
v 36 18 7
v 37 1 19
v 38 14 1
v 39 30 7
e 0 1 0
e 1 2 0
e 1 5 0
e 1 7 0
e 1 13 0
e 1 21 0
e 2 36 0
e 2 30 0
e 2 4 0
e 2 3 0
e 2 12 0
e 2 11 0
e 2 24 0
e 2 32 0
e 2 34 0
e 2 28 0
e 2 31 0
e 2 39 0
e 2 13 0
e 2 37 0
e 3 16 0
e 4 38 0
e 4 7 0
e 4 9 0
e 4 16 0
e 5 36 0
e 5 8 0
e 5 30 0
e 5 12 0
e 5 7 0
e 5 19 0
e 5 17 0
e 5 13 0
e 5 11 0
e 5 34 0
e 5 28 0
e 5 31 0
e 5 39 0
e 5 37 0
e 6 12 0
e 7 36 0
e 7 8 0
e 7 12 0
e 7 19 0
e 7 25 0
e 7 23 0
e 7 13 0
e 7 11 0
e 7 34 0
e 7 31 0
e 7 37 0
e 8 9 0
e 8 16 0
e 8 23 0
e 8 37 0
e 9 30 0
e 9 13 0
e 9 23 0
e 9 24 0
e 9 32 0
e 9 28 0
e 9 19 0
e 9 37 0
e 10 12 0
e 11 15 0
e 11 13 0
e 11 21 0
e 11 23 0
e 11 29 0
e 11 37 0
e 12 13 0
e 12 16 0
e 12 37 0
e 13 26 0
e 13 30 0
e 13 17 0
e 13 23 0
e 13 32 0
e 13 28 0
e 13 31 0
e 13 37 0
e 14 17 0
e 16 36 0
e 16 17 0
e 16 24 0
e 16 34 0
e 17 23 0
e 17 37 0
e 18 39 0
e 19 21 0
e 19 37 0
e 20 34 0
e 21 26 0
e 21 28 0
e 21 39 0
e 22 28 0
e 23 36 0
e 23 26 0
e 23 31 0
e 23 39 0
e 23 37 0
e 24 37 0
e 25 29 0
e 25 37 0
e 26 37 0
e 27 34 0
e 28 29 0
e 28 37 0
e 29 36 0
e 29 31 0
e 29 39 0
e 30 37 0
e 31 33 0
e 32 37 0
e 34 37 0
e 35 36 0
e 37 39 0
