t 32 182
v 0 2 6
v 1 35 4
v 2 20 5
v 3 23 26
v 4 36 1
v 5 10 27
v 6 18 4
v 7 38 5
v 8 26 16
v 9 1 25
v 10 12 4
v 11 26 11
v 12 20 4
v 13 10 11
v 14 3 4
v 15 9 14
v 16 26 9
v 17 32 17
v 18 27 9
v 19 24 7
v 20 6 27
v 21 13 14
v 22 16 10
v 23 36 15
v 24 35 18
v 25 39 10
v 26 12 18
v 27 18 7
v 28 8 12
v 29 7 5
v 30 10 4
v 31 27 15
e 0 2 0
e 0 10 0
e 0 3 0
e 0 5 0
e 0 9 0
e 0 20 0
e 1 3 0
e 1 5 0
e 1 9 0
e 1 23 0
e 2 3 0
e 2 5 0
e 2 9 0
e 2 20 0
e 3 12 0
e 3 7 0
e 3 27 0
e 3 6 0
e 3 19 0
e 3 29 0
e 3 10 0
e 3 31 0
e 3 21 0
e 3 15 0
e 3 26 0
e 3 17 0
e 3 24 0
e 3 8 0
e 3 11 0
e 3 13 0
e 3 22 0
e 3 28 0
e 3 25 0
e 3 18 0
e 3 5 0
e 3 9 0
e 3 20 0
e 4 7 0
e 5 12 0
e 5 7 0
e 5 14 0
e 5 27 0
e 5 19 0
e 5 6 0
e 5 10 0
e 5 31 0
e 5 21 0
e 5 15 0
e 5 23 0
e 5 26 0
e 5 17 0
e 5 24 0
e 5 8 0
e 5 11 0
e 5 13 0
e 5 20 0
e 5 9 0
e 5 22 0
e 5 16 0
e 5 28 0
e 5 18 0
e 6 9 0
e 6 20 0
e 7 9 0
e 7 20 0
e 8 11 0
e 8 13 0
e 8 16 0
e 8 28 0
e 8 25 0
e 8 9 0
e 8 15 0
e 8 17 0
e 8 20 0
e 8 21 0
e 8 23 0
e 8 24 0
e 8 26 0
e 8 31 0
e 9 12 0
e 9 14 0
e 9 27 0
e 9 19 0
e 9 29 0
e 9 30 0
e 9 15 0
e 9 26 0
e 9 17 0
e 9 24 0
e 9 11 0
e 9 22 0
e 9 16 0
e 9 28 0
e 9 25 0
e 9 18 0
e 9 20 0
e 10 20 0
e 11 17 0
e 11 20 0
e 11 21 0
e 11 23 0
e 11 24 0
e 11 26 0
e 11 31 0
e 12 20 0
e 13 15 0
e 13 17 0
e 13 20 0
e 13 21 0
e 13 23 0
e 13 24 0
e 13 26 0
e 13 31 0
e 14 27 0
e 14 20 0
e 15 23 0
e 15 26 0
e 15 17 0
e 15 24 0
e 15 22 0
e 15 16 0
e 15 28 0
e 15 20 0
e 15 31 0
e 16 20 0
e 16 21 0
e 16 24 0
e 16 26 0
e 16 31 0
e 17 24 0
e 17 22 0
e 17 28 0
e 17 25 0
e 17 18 0
e 17 20 0
e 17 21 0
e 17 23 0
e 17 26 0
e 17 31 0
e 18 20 0
e 18 23 0
e 18 24 0
e 18 26 0
e 18 31 0
e 19 29 0
e 19 30 0
e 19 20 0
e 19 27 0
e 20 29 0
e 20 30 0
e 20 21 0
e 20 23 0
e 20 26 0
e 20 24 0
e 20 22 0
e 20 28 0
e 20 25 0
e 21 23 0
e 21 26 0
e 21 24 0
e 21 28 0
e 21 25 0
e 21 31 0
e 22 23 0
e 22 24 0
e 22 26 0
e 22 31 0
e 23 26 0
e 23 24 0
e 23 28 0
e 23 25 0
e 24 28 0
e 24 25 0
e 24 26 0
e 24 31 0
e 25 26 0
e 25 31 0
e 26 28 0
e 26 31 0
e 27 29 0
e 27 30 0
e 28 31 0
