t 40 118
v 0 33 5
v 1 28 3
v 2 15 35
v 3 9 6
v 4 27 6
v 5 25 3
v 6 23 4
v 7 7 6
v 8 33 6
v 9 28 4
v 10 18 4
v 11 16 5
v 12 16 3
v 13 0 3
v 14 5 3
v 15 35 38
v 16 19 4
v 17 16 4
v 18 34 3
v 19 6 3
v 20 5 4
v 21 16 5
v 22 10 5
v 23 11 4
v 24 17 4
v 25 25 4
v 26 34 10
v 27 5 3
v 28 18 3
v 29 38 5
v 30 28 2
v 31 9 4
v 32 31 4
v 33 29 3
v 34 15 3
v 35 7 7
v 36 31 5
v 37 9 7
v 38 24 4
v 39 6 2
e 0 4 0
e 0 2 0
e 0 15 0
e 0 35 0
e 0 37 0
e 1 2 0
e 1 4 0
e 1 15 0
e 2 33 0
e 2 4 0
e 2 14 0
e 2 19 0
e 2 18 0
e 2 28 0
e 2 36 0
e 2 16 0
e 2 7 0
e 2 3 0
e 2 21 0
e 2 15 0
e 2 17 0
e 2 35 0
e 2 37 0
e 2 5 0
e 2 23 0
e 2 31 0
e 2 6 0
e 2 11 0
e 2 22 0
e 2 26 0
e 2 27 0
e 2 9 0
e 2 38 0
e 2 20 0
e 2 24 0
e 2 25 0
e 2 30 0
e 2 32 0
e 2 13 0
e 2 8 0
e 2 34 0
e 3 17 0
e 3 5 0
e 3 36 0
e 3 7 0
e 3 15 0
e 4 15 0
e 4 35 0
e 4 37 0
e 5 15 0
e 6 14 0
e 6 12 0
e 6 15 0
e 7 17 0
e 7 36 0
e 7 15 0
e 7 26 0
e 8 10 0
e 8 36 0
e 8 11 0
e 8 15 0
e 8 26 0
e 9 38 0
e 9 15 0
e 9 39 0
e 10 11 0
e 10 15 0
e 10 26 0
e 11 15 0
e 11 20 0
e 12 15 0
e 12 23 0
e 13 15 0
e 13 26 0
e 14 15 0
e 15 33 0
e 15 39 0
e 15 19 0
e 15 18 0
e 15 28 0
e 15 36 0
e 15 16 0
e 15 21 0
e 15 17 0
e 15 37 0
e 15 23 0
e 15 31 0
e 15 29 0
e 15 26 0
e 15 22 0
e 15 27 0
e 15 38 0
e 15 20 0
e 15 24 0
e 15 25 0
e 15 30 0
e 15 32 0
e 15 34 0
e 16 22 0
e 16 26 0
e 18 25 0
e 19 22 0
e 20 31 0
e 21 25 0
e 21 35 0
e 21 37 0
e 22 26 0
e 23 29 0
e 24 35 0
e 24 37 0
e 26 29 0
e 26 32 0
e 27 31 0
e 28 33 0
e 29 32 0
e 29 34 0
e 35 37 0
e 35 38 0
