t 40 138
v 0 29 4
v 1 22 5
v 2 9 4
v 3 39 3
v 4 23 7
v 5 20 9
v 6 11 5
v 7 0 6
v 8 15 31
v 9 15 5
v 10 10 8
v 11 33 28
v 12 17 6
v 13 37 5
v 14 7 7
v 15 5 4
v 16 23 9
v 17 8 8
v 18 5 2
v 19 7 6
v 20 1 3
v 21 22 8
v 22 5 5
v 23 13 6
v 24 8 6
v 25 5 4
v 26 17 4
v 27 24 5
v 28 30 8
v 29 14 4
v 30 24 3
v 31 3 8
v 32 11 6
v 33 6 10
v 34 9 6
v 35 2 8
v 36 1 5
v 37 33 4
v 38 5 9
v 39 18 2
e 0 20 0
e 0 1 0
e 0 8 0
e 0 19 0
e 1 19 0
e 1 2 0
e 1 15 0
e 1 8 0
e 2 3 0
e 2 8 0
e 2 19 0
e 3 8 0
e 3 30 0
e 4 14 0
e 4 8 0
e 4 11 0
e 4 21 0
e 4 28 0
e 4 31 0
e 4 35 0
e 5 8 0
e 5 11 0
e 5 13 0
e 5 17 0
e 5 21 0
e 5 28 0
e 5 31 0
e 5 35 0
e 5 38 0
e 6 8 0
e 6 11 0
e 6 16 0
e 6 23 0
e 6 33 0
e 7 9 0
e 7 22 0
e 7 10 0
e 7 11 0
e 7 16 0
e 7 33 0
e 8 19 0
e 8 38 0
e 8 39 0
e 8 18 0
e 8 12 0
e 8 34 0
e 8 37 0
e 8 36 0
e 8 24 0
e 8 13 0
e 8 32 0
e 8 27 0
e 8 15 0
e 8 28 0
e 8 30 0
e 8 21 0
e 8 17 0
e 8 35 0
e 8 23 0
e 8 31 0
e 8 29 0
e 8 20 0
e 8 14 0
e 8 11 0
e 9 10 0
e 9 11 0
e 9 16 0
e 9 33 0
e 10 25 0
e 10 22 0
e 10 26 0
e 10 11 0
e 10 16 0
e 10 33 0
e 11 38 0
e 11 12 0
e 11 25 0
e 11 34 0
e 11 37 0
e 11 36 0
e 11 24 0
e 11 13 0
e 11 27 0
e 11 16 0
e 11 33 0
e 11 32 0
e 11 22 0
e 11 28 0
e 11 21 0
e 11 35 0
e 11 23 0
e 11 29 0
e 11 31 0
e 11 26 0
e 11 14 0
e 12 21 0
e 12 28 0
e 12 31 0
e 12 35 0
e 13 17 0
e 13 38 0
e 14 21 0
e 14 28 0
e 14 31 0
e 14 35 0
e 15 18 0
e 15 19 0
e 16 23 0
e 16 25 0
e 16 22 0
e 16 26 0
e 17 37 0
e 17 36 0
e 17 24 0
e 17 38 0
e 17 27 0
e 19 20 0
e 21 34 0
e 21 32 0
e 22 33 0
e 23 29 0
e 23 33 0
e 24 27 0
e 24 36 0
e 24 38 0
e 25 33 0
e 26 33 0
e 27 38 0
e 28 34 0
e 28 32 0
e 29 33 0
e 30 39 0
e 31 34 0
e 31 32 0
e 32 35 0
e 34 35 0
e 36 38 0
e 37 38 0
