t 32 72
v 0 4 5
v 1 4 2
v 2 6 2
v 3 26 4
v 4 35 3
v 5 39 4
v 6 7 3
v 7 30 5
v 8 39 3
v 9 29 4
v 10 17 3
v 11 26 4
v 12 21 6
v 13 37 3
v 14 34 3
v 15 28 3
v 16 6 2
v 17 36 3
v 18 2 3
v 19 28 7
v 20 13 3
v 21 37 3
v 22 14 2
v 23 25 5
v 24 19 4
v 25 2 21
v 26 24 2
v 27 26 2
v 28 1 21
v 29 13 2
v 30 20 2
v 31 10 5
e 0 3 0
e 0 19 0
e 0 25 0
e 0 28 0
e 0 31 0
e 1 10 0
e 1 28 0
e 2 25 0
e 2 28 0
e 3 17 0
e 3 9 0
e 3 28 0
e 4 7 0
e 4 12 0
e 4 25 0
e 5 7 0
e 5 8 0
e 5 12 0
e 5 28 0
e 6 14 0
e 6 25 0
e 6 28 0
e 7 12 0
e 7 25 0
e 7 28 0
e 8 10 0
e 8 25 0
e 9 19 0
e 9 24 0
e 9 28 0
e 10 28 0
e 11 21 0
e 11 23 0
e 11 24 0
e 11 25 0
e 12 19 0
e 12 25 0
e 12 28 0
e 13 25 0
e 13 26 0
e 13 28 0
e 14 25 0
e 14 28 0
e 15 19 0
e 15 25 0
e 15 31 0
e 16 17 0
e 16 30 0
e 17 25 0
e 18 23 0
e 18 25 0
e 18 28 0
e 19 31 0
e 19 25 0
e 19 28 0
e 20 23 0
e 20 25 0
e 20 28 0
e 21 25 0
e 21 28 0
e 22 30 0
e 22 27 0
e 23 25 0
e 23 28 0
e 24 27 0
e 24 25 0
e 25 29 0
e 25 31 0
e 25 28 0
e 26 28 0
e 28 29 0
e 28 31 0
