t 24 89
v 0 23 6
v 1 30 5
v 2 30 4
v 3 33 16
v 4 33 6
v 5 34 3
v 6 35 5
v 7 28 2
v 8 33 2
v 9 26 2
v 10 10 5
v 11 14 6
v 12 11 14
v 13 12 6
v 14 20 21
v 15 25 6
v 16 6 3
v 17 39 20
v 18 5 6
v 19 31 6
v 20 7 8
v 21 38 3
v 22 15 6
v 23 25 17
e 0 18 0
e 0 3 0
e 0 12 0
e 0 14 0
e 0 17 0
e 0 23 0
e 1 3 0
e 1 4 0
e 1 14 0
e 1 17 0
e 1 23 0
e 2 3 0
e 2 14 0
e 2 17 0
e 2 23 0
e 3 6 0
e 3 18 0
e 3 10 0
e 3 13 0
e 3 7 0
e 3 20 0
e 3 12 0
e 3 15 0
e 3 22 0
e 3 11 0
e 3 19 0
e 3 14 0
e 3 17 0
e 4 12 0
e 4 14 0
e 4 15 0
e 4 17 0
e 4 23 0
e 5 14 0
e 5 17 0
e 5 22 0
e 6 12 0
e 6 14 0
e 6 17 0
e 6 23 0
e 7 23 0
e 8 10 0
e 8 14 0
e 9 14 0
e 9 20 0
e 10 14 0
e 10 17 0
e 10 23 0
e 11 12 0
e 11 14 0
e 11 15 0
e 11 17 0
e 11 23 0
e 12 16 0
e 12 13 0
e 12 20 0
e 12 15 0
e 12 22 0
e 12 19 0
e 12 14 0
e 12 17 0
e 12 23 0
e 13 20 0
e 13 14 0
e 13 17 0
e 13 23 0
e 14 15 0
e 14 18 0
e 14 19 0
e 14 20 0
e 14 21 0
e 14 23 0
e 14 17 0
e 14 22 0
e 15 17 0
e 16 17 0
e 16 23 0
e 17 18 0
e 17 19 0
e 17 20 0
e 17 21 0
e 17 23 0
e 17 22 0
e 18 19 0
e 18 23 0
e 19 23 0
e 20 21 0
e 20 23 0
e 22 23 0
