t 24 75
v 0 11 4
v 1 27 4
v 2 15 2
v 3 10 2
v 4 1 12
v 5 19 6
v 6 14 4
v 7 24 6
v 8 20 5
v 9 24 1
v 10 16 13
v 11 33 6
v 12 29 15
v 13 4 14
v 14 13 3
v 15 24 6
v 16 36 7
v 17 23 5
v 18 25 10
v 19 35 2
v 20 34 10
v 21 32 5
v 22 7 3
v 23 6 5
e 0 4 0
e 0 10 0
e 0 12 0
e 0 13 0
e 1 2 0
e 1 4 0
e 1 12 0
e 1 13 0
e 2 19 0
e 3 4 0
e 3 12 0
e 4 10 0
e 4 23 0
e 4 20 0
e 4 16 0
e 4 19 0
e 4 13 0
e 4 7 0
e 4 5 0
e 4 15 0
e 5 10 0
e 5 12 0
e 5 13 0
e 5 18 0
e 5 22 0
e 6 12 0
e 6 13 0
e 6 18 0
e 6 20 0
e 7 10 0
e 7 11 0
e 7 12 0
e 7 13 0
e 7 20 0
e 8 10 0
e 8 12 0
e 8 14 0
e 8 18 0
e 8 20 0
e 9 11 0
e 10 11 0
e 10 12 0
e 10 16 0
e 10 20 0
e 10 23 0
e 10 21 0
e 10 15 0
e 10 18 0
e 11 12 0
e 11 13 0
e 11 18 0
e 12 16 0
e 12 13 0
e 12 17 0
e 12 23 0
e 12 21 0
e 12 15 0
e 13 16 0
e 13 17 0
e 13 23 0
e 13 21 0
e 13 15 0
e 13 18 0
e 14 17 0
e 14 16 0
e 15 18 0
e 15 20 0
e 16 18 0
e 16 20 0
e 17 18 0
e 17 20 0
e 18 20 0
e 20 21 0
e 21 22 0
e 22 23 0
