t 24 107
v 0 15 8
v 1 14 5
v 2 32 18
v 3 14 17
v 4 13 6
v 5 30 4
v 6 29 16
v 7 31 5
v 8 9 18
v 9 32 5
v 10 25 9
v 11 14 7
v 12 27 7
v 13 6 8
v 14 10 7
v 15 34 8
v 16 6 8
v 17 1 16
v 18 17 5
v 19 13 21
v 20 33 4
v 21 29 4
v 22 34 3
v 23 36 5
e 0 16 0
e 0 14 0
e 0 2 0
e 0 3 0
e 0 6 0
e 0 8 0
e 0 17 0
e 0 19 0
e 1 23 0
e 1 21 0
e 1 8 0
e 1 19 0
e 1 20 0
e 2 10 0
e 2 11 0
e 2 13 0
e 2 17 0
e 2 7 0
e 2 8 0
e 2 3 0
e 2 15 0
e 2 16 0
e 2 23 0
e 2 6 0
e 2 22 0
e 2 21 0
e 2 19 0
e 2 12 0
e 2 20 0
e 2 14 0
e 3 11 0
e 3 10 0
e 3 7 0
e 3 4 0
e 3 13 0
e 3 15 0
e 3 18 0
e 3 16 0
e 3 6 0
e 3 12 0
e 3 9 0
e 3 14 0
e 3 8 0
e 3 17 0
e 3 19 0
e 4 6 0
e 4 8 0
e 4 10 0
e 4 13 0
e 4 19 0
e 5 6 0
e 5 8 0
e 5 17 0
e 5 19 0
e 6 11 0
e 6 10 0
e 6 13 0
e 6 15 0
e 6 18 0
e 6 16 0
e 6 12 0
e 6 14 0
e 6 8 0
e 6 17 0
e 6 19 0
e 7 9 0
e 7 13 0
e 7 19 0
e 8 11 0
e 8 10 0
e 8 17 0
e 8 15 0
e 8 18 0
e 8 16 0
e 8 23 0
e 8 21 0
e 8 9 0
e 8 14 0
e 8 20 0
e 9 17 0
e 9 19 0
e 10 15 0
e 10 12 0
e 10 17 0
e 10 19 0
e 11 16 0
e 11 17 0
e 11 19 0
e 12 13 0
e 12 17 0
e 12 19 0
e 13 15 0
e 13 17 0
e 14 17 0
e 14 19 0
e 15 17 0
e 15 19 0
e 16 17 0
e 16 19 0
e 17 18 0
e 17 19 0
e 18 19 0
e 19 23 0
e 19 22 0
e 19 21 0
e 19 20 0
e 22 23 0
