t 24 53
v 0 38 3
v 1 2 2
v 2 27 3
v 3 24 10
v 4 15 11
v 5 36 2
v 6 19 4
v 7 21 4
v 8 21 4
v 9 34 4
v 10 31 4
v 11 21 3
v 12 8 3
v 13 22 7
v 14 5 4
v 15 28 3
v 16 36 4
v 17 39 3
v 18 24 2
v 19 17 5
v 20 28 7
v 21 35 3
v 22 25 4
v 23 33 7
e 0 3 0
e 0 4 0
e 0 15 0
e 1 4 0
e 1 13 0
e 2 11 0
e 2 3 0
e 2 4 0
e 3 21 0
e 3 16 0
e 3 23 0
e 3 20 0
e 3 11 0
e 3 6 0
e 3 22 0
e 3 19 0
e 4 18 0
e 4 17 0
e 4 15 0
e 4 8 0
e 4 9 0
e 4 10 0
e 4 14 0
e 4 7 0
e 5 14 0
e 5 13 0
e 6 12 0
e 6 20 0
e 6 23 0
e 7 8 0
e 7 10 0
e 7 14 0
e 8 9 0
e 8 13 0
e 9 10 0
e 9 13 0
e 10 13 0
e 11 15 0
e 12 19 0
e 12 22 0
e 13 17 0
e 13 14 0
e 16 19 0
e 16 23 0
e 16 20 0
e 17 18 0
e 19 20 0
e 19 23 0
e 20 21 0
e 20 22 0
e 20 23 0
e 21 23 0
e 22 23 0
