t 40 76
v 0 4 3
v 1 5 1
v 2 15 1
v 3 27 2
v 4 30 3
v 5 27 1
v 6 5 1
v 7 24 4
v 8 7 2
v 9 10 3
v 10 39 1
v 11 31 3
v 12 5 3
v 13 7 5
v 14 25 3
v 15 32 3
v 16 26 3
v 17 3 3
v 18 10 6
v 19 9 3
v 20 16 2
v 21 5 4
v 22 32 3
v 23 20 4
v 24 16 2
v 25 36 3
v 26 33 20
v 27 17 1
v 28 30 2
v 29 15 4
v 30 32 3
v 31 36 3
v 32 7 3
v 33 36 6
v 34 32 3
v 35 15 20
v 36 11 4
v 37 28 6
v 38 13 3
v 39 25 2
e 0 19 0
e 0 29 0
e 0 35 0
e 1 19 0
e 2 35 0
e 3 26 0
e 3 37 0
e 4 39 0
e 4 23 0
e 4 35 0
e 5 35 0
e 6 12 0
e 7 28 0
e 7 16 0
e 7 26 0
e 7 35 0
e 8 20 0
e 8 35 0
e 9 15 0
e 9 26 0
e 9 35 0
e 10 35 0
e 11 36 0
e 11 32 0
e 11 13 0
e 12 15 0
e 12 26 0
e 13 14 0
e 13 17 0
e 13 21 0
e 13 26 0
e 14 26 0
e 14 35 0
e 15 35 0
e 16 26 0
e 16 36 0
e 17 26 0
e 17 35 0
e 18 25 0
e 18 26 0
e 18 30 0
e 18 33 0
e 18 37 0
e 18 38 0
e 19 35 0
e 20 26 0
e 21 23 0
e 21 26 0
e 21 35 0
e 22 29 0
e 22 24 0
e 22 35 0
e 23 26 0
e 23 35 0
e 24 29 0
e 25 26 0
e 25 33 0
e 26 34 0
e 26 31 0
e 26 32 0
e 26 36 0
e 26 27 0
e 26 33 0
e 26 37 0
e 28 35 0
e 29 35 0
e 30 33 0
e 30 37 0
e 31 34 0
e 31 39 0
e 32 35 0
e 33 37 0
e 33 38 0
e 34 35 0
e 35 36 0
e 37 38 0
