t 32 95
v 0 35 9
v 1 17 5
v 2 36 13
v 3 14 7
v 4 35 1
v 5 2 4
v 6 12 9
v 7 32 7
v 8 7 18
v 9 28 2
v 10 5 18
v 11 6 2
v 12 4 8
v 13 7 3
v 14 19 6
v 15 22 7
v 16 22 3
v 17 11 4
v 18 25 7
v 19 24 5
v 20 6 5
v 21 35 7
v 22 20 4
v 23 34 5
v 24 4 4
v 25 0 2
v 26 8 6
v 27 10 3
v 28 16 1
v 29 25 3
v 30 19 2
v 31 19 10
e 0 6 0
e 0 2 0
e 0 5 0
e 0 7 0
e 0 8 0
e 0 10 0
e 0 12 0
e 0 13 0
e 0 15 0
e 1 27 0
e 1 11 0
e 1 26 0
e 1 8 0
e 1 10 0
e 2 19 0
e 2 17 0
e 2 18 0
e 2 31 0
e 2 14 0
e 2 16 0
e 2 3 0
e 2 24 0
e 2 20 0
e 2 6 0
e 2 23 0
e 2 21 0
e 3 7 0
e 3 8 0
e 3 9 0
e 3 10 0
e 3 12 0
e 3 15 0
e 4 17 0
e 5 6 0
e 5 18 0
e 5 31 0
e 6 7 0
e 6 8 0
e 6 10 0
e 6 12 0
e 6 13 0
e 6 15 0
e 7 18 0
e 7 31 0
e 7 22 0
e 7 23 0
e 8 19 0
e 8 17 0
e 8 10 0
e 8 18 0
e 8 29 0
e 8 31 0
e 8 23 0
e 8 22 0
e 8 24 0
e 8 20 0
e 8 14 0
e 8 26 0
e 8 21 0
e 8 28 0
e 9 22 0
e 10 19 0
e 10 29 0
e 10 18 0
e 10 31 0
e 10 27 0
e 10 16 0
e 10 22 0
e 10 23 0
e 10 24 0
e 10 20 0
e 10 14 0
e 10 26 0
e 10 21 0
e 11 26 0
e 12 18 0
e 12 31 0
e 12 14 0
e 12 23 0
e 12 21 0
e 13 31 0
e 14 21 0
e 14 15 0
e 15 18 0
e 15 31 0
e 15 21 0
e 16 20 0
e 17 19 0
e 19 30 0
e 20 30 0
e 21 31 0
e 24 25 0
e 25 31 0
e 26 29 0
e 26 27 0
