t 40 199
v 0 27 5
v 1 1 8
v 2 25 8
v 3 12 5
v 4 34 5
v 5 37 9
v 6 8 8
v 7 6 16
v 8 11 8
v 9 7 10
v 10 9 32
v 11 35 6
v 12 6 13
v 13 31 6
v 14 14 1
v 15 10 8
v 16 39 8
v 17 12 13
v 18 27 8
v 19 6 33
v 20 1 7
v 21 39 8
v 22 20 6
v 23 24 1
v 24 27 1
v 25 3 6
v 26 16 2
v 27 16 5
v 28 31 14
v 29 2 13
v 30 2 32
v 31 35 4
v 32 13 8
v 33 14 32
v 34 22 10
v 35 4 3
v 36 27 4
v 37 5 10
v 38 0 9
v 39 7 13
e 0 22 0
e 0 20 0
e 0 13 0
e 0 25 0
e 0 18 0
e 1 2 0
e 1 5 0
e 1 6 0
e 1 10 0
e 1 15 0
e 1 19 0
e 1 30 0
e 1 33 0
e 2 15 0
e 2 10 0
e 2 12 0
e 2 19 0
e 2 28 0
e 2 30 0
e 2 33 0
e 3 11 0
e 3 10 0
e 3 19 0
e 3 30 0
e 3 33 0
e 4 31 0
e 4 27 0
e 4 19 0
e 4 30 0
e 4 33 0
e 5 15 0
e 5 7 0
e 5 10 0
e 5 12 0
e 5 19 0
e 5 28 0
e 5 30 0
e 5 33 0
e 6 11 0
e 6 15 0
e 6 7 0
e 6 10 0
e 6 19 0
e 6 30 0
e 6 33 0
e 7 8 0
e 7 32 0
e 7 37 0
e 7 34 0
e 7 16 0
e 7 21 0
e 7 38 0
e 7 9 0
e 7 10 0
e 7 12 0
e 7 19 0
e 7 28 0
e 7 30 0
e 7 33 0
e 8 39 0
e 8 17 0
e 8 29 0
e 8 10 0
e 8 19 0
e 8 30 0
e 8 33 0
e 9 39 0
e 9 17 0
e 9 29 0
e 9 10 0
e 9 12 0
e 9 19 0
e 9 28 0
e 9 30 0
e 9 33 0
e 10 22 0
e 10 33 0
e 10 34 0
e 10 37 0
e 10 19 0
e 10 30 0
e 10 27 0
e 10 20 0
e 10 12 0
e 10 28 0
e 10 11 0
e 10 39 0
e 10 13 0
e 10 17 0
e 10 29 0
e 10 25 0
e 10 32 0
e 10 16 0
e 10 36 0
e 10 21 0
e 10 38 0
e 10 31 0
e 10 15 0
e 10 18 0
e 11 19 0
e 11 30 0
e 11 33 0
e 12 35 0
e 12 37 0
e 12 34 0
e 12 26 0
e 12 38 0
e 12 28 0
e 12 19 0
e 12 30 0
e 13 18 0
e 13 19 0
e 13 30 0
e 13 33 0
e 14 38 0
e 15 19 0
e 15 30 0
e 15 33 0
e 16 39 0
e 16 17 0
e 16 29 0
e 16 19 0
e 16 30 0
e 16 33 0
e 17 29 0
e 17 19 0
e 17 21 0
e 17 30 0
e 17 32 0
e 17 33 0
e 17 34 0
e 17 37 0
e 17 39 0
e 18 22 0
e 18 25 0
e 18 19 0
e 18 30 0
e 18 33 0
e 19 22 0
e 19 34 0
e 19 37 0
e 19 30 0
e 19 27 0
e 19 20 0
e 19 28 0
e 19 39 0
e 19 29 0
e 19 25 0
e 19 32 0
e 19 36 0
e 19 21 0
e 19 38 0
e 19 31 0
e 19 33 0
e 20 24 0
e 20 23 0
e 20 30 0
e 20 33 0
e 21 39 0
e 21 29 0
e 21 30 0
e 21 33 0
e 22 30 0
e 22 33 0
e 25 30 0
e 25 33 0
e 26 28 0
e 27 30 0
e 27 33 0
e 28 35 0
e 28 37 0
e 28 34 0
e 28 38 0
e 28 30 0
e 28 33 0
e 29 30 0
e 29 32 0
e 29 33 0
e 29 34 0
e 29 37 0
e 29 39 0
e 30 34 0
e 30 37 0
e 30 39 0
e 30 32 0
e 30 36 0
e 30 38 0
e 30 33 0
e 31 33 0
e 32 39 0
e 32 33 0
e 33 37 0
e 33 34 0
e 33 39 0
e 33 36 0
e 33 38 0
e 34 39 0
e 35 38 0
e 37 39 0
