t 40 62
v 0 23 3
v 1 12 4
v 2 0 14
v 3 9 2
v 4 25 3
v 5 13 3
v 6 12 3
v 7 5 3
v 8 28 3
v 9 20 4
v 10 21 4
v 11 33 2
v 12 14 4
v 13 0 2
v 14 25 3
v 15 8 5
v 16 12 4
v 17 34 3
v 18 6 2
v 19 27 3
v 20 6 2
v 21 16 2
v 22 37 4
v 23 27 2
v 24 0 1
v 25 15 6
v 26 7 2
v 27 6 3
v 28 19 2
v 29 25 2
v 30 1 3
v 31 26 2
v 32 22 5
v 33 32 2
v 34 33 3
v 35 2 2
v 36 28 2
v 37 36 2
v 38 20 2
v 39 35 1
e 0 37 0
e 0 1 0
e 0 2 0
e 1 33 0
e 1 2 0
e 1 9 0
e 2 7 0
e 2 6 0
e 2 27 0
e 2 14 0
e 2 17 0
e 2 3 0
e 2 4 0
e 2 33 0
e 2 5 0
e 2 8 0
e 2 9 0
e 2 32 0
e 3 17 0
e 4 27 0
e 4 5 0
e 5 14 0
e 6 7 0
e 6 14 0
e 7 8 0
e 8 9 0
e 9 25 0
e 10 12 0
e 10 15 0
e 10 16 0
e 10 25 0
e 11 22 0
e 11 32 0
e 12 15 0
e 12 16 0
e 12 25 0
e 13 30 0
e 13 29 0
e 15 19 0
e 15 16 0
e 15 25 0
e 16 25 0
e 17 27 0
e 18 20 0
e 18 21 0
e 19 25 0
e 19 36 0
e 20 26 0
e 21 28 0
e 22 30 0
e 22 34 0
e 22 32 0
e 23 38 0
e 23 39 0
e 24 26 0
e 28 29 0
e 30 32 0
e 31 34 0
e 31 35 0
e 32 34 0
e 35 36 0
e 37 38 0
