t 24 53
v 0 24 6
v 1 31 8
v 2 11 3
v 3 30 3
v 4 36 7
v 5 36 3
v 6 20 8
v 7 2 4
v 8 6 6
v 9 20 2
v 10 33 7
v 11 35 4
v 12 13 9
v 13 6 2
v 14 27 2
v 15 2 9
v 16 38 3
v 17 15 4
v 18 2 4
v 19 24 1
v 20 8 3
v 21 38 3
v 22 2 4
v 23 19 1
e 0 1 0
e 0 4 0
e 0 6 0
e 0 10 0
e 0 12 0
e 0 15 0
e 1 8 0
e 1 7 0
e 1 11 0
e 1 5 0
e 1 4 0
e 1 12 0
e 1 3 0
e 2 17 0
e 2 14 0
e 2 22 0
e 3 12 0
e 3 15 0
e 4 11 0
e 4 12 0
e 4 15 0
e 4 6 0
e 4 10 0
e 5 8 0
e 5 10 0
e 6 8 0
e 6 7 0
e 6 11 0
e 6 12 0
e 6 15 0
e 6 10 0
e 7 12 0
e 7 15 0
e 8 10 0
e 8 12 0
e 8 15 0
e 9 22 0
e 9 19 0
e 10 16 0
e 10 17 0
e 11 15 0
e 12 15 0
e 12 16 0
e 13 20 0
e 13 21 0
e 14 23 0
e 15 16 0
e 17 18 0
e 17 22 0
e 18 20 0
e 18 21 0
e 18 22 0
e 20 21 0
