t 16 42
v 0 3 5
v 1 14 5
v 2 21 9
v 3 20 9
v 4 18 1
v 5 28 3
v 6 0 4
v 7 18 2
v 8 6 10
v 9 30 6
v 10 23 5
v 11 12 3
v 12 0 1
v 13 32 5
v 14 16 6
v 15 36 10
e 0 1 0
e 0 2 0
e 0 3 0
e 0 8 0
e 0 15 0
e 1 2 0
e 1 3 0
e 1 8 0
e 1 15 0
e 2 6 0
e 2 10 0
e 2 13 0
e 2 9 0
e 2 11 0
e 2 14 0
e 2 12 0
e 3 10 0
e 3 15 0
e 3 8 0
e 3 13 0
e 3 14 0
e 3 5 0
e 3 9 0
e 4 8 0
e 5 7 0
e 5 15 0
e 6 8 0
e 6 9 0
e 6 15 0
e 7 15 0
e 8 10 0
e 8 13 0
e 8 11 0
e 8 14 0
e 8 9 0
e 9 10 0
e 9 15 0
e 10 15 0
e 11 14 0
e 13 14 0
e 13 15 0
e 14 15 0
