t 40 39
v 0 14 2
v 1 7 2
v 2 26 2
v 3 26 2
v 4 5 2
v 5 18 2
v 6 32 2
v 7 21 2
v 8 15 2
v 9 34 2
v 10 29 2
v 11 18 2
v 12 31 2
v 13 12 2
v 14 29 2
v 15 38 2
v 16 27 2
v 17 5 1
v 18 37 2
v 19 29 2
v 20 26 2
v 21 29 2
v 22 28 2
v 23 23 2
v 24 8 1
v 25 4 2
v 26 8 2
v 27 36 2
v 28 14 2
v 29 30 2
v 30 20 2
v 31 29 2
v 32 6 2
v 33 37 2
v 34 14 2
v 35 12 2
v 36 37 2
v 37 6 2
v 38 25 2
v 39 9 2
e 0 2 0
e 0 22 0
e 1 12 0
e 1 30 0
e 2 36 0
e 3 5 0
e 3 36 0
e 4 12 0
e 4 16 0
e 5 27 0
e 6 38 0
e 6 32 0
e 7 24 0
e 7 28 0
e 8 29 0
e 8 19 0
e 9 10 0
e 9 22 0
e 10 20 0
e 11 19 0
e 11 23 0
e 13 37 0
e 13 35 0
e 14 21 0
e 14 23 0
e 15 18 0
e 15 17 0
e 16 21 0
e 18 20 0
e 25 27 0
e 25 32 0
e 26 28 0
e 26 34 0
e 29 34 0
e 30 31 0
e 31 35 0
e 33 37 0
e 33 39 0
e 38 39 0
