t 24 86
v 0 5 7
v 1 21 8
v 2 23 5
v 3 39 1
v 4 36 7
v 5 24 5
v 6 2 14
v 7 23 6
v 8 11 2
v 9 31 5
v 10 7 1
v 11 6 14
v 12 6 6
v 13 13 16
v 14 29 6
v 15 21 13
v 16 2 4
v 17 33 14
v 18 35 3
v 19 14 5
v 20 15 7
v 21 29 7
v 22 23 6
v 23 8 10
e 0 4 0
e 0 21 0
e 0 12 0
e 0 6 0
e 0 15 0
e 0 17 0
e 0 23 0
e 1 6 0
e 1 9 0
e 1 11 0
e 1 13 0
e 1 15 0
e 1 17 0
e 1 20 0
e 1 23 0
e 2 6 0
e 2 11 0
e 2 13 0
e 2 15 0
e 2 23 0
e 3 17 0
e 4 20 0
e 4 6 0
e 4 9 0
e 4 11 0
e 4 15 0
e 4 23 0
e 5 6 0
e 5 13 0
e 5 15 0
e 5 17 0
e 5 23 0
e 6 22 0
e 6 20 0
e 6 19 0
e 6 21 0
e 6 7 0
e 6 14 0
e 6 12 0
e 6 18 0
e 6 13 0
e 7 11 0
e 7 13 0
e 7 15 0
e 7 17 0
e 7 23 0
e 8 13 0
e 8 17 0
e 9 11 0
e 9 13 0
e 9 15 0
e 10 18 0
e 11 22 0
e 11 20 0
e 11 19 0
e 11 21 0
e 11 12 0
e 11 14 0
e 11 16 0
e 11 13 0
e 11 17 0
e 12 13 0
e 12 15 0
e 12 20 0
e 13 22 0
e 13 19 0
e 13 21 0
e 13 14 0
e 13 16 0
e 13 23 0
e 13 17 0
e 14 15 0
e 14 17 0
e 14 23 0
e 15 22 0
e 15 19 0
e 15 21 0
e 15 16 0
e 16 23 0
e 17 22 0
e 17 20 0
e 17 19 0
e 17 21 0
e 17 18 0
e 20 21 0
e 22 23 0
