t 40 145
v 0 10 6
v 1 25 6
v 2 16 6
v 3 16 3
v 4 2 3
v 5 11 2
v 6 8 7
v 7 10 10
v 8 13 2
v 9 38 5
v 10 24 3
v 11 36 9
v 12 4 8
v 13 29 4
v 14 27 2
v 15 31 14
v 16 25 10
v 17 20 13
v 18 19 2
v 19 21 2
v 20 19 11
v 21 19 8
v 22 4 12
v 23 15 12
v 24 18 10
v 25 14 9
v 26 13 6
v 27 39 15
v 28 4 8
v 29 15 5
v 30 2 16
v 31 11 9
v 32 18 4
v 33 17 14
v 34 28 2
v 35 32 15
v 36 28 4
v 37 21 3
v 38 34 1
v 39 28 9
e 0 25 0
e 0 29 0
e 0 11 0
e 0 13 0
e 0 24 0
e 0 35 0
e 1 15 0
e 1 23 0
e 1 27 0
e 1 30 0
e 1 33 0
e 1 35 0
e 2 15 0
e 2 23 0
e 2 27 0
e 2 30 0
e 2 33 0
e 2 35 0
e 3 34 0
e 3 5 0
e 3 7 0
e 4 17 0
e 4 22 0
e 4 27 0
e 5 8 0
e 6 15 0
e 6 17 0
e 6 22 0
e 6 27 0
e 6 30 0
e 6 33 0
e 6 35 0
e 7 29 0
e 7 37 0
e 7 16 0
e 7 17 0
e 7 20 0
e 7 22 0
e 7 27 0
e 7 30 0
e 7 33 0
e 8 10 0
e 9 19 0
e 9 17 0
e 9 20 0
e 9 22 0
e 9 35 0
e 10 11 0
e 10 25 0
e 11 15 0
e 11 21 0
e 11 23 0
e 11 24 0
e 11 25 0
e 11 31 0
e 11 35 0
e 12 15 0
e 12 17 0
e 12 22 0
e 12 23 0
e 12 27 0
e 12 30 0
e 12 33 0
e 12 35 0
e 13 24 0
e 13 20 0
e 13 31 0
e 14 16 0
e 14 24 0
e 15 24 0
e 15 32 0
e 15 28 0
e 15 26 0
e 15 25 0
e 15 31 0
e 15 21 0
e 15 23 0
e 15 35 0
e 16 36 0
e 16 29 0
e 16 39 0
e 16 17 0
e 16 20 0
e 16 27 0
e 16 30 0
e 16 33 0
e 17 30 0
e 17 20 0
e 17 28 0
e 17 33 0
e 17 27 0
e 17 22 0
e 17 39 0
e 18 21 0
e 18 31 0
e 19 34 0
e 20 32 0
e 20 36 0
e 20 22 0
e 20 27 0
e 20 30 0
e 20 33 0
e 21 24 0
e 21 25 0
e 21 35 0
e 21 31 0
e 21 23 0
e 22 30 0
e 22 28 0
e 22 39 0
e 22 27 0
e 22 33 0
e 23 24 0
e 23 26 0
e 23 28 0
e 23 35 0
e 23 25 0
e 23 31 0
e 24 31 0
e 24 35 0
e 24 36 0
e 25 37 0
e 25 31 0
e 25 35 0
e 26 27 0
e 26 30 0
e 26 33 0
e 26 35 0
e 27 30 0
e 27 28 0
e 27 39 0
e 27 33 0
e 28 30 0
e 28 33 0
e 28 35 0
e 29 30 0
e 29 39 0
e 30 32 0
e 30 39 0
e 30 33 0
e 31 36 0
e 32 35 0
e 33 39 0
e 37 39 0
e 38 39 0
