t 32 82
v 0 25 4
v 1 27 9
v 2 39 3
v 3 34 4
v 4 18 2
v 5 28 5
v 6 15 20
v 7 30 9
v 8 36 4
v 9 5 3
v 10 5 2
v 11 15 2
v 12 26 5
v 13 7 5
v 14 24 7
v 15 6 4
v 16 9 9
v 17 34 3
v 18 23 9
v 19 10 2
v 20 13 5
v 21 17 2
v 22 17 3
v 23 24 3
v 24 15 5
v 25 12 4
v 26 27 7
v 27 2 6
v 28 13 4
v 29 0 3
v 30 9 8
v 31 16 3
e 0 21 0
e 0 9 0
e 0 2 0
e 0 6 0
e 1 5 0
e 1 13 0
e 1 14 0
e 1 8 0
e 1 12 0
e 1 20 0
e 1 7 0
e 1 16 0
e 1 18 0
e 2 4 0
e 2 17 0
e 3 6 0
e 3 28 0
e 3 29 0
e 3 30 0
e 4 6 0
e 5 7 0
e 5 14 0
e 5 16 0
e 5 18 0
e 6 29 0
e 6 17 0
e 6 11 0
e 6 25 0
e 6 23 0
e 6 27 0
e 6 24 0
e 6 26 0
e 6 30 0
e 6 21 0
e 6 19 0
e 6 15 0
e 6 22 0
e 6 28 0
e 6 10 0
e 6 31 0
e 6 9 0
e 7 13 0
e 7 14 0
e 7 8 0
e 7 12 0
e 7 20 0
e 7 16 0
e 7 18 0
e 8 16 0
e 8 18 0
e 9 15 0
e 10 31 0
e 11 18 0
e 12 14 0
e 12 16 0
e 12 18 0
e 13 14 0
e 13 16 0
e 13 18 0
e 14 20 0
e 14 16 0
e 15 17 0
e 15 30 0
e 16 20 0
e 16 18 0
e 18 20 0
e 19 27 0
e 22 26 0
e 22 27 0
e 23 27 0
e 23 24 0
e 24 26 0
e 24 25 0
e 24 30 0
e 25 26 0
e 25 30 0
e 26 27 0
e 26 28 0
e 26 30 0
e 27 28 0
e 29 30 0
e 30 31 0
