t 40 339
v 0 8 9
v 1 20 26
v 2 0 14
v 3 25 11
v 4 39 25
v 5 23 12
v 6 19 27
v 7 15 11
v 8 17 13
v 9 25 23
v 10 25 13
v 11 30 16
v 12 26 25
v 13 3 11
v 14 17 14
v 15 24 10
v 16 1 9
v 17 15 12
v 18 23 12
v 19 23 24
v 20 2 21
v 21 25 23
v 22 17 11
v 23 38 9
v 24 18 14
v 25 4 20
v 26 6 23
v 27 4 12
v 28 17 12
v 29 6 24
v 30 31 22
v 31 30 13
v 32 34 24
v 33 27 22
v 34 35 9
v 35 11 10
v 36 10 29
v 37 6 28
v 38 37 10
v 39 38 25
e 0 11 0
e 0 4 0
e 0 6 0
e 0 9 0
e 0 12 0
e 0 29 0
e 0 32 0
e 0 36 0
e 0 39 0
e 1 9 0
e 1 36 0
e 1 37 0
e 1 29 0
e 1 16 0
e 1 28 0
e 1 27 0
e 1 22 0
e 1 2 0
e 1 38 0
e 1 14 0
e 1 8 0
e 1 17 0
e 1 11 0
e 1 13 0
e 1 7 0
e 1 35 0
e 1 10 0
e 1 15 0
e 1 3 0
e 1 24 0
e 1 4 0
e 1 6 0
e 1 20 0
e 1 32 0
e 1 39 0
e 2 7 0
e 2 12 0
e 2 19 0
e 2 20 0
e 2 21 0
e 2 22 0
e 2 25 0
e 2 29 0
e 2 30 0
e 2 32 0
e 2 33 0
e 2 37 0
e 2 39 0
e 3 4 0
e 3 9 0
e 3 12 0
e 3 19 0
e 3 20 0
e 3 26 0
e 3 29 0
e 3 30 0
e 3 36 0
e 3 39 0
e 4 9 0
e 4 37 0
e 4 33 0
e 4 29 0
e 4 16 0
e 4 28 0
e 4 27 0
e 4 14 0
e 4 18 0
e 4 8 0
e 4 23 0
e 4 31 0
e 4 30 0
e 4 13 0
e 4 34 0
e 4 7 0
e 4 10 0
e 4 5 0
e 4 39 0
e 4 24 0
e 4 6 0
e 4 12 0
e 5 6 0
e 5 12 0
e 5 19 0
e 5 20 0
e 5 21 0
e 5 25 0
e 5 29 0
e 5 30 0
e 5 33 0
e 5 36 0
e 5 37 0
e 6 9 0
e 6 25 0
e 6 36 0
e 6 37 0
e 6 33 0
e 6 19 0
e 6 16 0
e 6 28 0
e 6 27 0
e 6 22 0
e 6 38 0
e 6 14 0
e 6 18 0
e 6 17 0
e 6 13 0
e 6 7 0
e 6 35 0
e 6 10 0
e 6 15 0
e 6 26 0
e 6 20 0
e 6 12 0
e 6 21 0
e 7 20 0
e 7 25 0
e 7 26 0
e 7 29 0
e 7 30 0
e 7 36 0
e 7 37 0
e 8 11 0
e 8 9 0
e 8 12 0
e 8 20 0
e 8 21 0
e 8 26 0
e 8 29 0
e 8 30 0
e 8 32 0
e 8 33 0
e 8 36 0
e 9 25 0
e 9 37 0
e 9 19 0
e 9 29 0
e 9 28 0
e 9 14 0
e 9 38 0
e 9 18 0
e 9 31 0
e 9 34 0
e 9 35 0
e 9 10 0
e 9 15 0
e 9 24 0
e 9 21 0
e 9 26 0
e 9 32 0
e 10 20 0
e 10 21 0
e 10 26 0
e 10 29 0
e 10 30 0
e 10 32 0
e 10 33 0
e 10 36 0
e 10 37 0
e 11 13 0
e 11 31 0
e 11 12 0
e 11 17 0
e 11 19 0
e 11 21 0
e 11 25 0
e 11 26 0
e 11 32 0
e 11 33 0
e 11 36 0
e 11 37 0
e 11 38 0
e 12 25 0
e 12 36 0
e 12 37 0
e 12 33 0
e 12 29 0
e 12 28 0
e 12 22 0
e 12 38 0
e 12 14 0
e 12 18 0
e 12 17 0
e 12 31 0
e 12 30 0
e 12 35 0
e 12 32 0
e 12 24 0
e 12 20 0
e 13 26 0
e 13 29 0
e 13 30 0
e 13 32 0
e 13 36 0
e 13 37 0
e 13 39 0
e 14 19 0
e 14 20 0
e 14 25 0
e 14 26 0
e 14 29 0
e 14 32 0
e 14 33 0
e 14 36 0
e 14 39 0
e 15 19 0
e 15 25 0
e 15 26 0
e 15 29 0
e 15 30 0
e 15 33 0
e 15 37 0
e 16 21 0
e 16 25 0
e 16 26 0
e 16 32 0
e 16 36 0
e 16 37 0
e 17 19 0
e 17 20 0
e 17 21 0
e 17 25 0
e 17 26 0
e 17 30 0
e 17 36 0
e 17 37 0
e 18 19 0
e 18 21 0
e 18 26 0
e 18 29 0
e 18 30 0
e 18 33 0
e 18 37 0
e 18 39 0
e 19 27 0
e 19 24 0
e 19 22 0
e 19 23 0
e 19 31 0
e 19 35 0
e 19 20 0
e 19 21 0
e 19 26 0
e 19 30 0
e 19 32 0
e 19 33 0
e 19 37 0
e 19 39 0
e 20 25 0
e 20 36 0
e 20 29 0
e 20 27 0
e 20 22 0
e 20 38 0
e 20 31 0
e 20 39 0
e 20 24 0
e 21 36 0
e 21 37 0
e 21 33 0
e 21 28 0
e 21 22 0
e 21 23 0
e 21 31 0
e 21 30 0
e 21 34 0
e 21 35 0
e 21 24 0
e 21 32 0
e 22 25 0
e 22 26 0
e 22 36 0
e 22 37 0
e 23 25 0
e 23 26 0
e 23 29 0
e 23 32 0
e 23 33 0
e 23 39 0
e 24 26 0
e 24 30 0
e 24 32 0
e 24 33 0
e 24 36 0
e 24 37 0
e 24 39 0
e 25 28 0
e 25 34 0
e 25 26 0
e 25 30 0
e 25 32 0
e 25 39 0
e 26 37 0
e 26 29 0
e 26 27 0
e 26 38 0
e 26 30 0
e 27 29 0
e 27 32 0
e 27 33 0
e 27 36 0
e 27 37 0
e 27 39 0
e 28 29 0
e 28 30 0
e 28 32 0
e 28 36 0
e 28 39 0
e 29 31 0
e 29 35 0
e 29 36 0
e 29 39 0
e 30 37 0
e 30 33 0
e 30 34 0
e 30 39 0
e 31 32 0
e 31 33 0
e 31 36 0
e 31 37 0
e 31 39 0
e 32 36 0
e 32 33 0
e 32 34 0
e 32 35 0
e 32 39 0
e 33 36 0
e 33 37 0
e 33 39 0
e 34 36 0
e 34 37 0
e 34 39 0
e 35 36 0
e 35 39 0
e 36 37 0
e 36 38 0
e 36 39 0
e 37 38 0
e 37 39 0
e 38 39 0
