t 40 152
v 0 20 6
v 1 27 34
v 2 32 6
v 3 3 5
v 4 20 5
v 5 5 2
v 6 17 4
v 7 22 35
v 8 29 3
v 9 16 4
v 10 4 3
v 11 5 5
v 12 18 7
v 13 24 7
v 14 32 6
v 15 36 5
v 16 21 5
v 17 36 4
v 18 15 27
v 19 0 4
v 20 14 6
v 21 1 7
v 22 22 5
v 23 11 28
v 24 24 1
v 25 39 4
v 26 32 7
v 27 13 6
v 28 3 5
v 29 9 5
v 30 26 4
v 31 16 6
v 32 24 4
v 33 0 5
v 34 24 6
v 35 14 5
v 36 13 6
v 37 26 4
v 38 35 6
v 39 27 7
e 0 12 0
e 0 2 0
e 0 7 0
e 0 18 0
e 0 23 0
e 0 34 0
e 1 19 0
e 1 30 0
e 1 12 0
e 1 17 0
e 1 8 0
e 1 24 0
e 1 4 0
e 1 16 0
e 1 32 0
e 1 14 0
e 1 31 0
e 1 37 0
e 1 26 0
e 1 27 0
e 1 13 0
e 1 11 0
e 1 21 0
e 1 10 0
e 1 5 0
e 1 36 0
e 1 29 0
e 1 22 0
e 1 15 0
e 1 9 0
e 1 2 0
e 1 3 0
e 1 39 0
e 1 33 0
e 1 38 0
e 1 20 0
e 1 25 0
e 1 7 0
e 1 18 0
e 1 23 0
e 2 26 0
e 2 7 0
e 2 18 0
e 2 23 0
e 3 6 0
e 3 7 0
e 3 23 0
e 3 27 0
e 4 16 0
e 4 7 0
e 4 18 0
e 4 23 0
e 5 23 0
e 6 7 0
e 6 18 0
e 6 23 0
e 7 19 0
e 7 30 0
e 7 12 0
e 7 17 0
e 7 8 0
e 7 28 0
e 7 16 0
e 7 32 0
e 7 23 0
e 7 14 0
e 7 37 0
e 7 34 0
e 7 26 0
e 7 27 0
e 7 13 0
e 7 11 0
e 7 21 0
e 7 29 0
e 7 36 0
e 7 22 0
e 7 15 0
e 7 9 0
e 7 35 0
e 7 39 0
e 7 33 0
e 7 38 0
e 7 20 0
e 7 25 0
e 7 18 0
e 8 23 0
e 9 16 0
e 9 18 0
e 10 12 0
e 10 34 0
e 11 14 0
e 11 13 0
e 11 18 0
e 12 18 0
e 12 23 0
e 12 34 0
e 13 18 0
e 13 21 0
e 13 23 0
e 13 27 0
e 14 18 0
e 14 22 0
e 14 23 0
e 15 28 0
e 15 17 0
e 15 18 0
e 16 18 0
e 17 23 0
e 18 19 0
e 18 30 0
e 18 28 0
e 18 32 0
e 18 23 0
e 18 26 0
e 18 27 0
e 18 36 0
e 18 35 0
e 18 39 0
e 18 33 0
e 18 38 0
e 18 20 0
e 18 25 0
e 19 23 0
e 20 21 0
e 20 23 0
e 20 39 0
e 21 26 0
e 21 39 0
e 21 38 0
e 22 25 0
e 22 23 0
e 23 30 0
e 23 28 0
e 23 31 0
e 23 34 0
e 23 37 0
e 23 26 0
e 23 27 0
e 23 36 0
e 23 29 0
e 23 35 0
e 23 38 0
e 26 39 0
e 28 34 0
e 29 35 0
e 29 31 0
e 31 36 0
e 31 32 0
e 31 33 0
e 33 35 0
e 36 37 0
e 38 39 0
