t 40 163
v 0 27 2
v 1 8 7
v 2 9 7
v 3 19 1
v 4 35 19
v 5 1 8
v 6 1 3
v 7 37 3
v 8 22 6
v 9 15 4
v 10 19 3
v 11 19 8
v 12 31 2
v 13 22 8
v 14 22 19
v 15 23 20
v 16 33 7
v 17 12 2
v 18 28 20
v 19 18 18
v 20 4 7
v 21 23 8
v 22 36 13
v 23 23 3
v 24 9 21
v 25 15 7
v 26 12 9
v 27 27 7
v 28 18 10
v 29 7 9
v 30 9 4
v 31 37 19
v 32 19 4
v 33 29 1
v 34 17 8
v 35 20 3
v 36 23 8
v 37 2 4
v 38 37 9
v 39 30 5
e 0 17 0
e 0 24 0
e 1 30 0
e 1 37 0
e 1 39 0
e 1 36 0
e 1 9 0
e 1 32 0
e 1 22 0
e 2 4 0
e 2 14 0
e 2 15 0
e 2 18 0
e 2 19 0
e 2 24 0
e 2 31 0
e 3 39 0
e 4 26 0
e 4 5 0
e 4 11 0
e 4 13 0
e 4 16 0
e 4 25 0
e 4 34 0
e 4 21 0
e 4 29 0
e 4 8 0
e 4 38 0
e 4 27 0
e 4 14 0
e 4 15 0
e 4 18 0
e 4 19 0
e 4 24 0
e 4 31 0
e 5 11 0
e 5 14 0
e 5 15 0
e 5 18 0
e 5 19 0
e 5 24 0
e 5 31 0
e 6 10 0
e 6 22 0
e 6 23 0
e 7 10 0
e 7 12 0
e 7 22 0
e 8 14 0
e 8 15 0
e 8 18 0
e 8 24 0
e 8 31 0
e 9 20 0
e 9 22 0
e 9 36 0
e 10 22 0
e 11 14 0
e 11 15 0
e 11 18 0
e 11 19 0
e 11 24 0
e 11 31 0
e 12 22 0
e 13 14 0
e 13 15 0
e 13 18 0
e 13 19 0
e 13 24 0
e 13 26 0
e 13 31 0
e 14 19 0
e 14 28 0
e 14 26 0
e 14 16 0
e 14 25 0
e 14 34 0
e 14 29 0
e 14 38 0
e 14 27 0
e 14 15 0
e 14 18 0
e 14 24 0
e 14 31 0
e 15 18 0
e 15 31 0
e 15 19 0
e 15 28 0
e 15 26 0
e 15 16 0
e 15 25 0
e 15 34 0
e 15 21 0
e 15 29 0
e 15 38 0
e 15 27 0
e 15 24 0
e 16 18 0
e 16 19 0
e 16 24 0
e 16 31 0
e 17 23 0
e 18 31 0
e 18 19 0
e 18 28 0
e 18 26 0
e 18 25 0
e 18 34 0
e 18 21 0
e 18 29 0
e 18 38 0
e 18 27 0
e 18 24 0
e 19 25 0
e 19 28 0
e 19 34 0
e 19 29 0
e 19 38 0
e 19 21 0
e 19 27 0
e 19 24 0
e 19 31 0
e 20 30 0
e 20 37 0
e 20 39 0
e 20 36 0
e 20 32 0
e 20 22 0
e 21 38 0
e 21 24 0
e 21 28 0
e 21 31 0
e 22 30 0
e 22 37 0
e 22 23 0
e 22 32 0
e 22 36 0
e 22 39 0
e 24 31 0
e 24 28 0
e 24 26 0
e 24 25 0
e 24 34 0
e 24 29 0
e 24 38 0
e 24 27 0
e 25 26 0
e 26 34 0
e 26 31 0
e 27 31 0
e 28 38 0
e 28 29 0
e 28 35 0
e 28 31 0
e 29 35 0
e 29 31 0
e 30 36 0
e 31 34 0
e 31 38 0
e 32 36 0
e 33 35 0
e 36 37 0
e 36 39 0
