t 24 64
v 0 31 8
v 1 33 13
v 2 34 3
v 3 6 5
v 4 29 3
v 5 28 5
v 6 2 9
v 7 4 8
v 8 2 4
v 9 15 5
v 10 5 1
v 11 12 2
v 12 30 5
v 13 20 4
v 14 13 5
v 15 8 8
v 16 25 2
v 17 21 8
v 18 25 5
v 19 27 5
v 20 6 6
v 21 36 6
v 22 11 5
v 23 14 3
e 0 21 0
e 0 19 0
e 0 16 0
e 0 4 0
e 0 22 0
e 0 23 0
e 0 3 0
e 0 20 0
e 1 19 0
e 1 13 0
e 1 8 0
e 1 22 0
e 1 4 0
e 1 23 0
e 1 3 0
e 1 6 0
e 1 14 0
e 1 12 0
e 1 9 0
e 1 5 0
e 1 20 0
e 2 6 0
e 2 7 0
e 2 15 0
e 3 17 0
e 3 20 0
e 3 21 0
e 4 17 0
e 5 6 0
e 5 7 0
e 5 15 0
e 5 18 0
e 6 14 0
e 6 12 0
e 6 9 0
e 6 7 0
e 6 15 0
e 6 18 0
e 7 13 0
e 7 11 0
e 7 14 0
e 7 12 0
e 7 9 0
e 8 17 0
e 8 20 0
e 8 21 0
e 9 15 0
e 9 18 0
e 10 13 0
e 11 15 0
e 12 15 0
e 12 18 0
e 13 15 0
e 14 15 0
e 14 18 0
e 16 17 0
e 17 21 0
e 17 19 0
e 17 22 0
e 17 23 0
e 19 20 0
e 19 21 0
e 20 22 0
e 21 22 0
