t 32 164
v 0 16 6
v 1 4 25
v 2 30 4
v 3 25 5
v 4 31 5
v 5 23 18
v 6 8 16
v 7 1 11
v 8 35 7
v 9 29 5
v 10 33 11
v 11 22 22
v 12 29 12
v 13 17 6
v 14 14 7
v 15 31 9
v 16 23 7
v 17 32 9
v 18 39 21
v 19 4 11
v 20 20 22
v 21 16 5
v 22 27 5
v 23 11 23
v 24 17 5
v 25 23 5
v 26 11 6
v 27 27 8
v 28 9 14
v 29 8 6
v 30 15 4
v 31 30 8
e 0 1 0
e 0 5 0
e 0 6 0
e 0 11 0
e 0 18 0
e 0 23 0
e 1 22 0
e 1 27 0
e 1 16 0
e 1 15 0
e 1 13 0
e 1 4 0
e 1 17 0
e 1 25 0
e 1 10 0
e 1 7 0
e 1 30 0
e 1 3 0
e 1 26 0
e 1 5 0
e 1 9 0
e 1 19 0
e 1 29 0
e 1 12 0
e 1 14 0
e 1 11 0
e 1 18 0
e 1 20 0
e 1 23 0
e 1 28 0
e 2 18 0
e 2 20 0
e 2 23 0
e 2 28 0
e 3 5 0
e 3 11 0
e 3 18 0
e 3 20 0
e 4 5 0
e 4 11 0
e 4 20 0
e 4 23 0
e 5 26 0
e 5 22 0
e 5 10 0
e 5 21 0
e 5 16 0
e 5 15 0
e 5 30 0
e 5 8 0
e 5 17 0
e 5 12 0
e 5 14 0
e 5 18 0
e 5 20 0
e 5 23 0
e 6 22 0
e 6 26 0
e 6 10 0
e 6 7 0
e 6 8 0
e 6 16 0
e 6 17 0
e 6 19 0
e 6 29 0
e 6 24 0
e 6 12 0
e 6 11 0
e 6 18 0
e 6 20 0
e 6 23 0
e 7 26 0
e 7 27 0
e 7 10 0
e 7 31 0
e 7 17 0
e 7 11 0
e 7 12 0
e 7 20 0
e 7 23 0
e 8 11 0
e 8 12 0
e 8 20 0
e 8 23 0
e 8 28 0
e 9 10 0
e 9 11 0
e 9 20 0
e 9 28 0
e 10 11 0
e 10 12 0
e 10 18 0
e 10 20 0
e 10 23 0
e 10 28 0
e 11 27 0
e 11 31 0
e 11 28 0
e 11 15 0
e 11 13 0
e 11 25 0
e 11 14 0
e 11 19 0
e 11 29 0
e 11 18 0
e 11 12 0
e 11 24 0
e 11 20 0
e 12 26 0
e 12 31 0
e 12 19 0
e 12 25 0
e 12 23 0
e 13 18 0
e 13 20 0
e 13 23 0
e 13 28 0
e 14 17 0
e 14 18 0
e 14 20 0
e 14 23 0
e 15 19 0
e 15 18 0
e 15 20 0
e 15 23 0
e 15 27 0
e 15 28 0
e 16 19 0
e 16 18 0
e 16 20 0
e 16 28 0
e 17 18 0
e 17 22 0
e 17 23 0
e 17 28 0
e 18 27 0
e 18 31 0
e 18 28 0
e 18 21 0
e 18 25 0
e 18 30 0
e 18 19 0
e 18 24 0
e 19 31 0
e 19 21 0
e 19 23 0
e 19 28 0
e 20 22 0
e 20 31 0
e 20 25 0
e 20 26 0
e 20 29 0
e 20 24 0
e 20 23 0
e 21 23 0
e 21 27 0
e 23 27 0
e 23 31 0
e 23 28 0
e 23 30 0
e 23 29 0
e 23 24 0
e 27 28 0
e 29 31 0
