t 32 130
v 0 39 12
v 1 32 5
v 2 30 8
v 3 20 4
v 4 23 27
v 5 36 1
v 6 7 12
v 7 15 8
v 8 34 5
v 9 5 5
v 10 6 8
v 11 24 4
v 12 13 5
v 13 32 12
v 14 31 3
v 15 37 4
v 16 15 6
v 17 7 4
v 18 10 27
v 19 17 6
v 20 26 12
v 21 33 7
v 22 31 13
v 23 1 28
v 24 18 4
v 25 19 6
v 26 0 7
v 27 7 4
v 28 19 2
v 29 38 3
v 30 38 2
v 31 36 6
e 0 13 0
e 0 26 0
e 0 21 0
e 0 10 0
e 0 2 0
e 0 7 0
e 0 4 0
e 0 6 0
e 0 18 0
e 0 20 0
e 0 22 0
e 0 23 0
e 1 30 0
e 1 5 0
e 1 4 0
e 1 18 0
e 1 23 0
e 2 13 0
e 2 4 0
e 2 6 0
e 2 18 0
e 2 20 0
e 2 22 0
e 2 23 0
e 3 4 0
e 3 12 0
e 3 18 0
e 3 23 0
e 4 27 0
e 4 29 0
e 4 9 0
e 4 25 0
e 4 31 0
e 4 15 0
e 4 16 0
e 4 17 0
e 4 19 0
e 4 20 0
e 4 22 0
e 4 6 0
e 4 11 0
e 4 12 0
e 4 21 0
e 4 10 0
e 4 26 0
e 4 8 0
e 4 7 0
e 4 24 0
e 4 13 0
e 4 18 0
e 4 23 0
e 6 13 0
e 6 26 0
e 6 21 0
e 6 10 0
e 6 7 0
e 6 18 0
e 6 20 0
e 6 22 0
e 6 23 0
e 7 13 0
e 7 18 0
e 7 20 0
e 7 22 0
e 7 23 0
e 8 16 0
e 8 18 0
e 8 19 0
e 8 23 0
e 9 31 0
e 9 25 0
e 9 18 0
e 9 23 0
e 10 13 0
e 10 18 0
e 10 20 0
e 10 22 0
e 10 23 0
e 11 12 0
e 11 18 0
e 11 23 0
e 12 18 0
e 12 23 0
e 13 18 0
e 13 20 0
e 13 21 0
e 13 22 0
e 13 23 0
e 13 26 0
e 14 19 0
e 14 18 0
e 14 23 0
e 15 16 0
e 15 18 0
e 15 23 0
e 16 19 0
e 16 18 0
e 16 23 0
e 17 22 0
e 17 18 0
e 17 23 0
e 18 27 0
e 18 29 0
e 18 25 0
e 18 31 0
e 18 19 0
e 18 20 0
e 18 22 0
e 18 21 0
e 18 26 0
e 18 24 0
e 19 23 0
e 20 22 0
e 20 21 0
e 20 23 0
e 20 28 0
e 21 23 0
e 22 26 0
e 22 24 0
e 22 23 0
e 23 27 0
e 23 29 0
e 23 25 0
e 23 31 0
e 23 28 0
e 23 26 0
e 23 24 0
e 25 31 0
e 25 27 0
e 30 31 0
