t 24 43
v 0 38 2
v 1 11 3
v 2 14 5
v 3 19 5
v 4 27 3
v 5 0 3
v 6 28 1
v 7 38 5
v 8 34 5
v 9 23 5
v 10 8 6
v 11 18 4
v 12 38 2
v 13 39 2
v 14 29 4
v 15 31 6
v 16 38 7
v 17 37 6
v 18 1 2
v 19 0 2
v 20 12 2
v 21 10 2
v 22 39 2
v 23 5 2
e 0 2 0
e 0 12 0
e 1 5 0
e 1 10 0
e 1 16 0
e 2 8 0
e 2 15 0
e 2 17 0
e 2 11 0
e 3 8 0
e 3 15 0
e 3 9 0
e 3 14 0
e 3 11 0
e 4 17 0
e 4 14 0
e 4 9 0
e 5 15 0
e 5 17 0
e 6 19 0
e 7 8 0
e 7 15 0
e 7 9 0
e 7 17 0
e 7 14 0
e 8 10 0
e 8 16 0
e 9 10 0
e 9 16 0
e 10 15 0
e 10 17 0
e 10 11 0
e 11 16 0
e 12 18 0
e 13 22 0
e 13 19 0
e 14 16 0
e 15 16 0
e 16 17 0
e 18 20 0
e 20 21 0
e 21 23 0
e 22 23 0
