t 40 297
v 0 23 10
v 1 17 20
v 2 9 12
v 3 38 9
v 4 29 27
v 5 34 11
v 6 38 11
v 7 1 27
v 8 38 10
v 9 7 25
v 10 38 10
v 11 32 6
v 12 21 8
v 13 27 15
v 14 32 10
v 15 7 10
v 16 30 22
v 17 28 18
v 18 21 13
v 19 37 32
v 20 39 11
v 21 15 9
v 22 11 9
v 23 35 11
v 24 1 15
v 25 14 8
v 26 26 21
v 27 39 11
v 28 24 29
v 29 26 24
v 30 37 6
v 31 36 5
v 32 34 21
v 33 8 28
v 34 4 9
v 35 30 8
v 36 17 22
v 37 8 9
v 38 22 11
v 39 22 21
e 0 1 0
e 0 16 0
e 0 17 0
e 0 19 0
e 0 26 0
e 0 28 0
e 0 29 0
e 0 32 0
e 0 33 0
e 0 39 0
e 1 30 0
e 1 21 0
e 1 11 0
e 1 37 0
e 1 38 0
e 1 24 0
e 1 34 0
e 1 23 0
e 1 18 0
e 1 5 0
e 1 31 0
e 1 9 0
e 1 16 0
e 1 19 0
e 1 28 0
e 1 29 0
e 1 33 0
e 1 36 0
e 1 39 0
e 2 7 0
e 2 9 0
e 2 16 0
e 2 17 0
e 2 19 0
e 2 24 0
e 2 26 0
e 2 28 0
e 2 29 0
e 2 32 0
e 2 33 0
e 2 39 0
e 3 4 0
e 3 7 0
e 3 9 0
e 3 17 0
e 3 19 0
e 3 26 0
e 3 29 0
e 3 32 0
e 3 36 0
e 4 30 0
e 4 21 0
e 4 37 0
e 4 26 0
e 4 13 0
e 4 24 0
e 4 10 0
e 4 34 0
e 4 12 0
e 4 8 0
e 4 14 0
e 4 27 0
e 4 18 0
e 4 15 0
e 4 20 0
e 4 5 0
e 4 35 0
e 4 22 0
e 4 25 0
e 4 7 0
e 4 9 0
e 4 17 0
e 4 19 0
e 4 28 0
e 4 29 0
e 4 36 0
e 5 9 0
e 5 16 0
e 5 19 0
e 5 26 0
e 5 28 0
e 5 29 0
e 5 32 0
e 5 33 0
e 5 36 0
e 6 9 0
e 6 13 0
e 6 16 0
e 6 17 0
e 6 19 0
e 6 26 0
e 6 28 0
e 6 29 0
e 6 32 0
e 6 33 0
e 6 36 0
e 7 21 0
e 7 11 0
e 7 37 0
e 7 38 0
e 7 32 0
e 7 13 0
e 7 24 0
e 7 10 0
e 7 12 0
e 7 14 0
e 7 27 0
e 7 23 0
e 7 18 0
e 7 15 0
e 7 22 0
e 7 9 0
e 7 19 0
e 7 33 0
e 7 17 0
e 7 36 0
e 7 28 0
e 7 25 0
e 7 31 0
e 7 39 0
e 8 9 0
e 8 13 0
e 8 16 0
e 8 17 0
e 8 19 0
e 8 26 0
e 8 33 0
e 8 36 0
e 8 39 0
e 9 30 0
e 9 37 0
e 9 38 0
e 9 26 0
e 9 32 0
e 9 13 0
e 9 10 0
e 9 34 0
e 9 27 0
e 9 18 0
e 9 15 0
e 9 20 0
e 9 35 0
e 9 22 0
e 9 33 0
e 9 25 0
e 9 29 0
e 10 15 0
e 10 13 0
e 10 19 0
e 10 29 0
e 10 33 0
e 10 36 0
e 10 39 0
e 11 24 0
e 11 19 0
e 11 28 0
e 11 36 0
e 12 13 0
e 12 19 0
e 12 26 0
e 12 28 0
e 12 32 0
e 12 33 0
e 13 24 0
e 13 34 0
e 13 27 0
e 13 16 0
e 13 17 0
e 13 19 0
e 13 28 0
e 13 32 0
e 14 16 0
e 14 17 0
e 14 19 0
e 14 24 0
e 14 26 0
e 14 28 0
e 14 32 0
e 14 36 0
e 15 17 0
e 15 24 0
e 15 28 0
e 15 33 0
e 15 36 0
e 15 39 0
e 16 21 0
e 16 37 0
e 16 32 0
e 16 24 0
e 16 34 0
e 16 27 0
e 16 20 0
e 16 35 0
e 16 22 0
e 16 19 0
e 16 33 0
e 16 28 0
e 16 29 0
e 16 39 0
e 17 23 0
e 17 18 0
e 17 21 0
e 17 25 0
e 17 20 0
e 17 27 0
e 17 19 0
e 17 39 0
e 18 22 0
e 18 19 0
e 18 24 0
e 18 26 0
e 18 28 0
e 18 29 0
e 18 32 0
e 18 39 0
e 19 21 0
e 19 37 0
e 19 38 0
e 19 26 0
e 19 32 0
e 19 24 0
e 19 23 0
e 19 20 0
e 19 22 0
e 19 33 0
e 19 28 0
e 19 25 0
e 19 31 0
e 19 29 0
e 19 39 0
e 20 26 0
e 20 28 0
e 20 29 0
e 20 32 0
e 20 33 0
e 20 39 0
e 21 28 0
e 21 29 0
e 21 36 0
e 22 32 0
e 22 33 0
e 22 39 0
e 23 24 0
e 23 26 0
e 23 28 0
e 23 29 0
e 23 32 0
e 23 33 0
e 23 36 0
e 24 32 0
e 24 36 0
e 24 39 0
e 25 28 0
e 25 33 0
e 25 36 0
e 26 35 0
e 26 28 0
e 26 29 0
e 26 33 0
e 26 36 0
e 26 38 0
e 26 39 0
e 27 28 0
e 27 29 0
e 27 33 0
e 27 36 0
e 27 39 0
e 28 30 0
e 28 38 0
e 28 32 0
e 28 35 0
e 28 31 0
e 28 29 0
e 28 33 0
e 28 39 0
e 29 30 0
e 29 37 0
e 29 38 0
e 29 34 0
e 29 33 0
e 29 39 0
e 30 33 0
e 31 33 0
e 32 35 0
e 32 33 0
e 32 38 0
e 33 38 0
e 33 34 0
e 33 35 0
e 33 36 0
e 34 36 0
e 34 39 0
e 35 36 0
e 36 38 0
e 36 39 0
e 37 38 0
e 37 39 0
