t 40 39
v 0 39 2
v 1 28 2
v 2 36 2
v 3 4 2
v 4 21 2
v 5 9 2
v 6 7 2
v 7 35 2
v 8 27 2
v 9 10 2
v 10 11 2
v 11 5 2
v 12 16 2
v 13 37 2
v 14 15 2
v 15 33 2
v 16 25 2
v 17 28 2
v 18 23 2
v 19 33 2
v 20 24 2
v 21 8 2
v 22 11 2
v 23 22 1
v 24 23 2
v 25 25 2
v 26 26 2
v 27 12 2
v 28 17 2
v 29 7 2
v 30 31 2
v 31 35 2
v 32 29 2
v 33 31 2
v 34 24 2
v 35 33 2
v 36 25 2
v 37 8 2
v 38 35 2
v 39 4 1
e 0 25 0
e 0 5 0
e 1 2 0
e 1 5 0
e 2 9 0
e 3 4 0
e 3 21 0
e 4 6 0
e 6 8 0
e 7 11 0
e 7 15 0
e 8 17 0
e 9 21 0
e 10 17 0
e 10 18 0
e 11 12 0
e 12 13 0
e 13 14 0
e 14 16 0
e 15 18 0
e 16 37 0
e 19 28 0
e 19 20 0
e 20 27 0
e 22 28 0
e 22 29 0
e 23 26 0
e 24 34 0
e 24 35 0
e 25 36 0
e 26 31 0
e 27 31 0
e 29 33 0
e 30 33 0
e 30 32 0
e 32 34 0
e 35 37 0
e 36 38 0
e 38 39 0
