t 16 44
v 0 4 11
v 1 14 5
v 2 20 6
v 3 37 5
v 4 7 4
v 5 29 5
v 6 29 4
v 7 3 5
v 8 2 2
v 9 4 5
v 10 6 2
v 11 39 8
v 12 25 4
v 13 14 5
v 14 13 12
v 15 32 5
e 0 1 0
e 0 6 0
e 0 5 0
e 0 4 0
e 0 10 0
e 0 2 0
e 0 11 0
e 0 9 0
e 0 7 0
e 0 3 0
e 0 14 0
e 1 6 0
e 1 2 0
e 1 7 0
e 1 14 0
e 2 6 0
e 2 4 0
e 2 7 0
e 2 14 0
e 3 11 0
e 3 13 0
e 3 14 0
e 3 15 0
e 4 7 0
e 4 14 0
e 5 11 0
e 5 12 0
e 5 14 0
e 5 15 0
e 6 7 0
e 8 11 0
e 8 14 0
e 9 11 0
e 9 13 0
e 9 14 0
e 9 15 0
e 10 14 0
e 11 12 0
e 11 13 0
e 11 14 0
e 12 14 0
e 12 15 0
e 13 14 0
e 13 15 0
