t 40 206
v 0 20 7
v 1 18 7
v 2 2 7
v 3 27 6
v 4 16 23
v 5 19 10
v 6 24 6
v 7 14 5
v 8 13 23
v 9 0 8
v 10 20 23
v 11 34 7
v 12 14 7
v 13 2 7
v 14 32 7
v 15 38 6
v 16 3 6
v 17 2 24
v 18 13 7
v 19 6 25
v 20 37 5
v 21 25 6
v 22 10 5
v 23 38 6
v 24 26 21
v 25 33 9
v 26 17 5
v 27 31 21
v 28 38 7
v 29 2 7
v 30 27 10
v 31 24 9
v 32 25 5
v 33 13 6
v 34 38 10
v 35 17 7
v 36 21 20
v 37 36 21
v 38 24 5
v 39 25 6
e 0 2 0
e 0 4 0
e 0 10 0
e 0 11 0
e 0 19 0
e 0 27 0
e 0 37 0
e 1 11 0
e 1 2 0
e 1 4 0
e 1 17 0
e 1 19 0
e 1 24 0
e 1 36 0
e 2 4 0
e 2 10 0
e 2 17 0
e 2 19 0
e 2 37 0
e 3 4 0
e 3 8 0
e 3 10 0
e 3 21 0
e 3 24 0
e 3 37 0
e 4 32 0
e 4 39 0
e 4 30 0
e 4 23 0
e 4 12 0
e 4 5 0
e 4 17 0
e 4 13 0
e 4 16 0
e 4 18 0
e 4 38 0
e 4 6 0
e 4 25 0
e 4 29 0
e 4 11 0
e 4 31 0
e 4 34 0
e 4 35 0
e 4 19 0
e 5 8 0
e 5 10 0
e 5 16 0
e 5 17 0
e 5 19 0
e 5 24 0
e 5 27 0
e 5 36 0
e 5 37 0
e 6 10 0
e 6 14 0
e 6 17 0
e 6 37 0
e 6 38 0
e 7 10 0
e 7 19 0
e 7 34 0
e 7 36 0
e 7 37 0
e 8 32 0
e 8 30 0
e 8 39 0
e 8 23 0
e 8 20 0
e 8 28 0
e 8 26 0
e 8 24 0
e 8 16 0
e 8 18 0
e 8 14 0
e 8 9 0
e 8 15 0
e 8 25 0
e 8 29 0
e 8 11 0
e 8 31 0
e 8 34 0
e 8 10 0
e 8 19 0
e 8 27 0
e 9 15 0
e 9 14 0
e 9 19 0
e 9 24 0
e 9 33 0
e 9 36 0
e 9 38 0
e 10 32 0
e 10 30 0
e 10 21 0
e 10 28 0
e 10 26 0
e 10 37 0
e 10 24 0
e 10 17 0
e 10 13 0
e 10 14 0
e 10 33 0
e 10 15 0
e 10 25 0
e 10 29 0
e 10 22 0
e 10 34 0
e 11 17 0
e 11 19 0
e 11 27 0
e 12 39 0
e 12 21 0
e 12 17 0
e 12 19 0
e 12 27 0
e 12 36 0
e 13 17 0
e 13 19 0
e 13 27 0
e 13 36 0
e 13 37 0
e 14 17 0
e 14 24 0
e 14 37 0
e 15 24 0
e 15 36 0
e 15 37 0
e 16 25 0
e 16 24 0
e 16 27 0
e 17 30 0
e 17 39 0
e 17 21 0
e 17 23 0
e 17 20 0
e 17 28 0
e 17 26 0
e 17 38 0
e 17 29 0
e 17 22 0
e 17 31 0
e 17 35 0
e 17 19 0
e 17 37 0
e 18 19 0
e 18 24 0
e 18 27 0
e 18 36 0
e 18 37 0
e 19 30 0
e 19 39 0
e 19 23 0
e 19 24 0
e 19 33 0
e 19 25 0
e 19 29 0
e 19 31 0
e 19 34 0
e 19 35 0
e 19 27 0
e 19 37 0
e 20 24 0
e 20 27 0
e 20 36 0
e 21 24 0
e 21 37 0
e 22 24 0
e 22 27 0
e 22 36 0
e 23 24 0
e 23 36 0
e 24 30 0
e 24 28 0
e 24 26 0
e 24 25 0
e 24 34 0
e 24 37 0
e 25 27 0
e 25 36 0
e 25 37 0
e 26 36 0
e 27 30 0
e 27 39 0
e 27 28 0
e 27 37 0
e 27 33 0
e 27 29 0
e 27 31 0
e 27 34 0
e 27 35 0
e 28 36 0
e 28 37 0
e 29 36 0
e 30 31 0
e 30 34 0
e 30 37 0
e 31 32 0
e 31 35 0
e 31 36 0
e 32 34 0
e 33 36 0
e 33 37 0
e 34 36 0
e 35 36 0
e 35 37 0
e 36 38 0
