t 40 175
v 0 31 8
v 1 13 22
v 2 19 5
v 3 10 6
v 4 2 26
v 5 31 27
v 6 2 4
v 7 2 3
v 8 11 6
v 9 38 5
v 10 2 6
v 11 27 7
v 12 16 8
v 13 28 6
v 14 14 5
v 15 20 6
v 16 31 6
v 17 24 5
v 18 33 4
v 19 33 5
v 20 21 5
v 21 37 2
v 22 31 6
v 23 20 27
v 24 6 6
v 25 33 5
v 26 20 7
v 27 38 5
v 28 8 4
v 29 34 6
v 30 26 26
v 31 36 8
v 32 18 7
v 33 34 8
v 34 2 5
v 35 4 5
v 36 3 5
v 37 14 8
v 38 38 7
v 39 36 28
e 0 2 0
e 0 1 0
e 0 4 0
e 0 5 0
e 0 23 0
e 0 24 0
e 0 30 0
e 0 39 0
e 1 36 0
e 1 27 0
e 1 21 0
e 1 16 0
e 1 33 0
e 1 37 0
e 1 15 0
e 1 26 0
e 1 9 0
e 1 10 0
e 1 11 0
e 1 32 0
e 1 28 0
e 1 22 0
e 1 31 0
e 1 13 0
e 1 3 0
e 1 12 0
e 1 2 0
e 1 23 0
e 1 39 0
e 2 5 0
e 2 23 0
e 2 39 0
e 3 4 0
e 3 24 0
e 3 30 0
e 3 31 0
e 3 39 0
e 4 36 0
e 4 27 0
e 4 20 0
e 4 16 0
e 4 15 0
e 4 26 0
e 4 29 0
e 4 9 0
e 4 38 0
e 4 14 0
e 4 17 0
e 4 34 0
e 4 10 0
e 4 11 0
e 4 32 0
e 4 6 0
e 4 7 0
e 4 19 0
e 4 8 0
e 4 24 0
e 4 31 0
e 4 13 0
e 4 30 0
e 4 39 0
e 5 36 0
e 5 27 0
e 5 20 0
e 5 21 0
e 5 33 0
e 5 37 0
e 5 15 0
e 5 26 0
e 5 29 0
e 5 38 0
e 5 14 0
e 5 23 0
e 5 35 0
e 5 10 0
e 5 11 0
e 5 32 0
e 5 6 0
e 5 7 0
e 5 19 0
e 5 28 0
e 5 8 0
e 5 22 0
e 5 31 0
e 5 24 0
e 5 13 0
e 6 23 0
e 6 39 0
e 7 39 0
e 8 23 0
e 8 28 0
e 8 30 0
e 8 39 0
e 9 12 0
e 9 22 0
e 9 30 0
e 10 12 0
e 10 23 0
e 10 30 0
e 11 12 0
e 11 23 0
e 11 30 0
e 11 39 0
e 12 13 0
e 12 23 0
e 12 30 0
e 12 39 0
e 13 23 0
e 13 39 0
e 14 16 0
e 14 23 0
e 14 30 0
e 15 38 0
e 15 23 0
e 15 30 0
e 16 20 0
e 16 23 0
e 16 39 0
e 17 23 0
e 17 30 0
e 17 34 0
e 17 37 0
e 18 23 0
e 18 30 0
e 18 34 0
e 18 39 0
e 19 23 0
e 19 30 0
e 19 39 0
e 20 23 0
e 20 30 0
e 22 23 0
e 22 30 0
e 22 39 0
e 23 36 0
e 23 27 0
e 23 33 0
e 23 37 0
e 23 26 0
e 23 38 0
e 23 39 0
e 23 32 0
e 23 31 0
e 24 30 0
e 24 39 0
e 25 30 0
e 25 33 0
e 25 37 0
e 25 38 0
e 25 39 0
e 26 30 0
e 26 34 0
e 26 39 0
e 27 30 0
e 28 39 0
e 29 30 0
e 29 33 0
e 29 37 0
e 29 39 0
e 30 33 0
e 30 38 0
e 30 35 0
e 30 32 0
e 30 31 0
e 30 39 0
e 31 36 0
e 31 39 0
e 32 34 0
e 32 39 0
e 33 35 0
e 33 39 0
e 35 37 0
e 35 39 0
e 37 39 0
e 38 39 0
