t 40 355
v 0 4 12
v 1 13 31
v 2 3 37
v 3 30 12
v 4 39 7
v 5 7 36
v 6 37 12
v 7 27 10
v 8 15 11
v 9 34 11
v 10 35 34
v 11 35 10
v 12 11 13
v 13 7 12
v 14 3 30
v 15 0 32
v 16 5 11
v 17 28 8
v 18 23 13
v 19 5 16
v 20 20 32
v 21 0 11
v 22 2 35
v 23 21 36
v 24 18 12
v 25 24 10
v 26 5 15
v 27 37 11
v 28 27 12
v 29 11 11
v 30 20 11
v 31 37 12
v 32 27 11
v 33 22 34
v 34 30 31
v 35 32 12
v 36 28 27
v 37 13 10
v 38 3 13
v 39 11 6
e 0 1 0
e 0 2 0
e 0 5 0
e 0 10 0
e 0 14 0
e 0 15 0
e 0 17 0
e 0 20 0
e 0 22 0
e 0 23 0
e 0 33 0
e 0 34 0
e 1 7 0
e 1 9 0
e 1 16 0
e 1 27 0
e 1 8 0
e 1 19 0
e 1 18 0
e 1 25 0
e 1 21 0
e 1 12 0
e 1 3 0
e 1 24 0
e 1 35 0
e 1 29 0
e 1 26 0
e 1 30 0
e 1 31 0
e 1 6 0
e 1 38 0
e 1 13 0
e 1 2 0
e 1 5 0
e 1 10 0
e 1 14 0
e 1 15 0
e 1 20 0
e 1 22 0
e 1 23 0
e 1 34 0
e 1 36 0
e 2 17 0
e 2 7 0
e 2 9 0
e 2 32 0
e 2 16 0
e 2 27 0
e 2 8 0
e 2 19 0
e 2 18 0
e 2 21 0
e 2 12 0
e 2 11 0
e 2 3 0
e 2 28 0
e 2 35 0
e 2 24 0
e 2 37 0
e 2 39 0
e 2 36 0
e 2 22 0
e 2 26 0
e 2 6 0
e 2 31 0
e 2 4 0
e 2 30 0
e 2 29 0
e 2 34 0
e 2 15 0
e 2 38 0
e 2 13 0
e 2 5 0
e 2 10 0
e 2 14 0
e 2 20 0
e 2 33 0
e 3 5 0
e 3 12 0
e 3 14 0
e 3 15 0
e 3 20 0
e 3 22 0
e 3 23 0
e 3 33 0
e 3 34 0
e 3 36 0
e 4 5 0
e 4 14 0
e 4 20 0
e 4 23 0
e 4 26 0
e 4 33 0
e 5 10 0
e 5 20 0
e 5 14 0
e 5 23 0
e 5 17 0
e 5 7 0
e 5 9 0
e 5 32 0
e 5 16 0
e 5 27 0
e 5 8 0
e 5 19 0
e 5 18 0
e 5 21 0
e 5 12 0
e 5 11 0
e 5 28 0
e 5 35 0
e 5 24 0
e 5 37 0
e 5 39 0
e 5 36 0
e 5 22 0
e 5 29 0
e 5 30 0
e 5 6 0
e 5 31 0
e 5 26 0
e 5 34 0
e 5 15 0
e 5 13 0
e 6 10 0
e 6 15 0
e 6 20 0
e 6 22 0
e 6 23 0
e 6 33 0
e 6 34 0
e 6 36 0
e 6 38 0
e 7 10 0
e 7 14 0
e 7 15 0
e 7 20 0
e 7 23 0
e 7 33 0
e 7 36 0
e 8 19 0
e 8 10 0
e 8 14 0
e 8 15 0
e 8 20 0
e 8 22 0
e 8 34 0
e 8 36 0
e 9 10 0
e 9 14 0
e 9 15 0
e 9 20 0
e 9 22 0
e 9 23 0
e 9 33 0
e 9 34 0
e 10 14 0
e 10 23 0
e 10 32 0
e 10 16 0
e 10 27 0
e 10 19 0
e 10 18 0
e 10 25 0
e 10 21 0
e 10 12 0
e 10 11 0
e 10 28 0
e 10 35 0
e 10 24 0
e 10 37 0
e 10 39 0
e 10 36 0
e 10 29 0
e 10 26 0
e 10 31 0
e 10 22 0
e 10 30 0
e 10 34 0
e 10 15 0
e 10 38 0
e 10 13 0
e 11 12 0
e 11 14 0
e 11 22 0
e 11 23 0
e 11 33 0
e 11 34 0
e 11 36 0
e 12 14 0
e 12 22 0
e 12 23 0
e 12 25 0
e 12 33 0
e 12 34 0
e 12 36 0
e 13 14 0
e 13 15 0
e 13 20 0
e 13 22 0
e 13 23 0
e 13 33 0
e 13 34 0
e 13 36 0
e 14 23 0
e 14 17 0
e 14 32 0
e 14 27 0
e 14 19 0
e 14 18 0
e 14 28 0
e 14 24 0
e 14 39 0
e 14 22 0
e 14 26 0
e 14 30 0
e 14 31 0
e 14 29 0
e 14 15 0
e 14 20 0
e 14 33 0
e 15 32 0
e 15 27 0
e 15 19 0
e 15 18 0
e 15 25 0
e 15 21 0
e 15 28 0
e 15 24 0
e 15 37 0
e 15 35 0
e 15 29 0
e 15 26 0
e 15 30 0
e 15 31 0
e 15 38 0
e 15 22 0
e 15 23 0
e 15 33 0
e 15 34 0
e 15 36 0
e 16 19 0
e 16 20 0
e 16 22 0
e 16 23 0
e 16 33 0
e 16 34 0
e 16 36 0
e 17 21 0
e 17 20 0
e 17 23 0
e 17 33 0
e 18 19 0
e 18 20 0
e 18 22 0
e 18 23 0
e 18 33 0
e 18 34 0
e 18 36 0
e 19 20 0
e 19 22 0
e 19 23 0
e 19 27 0
e 19 33 0
e 19 34 0
e 19 36 0
e 20 33 0
e 20 23 0
e 20 32 0
e 20 25 0
e 20 21 0
e 20 28 0
e 20 35 0
e 20 24 0
e 20 37 0
e 20 34 0
e 20 36 0
e 20 22 0
e 20 26 0
e 20 31 0
e 20 30 0
e 20 38 0
e 21 22 0
e 21 23 0
e 21 33 0
e 21 34 0
e 22 32 0
e 22 27 0
e 22 25 0
e 22 28 0
e 22 24 0
e 22 37 0
e 22 35 0
e 22 29 0
e 22 26 0
e 22 30 0
e 22 31 0
e 22 38 0
e 22 23 0
e 22 33 0
e 22 34 0
e 22 36 0
e 23 32 0
e 23 27 0
e 23 25 0
e 23 28 0
e 23 35 0
e 23 37 0
e 23 39 0
e 23 34 0
e 23 36 0
e 23 29 0
e 23 26 0
e 23 31 0
e 23 30 0
e 23 38 0
e 23 33 0
e 24 33 0
e 24 34 0
e 24 38 0
e 24 39 0
e 25 33 0
e 25 34 0
e 25 36 0
e 26 30 0
e 26 28 0
e 26 33 0
e 26 35 0
e 26 36 0
e 27 33 0
e 27 36 0
e 28 33 0
e 28 34 0
e 28 36 0
e 29 33 0
e 29 34 0
e 29 38 0
e 30 33 0
e 31 33 0
e 31 34 0
e 31 38 0
e 32 33 0
e 32 34 0
e 32 36 0
e 33 35 0
e 33 37 0
e 33 34 0
e 33 36 0
e 33 38 0
e 34 35 0
e 34 37 0
e 34 36 0
e 34 38 0
e 35 36 0
e 36 37 0
