t 24 56
v 0 18 2
v 1 15 21
v 2 35 3
v 3 33 5
v 4 34 3
v 5 10 5
v 6 19 5
v 7 25 3
v 8 27 3
v 9 35 19
v 10 6 3
v 11 20 3
v 12 5 3
v 13 4 2
v 14 3 3
v 15 38 3
v 16 23 5
v 17 11 4
v 18 36 3
v 19 29 3
v 20 16 2
v 21 25 2
v 22 39 3
v 23 15 4
e 0 1 0
e 0 9 0
e 1 8 0
e 1 11 0
e 1 4 0
e 1 18 0
e 1 23 0
e 1 12 0
e 1 2 0
e 1 15 0
e 1 9 0
e 1 6 0
e 1 5 0
e 1 3 0
e 1 16 0
e 1 13 0
e 1 22 0
e 1 17 0
e 1 7 0
e 1 10 0
e 1 19 0
e 1 14 0
e 2 5 0
e 2 9 0
e 3 23 0
e 3 22 0
e 3 16 0
e 3 9 0
e 4 7 0
e 4 9 0
e 5 6 0
e 5 9 0
e 5 12 0
e 6 17 0
e 6 18 0
e 6 9 0
e 7 9 0
e 8 9 0
e 8 21 0
e 9 18 0
e 9 23 0
e 9 12 0
e 9 15 0
e 9 20 0
e 9 16 0
e 9 22 0
e 9 17 0
e 9 10 0
e 9 19 0
e 10 19 0
e 11 14 0
e 11 21 0
e 13 14 0
e 15 16 0
e 16 20 0
e 17 23 0
