t 32 121
v 0 25 2
v 1 22 1
v 2 32 6
v 3 30 1
v 4 4 23
v 5 28 8
v 6 29 6
v 7 28 3
v 8 21 7
v 9 30 1
v 10 32 18
v 11 30 4
v 12 21 23
v 13 21 22
v 14 32 6
v 15 6 5
v 16 27 6
v 17 39 6
v 18 22 23
v 19 12 5
v 20 1 5
v 21 4 5
v 22 12 6
v 23 30 7
v 24 7 5
v 25 27 7
v 26 37 6
v 27 38 5
v 28 12 2
v 29 27 7
v 30 22 6
v 31 34 5
e 0 2 0
e 0 7 0
e 1 7 0
e 2 4 0
e 2 5 0
e 2 12 0
e 2 13 0
e 2 18 0
e 3 7 0
e 4 11 0
e 4 25 0
e 4 27 0
e 4 13 0
e 4 21 0
e 4 22 0
e 4 12 0
e 4 10 0
e 4 8 0
e 4 31 0
e 4 17 0
e 4 24 0
e 4 23 0
e 4 30 0
e 4 26 0
e 4 16 0
e 4 20 0
e 4 5 0
e 4 29 0
e 4 6 0
e 4 15 0
e 4 18 0
e 5 29 0
e 5 8 0
e 5 15 0
e 5 12 0
e 5 13 0
e 5 18 0
e 6 22 0
e 6 10 0
e 6 12 0
e 6 13 0
e 6 18 0
e 8 29 0
e 8 28 0
e 8 12 0
e 8 13 0
e 8 18 0
e 9 15 0
e 10 11 0
e 10 25 0
e 10 24 0
e 10 23 0
e 10 19 0
e 10 20 0
e 10 30 0
e 10 26 0
e 10 14 0
e 10 16 0
e 10 31 0
e 10 17 0
e 10 21 0
e 10 12 0
e 10 13 0
e 10 18 0
e 11 12 0
e 11 13 0
e 12 25 0
e 12 27 0
e 12 19 0
e 12 22 0
e 12 31 0
e 12 17 0
e 12 24 0
e 12 23 0
e 12 30 0
e 12 26 0
e 12 14 0
e 12 16 0
e 12 20 0
e 12 29 0
e 12 15 0
e 12 13 0
e 13 25 0
e 13 19 0
e 13 21 0
e 13 22 0
e 13 31 0
e 13 17 0
e 13 24 0
e 13 23 0
e 13 30 0
e 13 26 0
e 13 14 0
e 13 20 0
e 13 29 0
e 13 18 0
e 14 23 0
e 14 16 0
e 14 18 0
e 15 18 0
e 16 17 0
e 16 18 0
e 17 18 0
e 18 25 0
e 18 27 0
e 18 19 0
e 18 21 0
e 18 22 0
e 18 31 0
e 18 24 0
e 18 23 0
e 18 30 0
e 18 26 0
e 18 20 0
e 18 29 0
e 19 21 0
e 22 25 0
e 23 25 0
e 26 27 0
e 27 30 0
e 28 29 0
