t 32 90
v 0 30 5
v 1 0 6
v 2 37 2
v 3 6 3
v 4 39 6
v 5 15 2
v 6 35 6
v 7 10 2
v 8 24 6
v 9 29 6
v 10 37 2
v 11 6 6
v 12 28 17
v 13 27 3
v 14 16 2
v 15 21 8
v 16 20 16
v 17 5 4
v 18 17 16
v 19 27 7
v 20 26 2
v 21 5 6
v 22 36 2
v 23 27 5
v 24 30 6
v 25 15 6
v 26 26 5
v 27 3 2
v 28 24 16
v 29 3 2
v 30 14 2
v 31 6 1
e 0 9 0
e 0 19 0
e 0 12 0
e 0 18 0
e 0 28 0
e 1 3 0
e 1 8 0
e 1 9 0
e 1 12 0
e 1 16 0
e 1 28 0
e 2 14 0
e 2 29 0
e 3 6 0
e 3 4 0
e 4 8 0
e 4 12 0
e 4 16 0
e 4 18 0
e 4 28 0
e 5 29 0
e 5 21 0
e 6 8 0
e 6 12 0
e 6 16 0
e 6 18 0
e 6 28 0
e 7 31 0
e 7 10 0
e 8 24 0
e 8 16 0
e 8 20 0
e 9 12 0
e 9 16 0
e 9 18 0
e 9 28 0
e 10 30 0
e 11 12 0
e 11 15 0
e 11 16 0
e 11 18 0
e 11 20 0
e 11 28 0
e 12 23 0
e 12 28 0
e 12 24 0
e 12 13 0
e 12 21 0
e 12 17 0
e 12 19 0
e 12 26 0
e 12 15 0
e 12 16 0
e 12 18 0
e 13 15 0
e 13 18 0
e 14 22 0
e 15 28 0
e 15 23 0
e 15 21 0
e 15 16 0
e 15 18 0
e 16 28 0
e 16 23 0
e 16 25 0
e 16 21 0
e 16 17 0
e 16 18 0
e 16 19 0
e 16 26 0
e 17 18 0
e 17 28 0
e 18 23 0
e 18 24 0
e 18 28 0
e 18 26 0
e 18 21 0
e 18 25 0
e 19 24 0
e 19 25 0
e 19 26 0
e 19 28 0
e 21 28 0
e 22 27 0
e 23 28 0
e 24 25 0
e 24 28 0
e 25 26 0
e 25 28 0
e 27 30 0
