t 40 81
v 0 30 2
v 1 11 3
v 2 18 2
v 3 33 4
v 4 20 2
v 5 27 3
v 6 21 4
v 7 29 2
v 8 9 1
v 9 17 2
v 10 3 3
v 11 34 3
v 12 10 3
v 13 10 3
v 14 31 4
v 15 9 11
v 16 24 6
v 17 9 1
v 18 35 13
v 19 7 5
v 20 27 4
v 21 15 2
v 22 7 4
v 23 27 11
v 24 28 2
v 25 10 4
v 26 10 2
v 27 10 3
v 28 0 2
v 29 13 8
v 30 24 3
v 31 13 2
v 32 15 16
v 33 10 3
v 34 33 3
v 35 23 6
v 36 22 2
v 37 2 3
v 38 7 4
v 39 17 1
e 0 1 0
e 0 32 0
e 1 13 0
e 1 18 0
e 2 11 0
e 2 18 0
e 3 5 0
e 3 6 0
e 3 20 0
e 3 18 0
e 4 5 0
e 4 32 0
e 5 6 0
e 6 20 0
e 6 18 0
e 7 18 0
e 7 32 0
e 8 32 0
e 9 22 0
e 9 32 0
e 10 11 0
e 10 18 0
e 10 22 0
e 11 18 0
e 12 15 0
e 12 29 0
e 12 35 0
e 13 25 0
e 13 32 0
e 14 15 0
e 14 23 0
e 14 29 0
e 14 35 0
e 15 24 0
e 15 19 0
e 15 16 0
e 15 27 0
e 15 34 0
e 15 23 0
e 15 29 0
e 15 30 0
e 15 26 0
e 16 19 0
e 16 27 0
e 16 34 0
e 16 23 0
e 16 29 0
e 17 33 0
e 18 22 0
e 18 20 0
e 18 28 0
e 18 38 0
e 18 25 0
e 18 32 0
e 19 23 0
e 19 29 0
e 19 35 0
e 20 32 0
e 21 32 0
e 21 35 0
e 22 32 0
e 23 24 0
e 23 27 0
e 23 34 0
e 23 29 0
e 23 31 0
e 23 26 0
e 23 35 0
e 25 33 0
e 25 32 0
e 28 32 0
e 29 31 0
e 29 30 0
e 30 35 0
e 32 37 0
e 32 33 0
e 32 36 0
e 32 38 0
e 36 37 0
e 37 38 0
e 38 39 0
