t 32 55
v 0 36 2
v 1 24 3
v 2 15 3
v 3 21 1
v 4 30 3
v 5 18 16
v 6 39 2
v 7 27 4
v 8 22 1
v 9 33 16
v 10 37 2
v 11 30 2
v 12 27 2
v 13 37 1
v 14 21 1
v 15 3 2
v 16 20 2
v 17 33 4
v 18 36 3
v 19 18 4
v 20 22 4
v 21 1 2
v 22 6 2
v 23 39 2
v 24 10 4
v 25 30 4
v 26 0 3
v 27 7 2
v 28 39 4
v 29 25 3
v 30 27 2
v 31 23 4
e 0 2 0
e 0 5 0
e 1 31 0
e 1 5 0
e 1 9 0
e 2 5 0
e 2 9 0
e 3 9 0
e 4 5 0
e 4 9 0
e 4 11 0
e 5 20 0
e 5 7 0
e 5 26 0
e 5 31 0
e 5 24 0
e 5 27 0
e 5 18 0
e 5 23 0
e 5 19 0
e 5 8 0
e 5 28 0
e 5 25 0
e 6 9 0
e 6 19 0
e 7 29 0
e 7 25 0
e 7 9 0
e 9 17 0
e 9 20 0
e 9 31 0
e 9 24 0
e 9 22 0
e 9 16 0
e 9 18 0
e 9 12 0
e 9 28 0
e 9 25 0
e 10 23 0
e 10 16 0
e 11 31 0
e 12 20 0
e 13 24 0
e 14 20 0
e 15 26 0
e 15 21 0
e 17 21 0
e 17 29 0
e 17 28 0
e 18 19 0
e 19 24 0
e 22 26 0
e 25 27 0
e 28 30 0
e 29 30 0
