t 24 130
v 0 37 12
v 1 30 11
v 2 9 9
v 3 36 18
v 4 12 7
v 5 23 8
v 6 22 15
v 7 14 7
v 8 24 17
v 9 25 10
v 10 34 11
v 11 36 7
v 12 36 7
v 13 34 19
v 14 32 7
v 15 39 8
v 16 14 8
v 17 10 1
v 18 15 16
v 19 13 11
v 20 30 11
v 21 15 16
v 22 29 18
v 23 13 6
e 0 10 0
e 0 1 0
e 0 3 0
e 0 6 0
e 0 8 0
e 0 13 0
e 0 17 0
e 0 18 0
e 0 19 0
e 0 20 0
e 0 21 0
e 0 22 0
e 1 2 0
e 1 19 0
e 1 20 0
e 1 10 0
e 1 3 0
e 1 6 0
e 1 13 0
e 1 18 0
e 1 21 0
e 1 22 0
e 2 3 0
e 2 6 0
e 2 8 0
e 2 11 0
e 2 13 0
e 2 18 0
e 2 21 0
e 2 22 0
e 3 15 0
e 3 19 0
e 3 20 0
e 3 16 0
e 3 7 0
e 3 10 0
e 3 11 0
e 3 13 0
e 3 5 0
e 3 23 0
e 3 12 0
e 3 22 0
e 3 4 0
e 3 14 0
e 3 9 0
e 4 6 0
e 4 8 0
e 4 13 0
e 4 18 0
e 4 21 0
e 4 22 0
e 5 6 0
e 5 8 0
e 5 9 0
e 5 13 0
e 5 18 0
e 5 21 0
e 5 22 0
e 6 19 0
e 6 16 0
e 6 20 0
e 6 7 0
e 6 10 0
e 6 11 0
e 6 12 0
e 6 15 0
e 6 14 0
e 6 9 0
e 7 8 0
e 7 13 0
e 7 18 0
e 7 21 0
e 7 22 0
e 8 15 0
e 8 19 0
e 8 20 0
e 8 16 0
e 8 10 0
e 8 11 0
e 8 23 0
e 8 12 0
e 8 14 0
e 8 9 0
e 8 13 0
e 8 22 0
e 9 16 0
e 9 15 0
e 9 13 0
e 9 18 0
e 9 21 0
e 9 22 0
e 10 13 0
e 10 18 0
e 10 19 0
e 10 20 0
e 10 21 0
e 10 22 0
e 11 13 0
e 11 18 0
e 11 21 0
e 12 13 0
e 12 18 0
e 12 21 0
e 12 22 0
e 13 16 0
e 13 22 0
e 13 19 0
e 13 20 0
e 13 23 0
e 13 15 0
e 13 14 0
e 14 18 0
e 14 21 0
e 14 22 0
e 15 18 0
e 15 21 0
e 15 22 0
e 16 18 0
e 16 21 0
e 16 22 0
e 18 19 0
e 18 20 0
e 18 23 0
e 19 20 0
e 19 21 0
e 19 22 0
e 20 21 0
e 20 22 0
e 21 23 0
e 22 23 0
