t 40 91
v 0 39 1
v 1 21 1
v 2 6 2
v 3 19 5
v 4 7 5
v 5 15 2
v 6 3 4
v 7 27 3
v 8 7 2
v 9 8 8
v 10 17 5
v 11 6 4
v 12 21 1
v 13 25 2
v 14 3 6
v 15 23 2
v 16 24 3
v 17 4 5
v 18 1 21
v 19 3 2
v 20 10 20
v 21 18 5
v 22 27 4
v 23 0 4
v 24 32 2
v 25 7 6
v 26 21 5
v 27 0 4
v 28 4 1
v 29 39 3
v 30 25 1
v 31 23 19
v 32 12 4
v 33 38 3
v 34 16 2
v 35 37 3
v 36 9 5
v 37 21 2
v 38 32 3
v 39 24 2
e 0 31 0
e 1 20 0
e 2 18 0
e 2 20 0
e 3 14 0
e 3 9 0
e 3 17 0
e 3 20 0
e 3 26 0
e 4 25 0
e 4 23 0
e 4 21 0
e 4 20 0
e 4 31 0
e 5 18 0
e 5 20 0
e 6 12 0
e 6 22 0
e 6 31 0
e 6 36 0
e 7 13 0
e 7 27 0
e 7 31 0
e 8 9 0
e 8 18 0
e 9 10 0
e 9 14 0
e 9 18 0
e 9 26 0
e 9 29 0
e 9 32 0
e 10 14 0
e 10 17 0
e 10 18 0
e 10 20 0
e 11 21 0
e 11 23 0
e 11 20 0
e 11 31 0
e 13 38 0
e 14 18 0
e 14 31 0
e 14 32 0
e 15 20 0
e 15 25 0
e 16 18 0
e 16 20 0
e 16 31 0
e 17 20 0
e 17 31 0
e 17 32 0
e 18 29 0
e 18 25 0
e 18 23 0
e 18 26 0
e 18 21 0
e 18 19 0
e 18 28 0
e 18 35 0
e 18 31 0
e 18 33 0
e 18 27 0
e 18 39 0
e 18 24 0
e 18 36 0
e 19 25 0
e 20 23 0
e 20 32 0
e 20 26 0
e 20 21 0
e 20 35 0
e 20 34 0
e 20 38 0
e 20 27 0
e 20 39 0
e 20 24 0
e 21 31 0
e 22 36 0
e 22 31 0
e 22 37 0
e 25 35 0
e 25 31 0
e 26 31 0
e 27 33 0
e 29 31 0
e 30 31 0
e 31 34 0
e 31 38 0
e 31 33 0
e 31 36 0
e 36 37 0
