t 24 125
v 0 37 10
v 1 4 13
v 2 31 7
v 3 26 8
v 4 10 15
v 5 12 15
v 6 16 9
v 7 26 6
v 8 19 7
v 9 22 6
v 10 9 2
v 11 30 18
v 12 18 6
v 13 25 6
v 14 27 10
v 15 36 5
v 16 39 18
v 17 30 20
v 18 31 6
v 19 37 14
v 20 33 7
v 21 25 15
v 22 25 18
v 23 2 9
e 0 3 0
e 0 10 0
e 0 6 0
e 0 2 0
e 0 18 0
e 0 23 0
e 0 9 0
e 0 16 0
e 0 17 0
e 0 22 0
e 1 21 0
e 1 10 0
e 1 6 0
e 1 8 0
e 1 5 0
e 1 23 0
e 1 15 0
e 1 20 0
e 1 14 0
e 1 11 0
e 1 16 0
e 1 17 0
e 1 22 0
e 2 4 0
e 2 5 0
e 2 11 0
e 2 17 0
e 2 19 0
e 2 22 0
e 3 4 0
e 3 5 0
e 3 11 0
e 3 16 0
e 3 17 0
e 3 21 0
e 3 22 0
e 4 12 0
e 4 7 0
e 4 6 0
e 4 19 0
e 4 8 0
e 4 14 0
e 4 23 0
e 4 13 0
e 4 20 0
e 4 11 0
e 4 16 0
e 4 17 0
e 4 22 0
e 5 7 0
e 5 6 0
e 5 8 0
e 5 18 0
e 5 23 0
e 5 14 0
e 5 9 0
e 5 11 0
e 5 16 0
e 5 17 0
e 5 19 0
e 5 22 0
e 6 11 0
e 6 16 0
e 6 17 0
e 6 21 0
e 6 22 0
e 7 11 0
e 7 16 0
e 7 19 0
e 7 21 0
e 8 11 0
e 8 16 0
e 8 17 0
e 8 19 0
e 9 16 0
e 9 17 0
e 9 19 0
e 9 21 0
e 11 21 0
e 11 12 0
e 11 19 0
e 11 23 0
e 11 15 0
e 11 14 0
e 11 13 0
e 11 22 0
e 11 16 0
e 11 17 0
e 12 17 0
e 12 19 0
e 12 21 0
e 12 22 0
e 13 14 0
e 13 16 0
e 13 17 0
e 13 22 0
e 14 16 0
e 14 17 0
e 14 19 0
e 14 21 0
e 14 22 0
e 15 17 0
e 15 21 0
e 15 22 0
e 16 21 0
e 16 19 0
e 16 23 0
e 16 20 0
e 16 17 0
e 16 22 0
e 17 21 0
e 17 23 0
e 17 18 0
e 17 20 0
e 17 22 0
e 18 19 0
e 18 21 0
e 18 22 0
e 19 20 0
e 19 21 0
e 19 22 0
e 20 21 0
e 20 22 0
e 21 23 0
e 22 23 0
