t 16 57
v 0 16 3
v 1 28 5
v 2 26 12
v 3 14 3
v 4 22 6
v 5 34 4
v 6 20 15
v 7 11 4
v 8 23 5
v 9 36 6
v 10 33 5
v 11 6 10
v 12 28 7
v 13 8 11
v 14 16 13
v 15 25 5
e 0 6 0
e 0 13 0
e 0 14 0
e 1 12 0
e 1 2 0
e 1 6 0
e 1 11 0
e 1 14 0
e 2 9 0
e 2 7 0
e 2 5 0
e 2 4 0
e 2 8 0
e 2 15 0
e 2 12 0
e 2 10 0
e 2 6 0
e 2 11 0
e 2 14 0
e 3 6 0
e 3 11 0
e 3 14 0
e 4 8 0
e 4 6 0
e 4 11 0
e 4 13 0
e 4 14 0
e 5 6 0
e 5 11 0
e 5 13 0
e 6 9 0
e 6 7 0
e 6 8 0
e 6 15 0
e 6 11 0
e 6 14 0
e 6 12 0
e 6 10 0
e 6 13 0
e 7 13 0
e 7 15 0
e 8 13 0
e 8 14 0
e 9 11 0
e 9 12 0
e 9 13 0
e 9 14 0
e 10 13 0
e 10 14 0
e 10 15 0
e 11 14 0
e 11 12 0
e 11 13 0
e 12 13 0
e 12 14 0
e 13 14 0
e 14 15 0
