t 24 49
v 0 33 19
v 1 32 1
v 2 8 4
v 3 38 1
v 4 17 2
v 5 9 3
v 6 30 5
v 7 18 2
v 8 20 2
v 9 19 3
v 10 37 3
v 11 38 4
v 12 2 9
v 13 21 4
v 14 8 2
v 15 31 2
v 16 3 4
v 17 18 3
v 18 13 1
v 19 24 7
v 20 27 3
v 21 0 4
v 22 7 6
v 23 9 4
e 0 3 0
e 0 9 0
e 0 2 0
e 0 13 0
e 0 10 0
e 0 22 0
e 0 15 0
e 0 23 0
e 0 8 0
e 0 19 0
e 0 6 0
e 0 11 0
e 0 5 0
e 0 16 0
e 0 18 0
e 0 4 0
e 0 14 0
e 0 20 0
e 0 17 0
e 1 12 0
e 2 13 0
e 2 12 0
e 2 16 0
e 4 19 0
e 5 17 0
e 5 12 0
e 6 15 0
e 6 23 0
e 6 19 0
e 6 22 0
e 7 10 0
e 7 12 0
e 8 16 0
e 9 13 0
e 9 12 0
e 10 12 0
e 11 19 0
e 11 21 0
e 11 22 0
e 12 16 0
e 12 13 0
e 12 17 0
e 14 19 0
e 19 20 0
e 19 21 0
e 20 22 0
e 21 23 0
e 21 22 0
e 22 23 0
