t 32 68
v 0 22 2
v 1 17 2
v 2 0 2
v 3 21 1
v 4 31 3
v 5 21 28
v 6 6 3
v 7 6 3
v 8 21 3
v 9 23 2
v 10 15 4
v 11 8 3
v 12 15 3
v 13 26 2
v 14 11 3
v 15 8 2
v 16 24 3
v 17 31 9
v 18 4 4
v 19 3 3
v 20 13 5
v 21 30 8
v 22 38 6
v 23 22 9
v 24 14 2
v 25 10 3
v 26 1 3
v 27 9 3
v 28 21 3
v 29 31 6
v 30 0 2
v 31 8 1
e 0 12 0
e 0 5 0
e 1 4 0
e 1 5 0
e 2 6 0
e 2 20 0
e 3 5 0
e 4 5 0
e 4 12 0
e 5 11 0
e 5 29 0
e 5 16 0
e 5 24 0
e 5 23 0
e 5 13 0
e 5 22 0
e 5 20 0
e 5 25 0
e 5 28 0
e 5 26 0
e 5 18 0
e 5 10 0
e 5 27 0
e 5 30 0
e 5 12 0
e 5 8 0
e 5 9 0
e 5 21 0
e 5 6 0
e 5 14 0
e 5 15 0
e 5 19 0
e 5 7 0
e 6 9 0
e 7 11 0
e 7 14 0
e 8 29 0
e 8 30 0
e 10 17 0
e 10 21 0
e 10 23 0
e 11 25 0
e 13 17 0
e 14 19 0
e 15 22 0
e 16 17 0
e 16 23 0
e 17 29 0
e 17 18 0
e 17 23 0
e 17 22 0
e 17 20 0
e 17 21 0
e 18 21 0
e 18 23 0
e 19 24 0
e 20 21 0
e 20 23 0
e 21 29 0
e 21 23 0
e 21 22 0
e 22 31 0
e 22 23 0
e 23 29 0
e 25 26 0
e 26 28 0
e 27 28 0
e 27 29 0
