t 24 42
v 0 8 7
v 1 2 2
v 2 20 6
v 3 31 1
v 4 4 3
v 5 11 6
v 6 1 2
v 7 30 5
v 8 32 1
v 9 5 7
v 10 11 6
v 11 25 3
v 12 1 1
v 13 9 1
v 14 12 2
v 15 36 3
v 16 27 4
v 17 13 1
v 18 10 1
v 19 33 8
v 20 38 6
v 21 9 1
v 22 39 3
v 23 23 4
e 0 9 0
e 0 7 0
e 0 23 0
e 0 20 0
e 0 22 0
e 0 5 0
e 0 10 0
e 1 9 0
e 1 22 0
e 2 9 0
e 2 5 0
e 2 8 0
e 2 10 0
e 2 12 0
e 2 19 0
e 3 5 0
e 4 9 0
e 4 20 0
e 4 23 0
e 5 9 0
e 5 7 0
e 5 19 0
e 6 16 0
e 6 18 0
e 7 9 0
e 7 19 0
e 7 23 0
e 9 19 0
e 10 11 0
e 10 19 0
e 10 16 0
e 10 20 0
e 11 14 0
e 11 15 0
e 13 15 0
e 14 15 0
e 16 17 0
e 16 19 0
e 19 20 0
e 19 22 0
e 20 21 0
e 20 23 0
