t 24 42
v 0 17 2
v 1 7 3
v 2 23 2
v 3 6 2
v 4 5 2
v 5 2 2
v 6 29 3
v 7 4 3
v 8 32 3
v 9 10 2
v 10 21 5
v 11 25 6
v 12 29 4
v 13 10 4
v 14 31 2
v 15 16 5
v 16 3 2
v 17 17 3
v 18 36 3
v 19 26 3
v 20 39 7
v 21 20 6
v 22 17 4
v 23 2 6
e 0 9 0
e 0 3 0
e 1 9 0
e 1 2 0
e 1 10 0
e 2 4 0
e 3 10 0
e 4 8 0
e 5 6 0
e 5 8 0
e 6 7 0
e 6 15 0
e 7 11 0
e 7 20 0
e 8 23 0
e 10 16 0
e 10 22 0
e 10 12 0
e 11 17 0
e 11 12 0
e 11 18 0
e 11 19 0
e 11 20 0
e 12 13 0
e 12 20 0
e 13 15 0
e 13 21 0
e 13 23 0
e 14 21 0
e 14 23 0
e 15 23 0
e 15 22 0
e 15 21 0
e 16 17 0
e 17 20 0
e 18 19 0
e 18 20 0
e 19 20 0
e 20 21 0
e 21 23 0
e 21 22 0
e 22 23 0
