t 24 92
v 0 33 5
v 1 21 4
v 2 39 7
v 3 38 7
v 4 24 6
v 5 36 11
v 6 14 5
v 7 8 13
v 8 29 5
v 9 3 6
v 10 27 1
v 11 20 11
v 12 35 4
v 13 13 15
v 14 2 8
v 15 6 9
v 16 31 14
v 17 31 5
v 18 16 13
v 19 9 7
v 20 6 6
v 21 29 4
v 22 13 13
v 23 3 5
e 0 7 0
e 0 14 0
e 0 16 0
e 0 18 0
e 0 22 0
e 1 5 0
e 1 14 0
e 1 15 0
e 1 22 0
e 2 20 0
e 2 19 0
e 2 13 0
e 2 14 0
e 2 16 0
e 2 18 0
e 2 22 0
e 3 5 0
e 3 7 0
e 3 14 0
e 3 15 0
e 3 16 0
e 3 18 0
e 3 22 0
e 4 5 0
e 4 7 0
e 4 11 0
e 4 13 0
e 4 15 0
e 4 16 0
e 5 6 0
e 5 12 0
e 5 15 0
e 5 18 0
e 5 13 0
e 5 14 0
e 5 17 0
e 5 11 0
e 6 7 0
e 6 15 0
e 6 18 0
e 6 22 0
e 7 20 0
e 7 9 0
e 7 19 0
e 7 8 0
e 7 11 0
e 7 18 0
e 7 13 0
e 7 21 0
e 7 22 0
e 8 13 0
e 8 15 0
e 8 16 0
e 8 18 0
e 9 11 0
e 9 15 0
e 9 16 0
e 9 18 0
e 9 22 0
e 10 14 0
e 11 20 0
e 11 19 0
e 11 23 0
e 11 13 0
e 11 21 0
e 11 17 0
e 11 16 0
e 12 13 0
e 12 18 0
e 12 22 0
e 13 20 0
e 13 19 0
e 13 23 0
e 13 21 0
e 13 17 0
e 13 16 0
e 13 18 0
e 13 22 0
e 14 23 0
e 14 17 0
e 15 19 0
e 15 16 0
e 16 19 0
e 16 23 0
e 16 18 0
e 16 17 0
e 16 22 0
e 18 20 0
e 18 19 0
e 20 22 0
e 21 22 0
e 22 23 0
