t 40 122
v 0 23 1
v 1 18 26
v 2 7 5
v 3 18 6
v 4 35 28
v 5 20 5
v 6 11 4
v 7 0 3
v 8 33 3
v 9 8 4
v 10 34 5
v 11 31 5
v 12 20 1
v 13 32 1
v 14 35 1
v 15 34 28
v 16 33 4
v 17 1 3
v 18 28 6
v 19 9 7
v 20 5 3
v 21 18 5
v 22 21 1
v 23 6 3
v 24 8 6
v 25 36 5
v 26 27 8
v 27 32 7
v 28 35 8
v 29 18 2
v 30 17 2
v 31 14 6
v 32 21 7
v 33 9 7
v 34 7 2
v 35 22 6
v 36 15 8
v 37 39 6
v 38 26 1
v 39 28 5
e 0 2 0
e 1 10 0
e 1 26 0
e 1 23 0
e 1 7 0
e 1 18 0
e 1 24 0
e 1 2 0
e 1 3 0
e 1 11 0
e 1 17 0
e 1 5 0
e 1 19 0
e 1 16 0
e 1 27 0
e 1 36 0
e 1 31 0
e 1 37 0
e 1 35 0
e 1 39 0
e 1 9 0
e 1 25 0
e 1 33 0
e 1 28 0
e 1 21 0
e 1 4 0
e 1 15 0
e 2 3 0
e 2 9 0
e 2 15 0
e 3 4 0
e 3 5 0
e 3 9 0
e 3 15 0
e 4 10 0
e 4 6 0
e 4 32 0
e 4 15 0
e 4 26 0
e 4 23 0
e 4 7 0
e 4 18 0
e 4 8 0
e 4 29 0
e 4 24 0
e 4 12 0
e 4 11 0
e 4 5 0
e 4 19 0
e 4 16 0
e 4 33 0
e 4 27 0
e 4 36 0
e 4 37 0
e 4 35 0
e 4 39 0
e 4 31 0
e 4 25 0
e 4 28 0
e 4 21 0
e 5 10 0
e 5 15 0
e 6 10 0
e 6 15 0
e 6 25 0
e 7 25 0
e 8 11 0
e 8 22 0
e 9 15 0
e 10 15 0
e 11 17 0
e 11 15 0
e 13 35 0
e 14 16 0
e 15 32 0
e 15 26 0
e 15 23 0
e 15 18 0
e 15 29 0
e 15 24 0
e 15 17 0
e 15 19 0
e 15 16 0
e 15 33 0
e 15 27 0
e 15 36 0
e 15 37 0
e 15 35 0
e 15 39 0
e 15 31 0
e 15 25 0
e 15 28 0
e 15 21 0
e 18 36 0
e 18 27 0
e 18 32 0
e 19 20 0
e 19 26 0
e 19 33 0
e 19 28 0
e 20 24 0
e 20 33 0
e 21 26 0
e 21 28 0
e 24 26 0
e 24 28 0
e 26 28 0
e 26 33 0
e 27 34 0
e 27 31 0
e 27 32 0
e 28 33 0
e 30 32 0
e 30 36 0
e 31 32 0
e 31 36 0
e 32 36 0
e 34 36 0
e 35 39 0
e 35 37 0
e 37 39 0
e 37 38 0
