t 32 107
v 0 27 4
v 1 12 4
v 2 15 3
v 3 6 6
v 4 30 3
v 5 31 3
v 6 4 7
v 7 29 10
v 8 15 8
v 9 30 3
v 10 37 2
v 11 19 9
v 12 22 3
v 13 18 7
v 14 35 7
v 15 8 28
v 16 4 2
v 17 26 3
v 18 15 13
v 19 14 6
v 20 31 3
v 21 19 4
v 22 0 2
v 23 27 4
v 24 11 7
v 25 8 6
v 26 16 4
v 27 34 14
v 28 22 29
v 29 34 3
v 30 3 5
v 31 2 2
e 0 30 0
e 0 1 0
e 0 15 0
e 0 28 0
e 1 29 0
e 1 15 0
e 1 28 0
e 2 24 0
e 2 15 0
e 2 28 0
e 3 15 0
e 3 18 0
e 3 20 0
e 3 21 0
e 3 27 0
e 3 28 0
e 4 7 0
e 4 15 0
e 4 28 0
e 5 12 0
e 5 15 0
e 5 28 0
e 6 7 0
e 6 11 0
e 6 15 0
e 6 18 0
e 6 24 0
e 6 27 0
e 6 28 0
e 7 14 0
e 7 11 0
e 7 15 0
e 7 18 0
e 7 24 0
e 7 27 0
e 7 28 0
e 7 29 0
e 8 10 0
e 8 15 0
e 8 18 0
e 8 19 0
e 8 26 0
e 8 27 0
e 8 28 0
e 8 30 0
e 9 11 0
e 9 15 0
e 9 28 0
e 10 28 0
e 11 14 0
e 11 15 0
e 11 18 0
e 11 24 0
e 11 27 0
e 11 28 0
e 12 15 0
e 12 28 0
e 13 26 0
e 13 15 0
e 13 18 0
e 13 25 0
e 13 27 0
e 13 28 0
e 13 30 0
e 14 15 0
e 14 17 0
e 14 24 0
e 14 27 0
e 14 28 0
e 15 30 0
e 15 25 0
e 15 16 0
e 15 19 0
e 15 17 0
e 15 31 0
e 15 18 0
e 15 27 0
e 15 23 0
e 15 22 0
e 15 20 0
e 15 21 0
e 15 26 0
e 15 28 0
e 16 25 0
e 17 28 0
e 18 24 0
e 18 27 0
e 18 19 0
e 18 23 0
e 18 25 0
e 18 28 0
e 19 21 0
e 19 27 0
e 19 28 0
e 20 28 0
e 21 28 0
e 22 28 0
e 23 27 0
e 23 28 0
e 24 27 0
e 25 27 0
e 25 28 0
e 26 28 0
e 27 28 0
e 28 30 0
e 28 29 0
e 28 31 0
