t 24 30
v 0 26 2
v 1 21 2
v 2 24 2
v 3 37 2
v 4 37 2
v 5 38 2
v 6 6 6
v 7 27 2
v 8 36 5
v 9 33 3
v 10 21 2
v 11 11 2
v 12 14 2
v 13 30 2
v 14 5 2
v 15 22 1
v 16 30 3
v 17 20 2
v 18 25 2
v 19 30 2
v 20 12 3
v 21 11 2
v 22 6 5
v 23 7 2
e 0 5 0
e 0 1 0
e 1 3 0
e 2 17 0
e 2 6 0
e 3 4 0
e 4 23 0
e 5 7 0
e 6 16 0
e 6 22 0
e 6 9 0
e 6 20 0
e 6 8 0
e 7 10 0
e 8 16 0
e 8 22 0
e 8 9 0
e 8 20 0
e 9 22 0
e 10 21 0
e 11 15 0
e 11 13 0
e 12 21 0
e 12 19 0
e 13 19 0
e 14 18 0
e 14 17 0
e 16 22 0
e 18 23 0
e 20 22 0
