t 40 67
v 0 24 2
v 1 37 3
v 2 14 2
v 3 31 22
v 4 12 2
v 5 10 5
v 6 30 2
v 7 21 2
v 8 19 4
v 9 5 2
v 10 14 2
v 11 28 4
v 12 23 4
v 13 35 2
v 14 35 2
v 15 2 2
v 16 9 2
v 17 2 3
v 18 38 4
v 19 22 2
v 20 4 3
v 21 16 4
v 22 33 4
v 23 18 4
v 24 14 6
v 25 20 2
v 26 12 2
v 27 19 1
v 28 0 1
v 29 16 2
v 30 0 2
v 31 23 1
v 32 4 8
v 33 15 2
v 34 39 3
v 35 12 5
v 36 29 3
v 37 27 3
v 38 20 3
v 39 8 2
e 0 2 0
e 0 11 0
e 1 13 0
e 1 3 0
e 1 19 0
e 2 4 0
e 3 32 0
e 3 7 0
e 3 35 0
e 3 5 0
e 3 11 0
e 3 9 0
e 3 28 0
e 3 23 0
e 3 24 0
e 3 17 0
e 3 37 0
e 3 21 0
e 3 22 0
e 3 16 0
e 3 20 0
e 3 18 0
e 3 36 0
e 3 38 0
e 3 34 0
e 3 33 0
e 3 14 0
e 4 36 0
e 5 8 0
e 5 12 0
e 5 32 0
e 5 35 0
e 6 34 0
e 6 38 0
e 7 36 0
e 8 12 0
e 8 32 0
e 8 35 0
e 9 13 0
e 10 24 0
e 10 23 0
e 11 15 0
e 11 32 0
e 12 32 0
e 12 35 0
e 14 32 0
e 15 18 0
e 16 18 0
e 17 25 0
e 17 23 0
e 18 32 0
e 19 24 0
e 20 38 0
e 20 39 0
e 21 24 0
e 21 22 0
e 21 29 0
e 22 24 0
e 22 30 0
e 23 26 0
e 24 26 0
e 25 37 0
e 27 29 0
e 30 37 0
e 31 39 0
e 32 35 0
e 33 34 0
