t 16 44
v 0 9 6
v 1 7 3
v 2 7 5
v 3 3 2
v 4 33 8
v 5 2 4
v 6 0 5
v 7 10 4
v 8 3 4
v 9 4 10
v 10 2 9
v 11 10 4
v 12 2 1
v 13 30 6
v 14 14 7
v 15 23 10
e 0 7 0
e 0 14 0
e 0 11 0
e 0 2 0
e 0 6 0
e 0 10 0
e 1 4 0
e 1 5 0
e 1 15 0
e 2 4 0
e 2 9 0
e 2 10 0
e 2 15 0
e 3 4 0
e 3 5 0
e 4 14 0
e 4 10 0
e 4 9 0
e 4 6 0
e 4 5 0
e 5 15 0
e 6 9 0
e 6 10 0
e 6 15 0
e 7 9 0
e 7 10 0
e 7 15 0
e 8 9 0
e 8 10 0
e 8 13 0
e 8 14 0
e 9 14 0
e 9 11 0
e 9 13 0
e 9 10 0
e 9 15 0
e 10 14 0
e 10 13 0
e 11 13 0
e 11 15 0
e 12 15 0
e 13 14 0
e 13 15 0
e 14 15 0
