t 40 66
v 0 38 3
v 1 9 4
v 2 1 8
v 3 20 2
v 4 30 2
v 5 13 5
v 6 5 3
v 7 15 4
v 8 10 7
v 9 24 2
v 10 0 3
v 11 26 8
v 12 21 2
v 13 6 6
v 14 13 2
v 15 34 2
v 16 17 4
v 17 14 2
v 18 21 2
v 19 11 3
v 20 37 1
v 21 7 3
v 22 8 7
v 23 35 1
v 24 14 3
v 25 2 3
v 26 7 2
v 27 32 2
v 28 12 2
v 29 20 3
v 30 21 3
v 31 35 2
v 32 36 1
v 33 36 5
v 34 23 6
v 35 35 4
v 36 18 2
v 37 25 2
v 38 4 2
v 39 26 4
e 0 32 0
e 0 8 0
e 0 13 0
e 1 39 0
e 1 35 0
e 1 33 0
e 1 8 0
e 2 21 0
e 2 33 0
e 2 7 0
e 2 39 0
e 2 35 0
e 2 19 0
e 2 8 0
e 2 13 0
e 3 36 0
e 3 38 0
e 4 6 0
e 4 34 0
e 5 25 0
e 5 24 0
e 5 11 0
e 5 30 0
e 5 16 0
e 6 7 0
e 6 34 0
e 7 13 0
e 7 34 0
e 8 21 0
e 8 34 0
e 8 39 0
e 8 19 0
e 9 36 0
e 9 18 0
e 10 12 0
e 10 13 0
e 10 23 0
e 11 25 0
e 11 24 0
e 11 30 0
e 11 16 0
e 11 28 0
e 11 22 0
e 11 29 0
e 12 14 0
e 13 33 0
e 13 19 0
e 14 15 0
e 15 18 0
e 16 20 0
e 16 22 0
e 17 26 0
e 17 37 0
e 21 34 0
e 22 29 0
e 22 25 0
e 22 24 0
e 22 31 0
e 22 30 0
e 26 31 0
e 27 37 0
e 27 38 0
e 28 29 0
e 33 39 0
e 33 35 0
e 34 35 0
