t 40 327
v 0 33 35
v 1 37 12
v 2 13 8
v 3 12 5
v 4 1 10
v 5 34 33
v 6 35 32
v 7 5 10
v 8 28 8
v 9 37 11
v 10 9 12
v 11 20 38
v 12 25 11
v 13 14 12
v 14 19 12
v 15 39 36
v 16 8 10
v 17 1 11
v 18 23 35
v 19 30 12
v 20 0 37
v 21 5 11
v 22 37 11
v 23 32 31
v 24 4 15
v 25 39 12
v 26 1 9
v 27 27 6
v 28 34 36
v 29 37 9
v 30 25 8
v 31 15 11
v 32 10 10
v 33 12 8
v 34 19 35
v 35 30 11
v 36 12 10
v 37 6 9
v 38 31 11
v 39 32 11
e 0 2 0
e 0 24 0
e 0 4 0
e 0 30 0
e 0 31 0
e 0 14 0
e 0 1 0
e 0 21 0
e 0 10 0
e 0 18 0
e 0 11 0
e 0 6 0
e 0 28 0
e 0 17 0
e 0 35 0
e 0 26 0
e 0 20 0
e 0 23 0
e 0 15 0
e 0 22 0
e 0 12 0
e 0 25 0
e 0 16 0
e 0 9 0
e 0 19 0
e 0 7 0
e 0 32 0
e 0 39 0
e 0 13 0
e 0 36 0
e 0 37 0
e 0 38 0
e 0 8 0
e 0 5 0
e 0 34 0
e 1 12 0
e 1 5 0
e 1 6 0
e 1 11 0
e 1 15 0
e 1 18 0
e 1 20 0
e 1 23 0
e 1 24 0
e 1 28 0
e 1 34 0
e 2 6 0
e 2 11 0
e 2 15 0
e 2 18 0
e 2 20 0
e 2 23 0
e 2 28 0
e 3 5 0
e 3 15 0
e 3 20 0
e 3 23 0
e 3 34 0
e 4 6 0
e 4 11 0
e 4 15 0
e 4 18 0
e 4 20 0
e 4 23 0
e 4 24 0
e 4 28 0
e 4 34 0
e 5 24 0
e 5 30 0
e 5 31 0
e 5 14 0
e 5 21 0
e 5 10 0
e 5 18 0
e 5 11 0
e 5 6 0
e 5 28 0
e 5 34 0
e 5 17 0
e 5 35 0
e 5 23 0
e 5 20 0
e 5 15 0
e 5 22 0
e 5 12 0
e 5 25 0
e 5 16 0
e 5 9 0
e 5 7 0
e 5 32 0
e 5 39 0
e 5 13 0
e 5 36 0
e 5 38 0
e 5 37 0
e 5 27 0
e 5 8 0
e 6 24 0
e 6 31 0
e 6 14 0
e 6 21 0
e 6 10 0
e 6 28 0
e 6 35 0
e 6 33 0
e 6 26 0
e 6 22 0
e 6 12 0
e 6 25 0
e 6 16 0
e 6 9 0
e 6 19 0
e 6 7 0
e 6 32 0
e 6 13 0
e 6 39 0
e 6 27 0
e 6 38 0
e 6 29 0
e 6 8 0
e 6 11 0
e 6 15 0
e 6 18 0
e 6 34 0
e 7 30 0
e 7 11 0
e 7 15 0
e 7 18 0
e 7 23 0
e 7 28 0
e 7 34 0
e 8 11 0
e 8 15 0
e 8 18 0
e 8 20 0
e 8 28 0
e 9 21 0
e 9 10 0
e 9 11 0
e 9 15 0
e 9 18 0
e 9 20 0
e 9 28 0
e 9 34 0
e 10 14 0
e 10 11 0
e 10 15 0
e 10 18 0
e 10 20 0
e 10 23 0
e 10 28 0
e 10 34 0
e 11 24 0
e 11 30 0
e 11 31 0
e 11 14 0
e 11 21 0
e 11 28 0
e 11 17 0
e 11 35 0
e 11 33 0
e 11 26 0
e 11 22 0
e 11 12 0
e 11 25 0
e 11 16 0
e 11 19 0
e 11 32 0
e 11 13 0
e 11 39 0
e 11 27 0
e 11 38 0
e 11 37 0
e 11 36 0
e 11 29 0
e 11 15 0
e 11 18 0
e 11 20 0
e 11 23 0
e 11 34 0
e 12 15 0
e 12 18 0
e 12 20 0
e 12 23 0
e 12 28 0
e 12 34 0
e 13 31 0
e 13 14 0
e 13 15 0
e 13 18 0
e 13 20 0
e 13 23 0
e 13 28 0
e 13 34 0
e 14 15 0
e 14 18 0
e 14 20 0
e 14 23 0
e 14 28 0
e 14 34 0
e 15 24 0
e 15 31 0
e 15 21 0
e 15 28 0
e 15 17 0
e 15 35 0
e 15 33 0
e 15 26 0
e 15 22 0
e 15 25 0
e 15 16 0
e 15 19 0
e 15 32 0
e 15 39 0
e 15 36 0
e 15 37 0
e 15 38 0
e 15 29 0
e 15 20 0
e 15 23 0
e 15 34 0
e 16 19 0
e 16 18 0
e 16 20 0
e 16 23 0
e 16 28 0
e 17 35 0
e 17 19 0
e 17 33 0
e 17 18 0
e 17 20 0
e 17 28 0
e 17 34 0
e 18 24 0
e 18 31 0
e 18 28 0
e 18 35 0
e 18 33 0
e 18 26 0
e 18 22 0
e 18 25 0
e 18 19 0
e 18 32 0
e 18 39 0
e 18 27 0
e 18 38 0
e 18 37 0
e 18 36 0
e 18 29 0
e 18 20 0
e 18 23 0
e 18 34 0
e 19 22 0
e 19 20 0
e 19 23 0
e 19 24 0
e 19 28 0
e 20 24 0
e 20 30 0
e 20 31 0
e 20 21 0
e 20 28 0
e 20 35 0
e 20 33 0
e 20 26 0
e 20 22 0
e 20 25 0
e 20 32 0
e 20 39 0
e 20 36 0
e 20 38 0
e 20 37 0
e 20 27 0
e 20 29 0
e 20 23 0
e 20 34 0
e 21 36 0
e 21 24 0
e 21 28 0
e 21 34 0
e 22 23 0
e 22 28 0
e 22 34 0
e 23 24 0
e 23 30 0
e 23 31 0
e 23 28 0
e 23 35 0
e 23 26 0
e 23 25 0
e 23 39 0
e 23 36 0
e 23 38 0
e 23 37 0
e 23 29 0
e 23 34 0
e 24 25 0
e 24 28 0
e 24 34 0
e 25 29 0
e 25 28 0
e 25 34 0
e 26 28 0
e 26 34 0
e 27 34 0
e 28 30 0
e 28 31 0
e 28 35 0
e 28 33 0
e 28 32 0
e 28 39 0
e 28 36 0
e 28 37 0
e 28 29 0
e 28 34 0
e 29 34 0
e 30 34 0
e 31 34 0
e 32 38 0
e 32 34 0
e 33 34 0
e 34 35 0
e 34 39 0
e 34 36 0
e 34 38 0
e 34 37 0
e 38 39 0
