t 32 59
v 0 24 2
v 1 31 4
v 2 4 2
v 3 24 1
v 4 24 1
v 5 37 2
v 6 25 2
v 7 20 3
v 8 28 2
v 9 37 4
v 10 11 4
v 11 3 12
v 12 2 3
v 13 6 6
v 14 23 4
v 15 13 3
v 16 27 4
v 17 37 2
v 18 34 3
v 19 9 4
v 20 7 3
v 21 35 19
v 22 10 1
v 23 37 4
v 24 30 5
v 25 31 2
v 26 37 2
v 27 26 2
v 28 30 2
v 29 34 8
v 30 13 1
v 31 27 1
e 0 11 0
e 0 16 0
e 1 7 0
e 1 11 0
e 1 24 0
e 1 29 0
e 2 11 0
e 2 21 0
e 3 8 0
e 4 5 0
e 5 21 0
e 6 9 0
e 6 11 0
e 7 14 0
e 7 21 0
e 8 21 0
e 9 10 0
e 9 11 0
e 9 18 0
e 10 16 0
e 10 17 0
e 10 21 0
e 11 23 0
e 11 15 0
e 11 28 0
e 11 13 0
e 11 16 0
e 11 30 0
e 11 24 0
e 12 13 0
e 12 19 0
e 12 21 0
e 13 19 0
e 13 20 0
e 13 21 0
e 13 29 0
e 14 17 0
e 14 25 0
e 14 21 0
e 15 21 0
e 15 29 0
e 16 19 0
e 18 21 0
e 18 24 0
e 19 21 0
e 20 21 0
e 20 29 0
e 21 31 0
e 21 24 0
e 21 22 0
e 21 23 0
e 21 29 0
e 21 26 0
e 21 25 0
e 23 26 0
e 23 29 0
e 24 29 0
e 27 28 0
e 27 29 0
