t 32 44
v 0 14 1
v 1 27 1
v 2 5 3
v 3 4 1
v 4 20 4
v 5 29 2
v 6 15 2
v 7 34 3
v 8 17 6
v 9 8 2
v 10 14 1
v 11 0 2
v 12 29 3
v 13 36 2
v 14 36 2
v 15 1 3
v 16 2 2
v 17 20 2
v 18 11 1
v 19 18 10
v 20 25 3
v 21 0 2
v 22 36 2
v 23 14 1
v 24 11 4
v 25 35 4
v 26 8 3
v 27 19 2
v 28 30 2
v 29 12 6
v 30 27 3
v 31 15 3
e 0 8 0
e 1 30 0
e 2 8 0
e 2 3 0
e 2 25 0
e 4 15 0
e 4 24 0
e 4 25 0
e 4 29 0
e 5 26 0
e 5 7 0
e 6 16 0
e 6 20 0
e 7 28 0
e 7 19 0
e 8 13 0
e 8 19 0
e 8 25 0
e 8 29 0
e 9 26 0
e 9 11 0
e 10 24 0
e 11 19 0
e 12 21 0
e 12 17 0
e 12 31 0
e 13 24 0
e 14 20 0
e 14 30 0
e 15 19 0
e 15 29 0
e 16 21 0
e 17 31 0
e 18 28 0
e 19 30 0
e 19 24 0
e 19 29 0
e 19 26 0
e 19 23 0
e 19 27 0
e 20 22 0
e 22 31 0
e 25 29 0
e 27 29 0
