t 32 135
v 0 16 15
v 1 38 6
v 2 31 20
v 3 13 18
v 4 29 4
v 5 4 5
v 6 35 4
v 7 34 5
v 8 32 6
v 9 31 5
v 10 31 6
v 11 39 5
v 12 18 6
v 13 33 19
v 14 39 10
v 15 16 5
v 16 14 3
v 17 15 7
v 18 3 7
v 19 24 5
v 20 2 18
v 21 15 4
v 22 31 7
v 23 29 6
v 24 13 17
v 25 36 3
v 26 22 8
v 27 16 6
v 28 10 3
v 29 26 20
v 30 35 5
v 31 21 12
e 0 1 0
e 0 10 0
e 0 12 0
e 0 23 0
e 0 15 0
e 0 22 0
e 0 7 0
e 0 14 0
e 0 20 0
e 0 8 0
e 0 3 0
e 0 6 0
e 0 26 0
e 0 13 0
e 0 24 0
e 1 2 0
e 1 3 0
e 1 20 0
e 1 29 0
e 1 31 0
e 2 27 0
e 2 22 0
e 2 19 0
e 2 28 0
e 2 7 0
e 2 30 0
e 2 16 0
e 2 4 0
e 2 3 0
e 2 9 0
e 2 8 0
e 2 18 0
e 2 11 0
e 2 12 0
e 2 23 0
e 2 25 0
e 2 14 0
e 2 21 0
e 2 24 0
e 3 12 0
e 3 27 0
e 3 15 0
e 3 4 0
e 3 17 0
e 3 7 0
e 3 14 0
e 3 20 0
e 3 5 0
e 3 30 0
e 3 29 0
e 3 18 0
e 3 11 0
e 3 26 0
e 3 24 0
e 4 8 0
e 4 29 0
e 5 13 0
e 5 20 0
e 5 29 0
e 5 31 0
e 6 10 0
e 6 24 0
e 6 29 0
e 7 13 0
e 7 20 0
e 8 13 0
e 8 29 0
e 8 31 0
e 9 13 0
e 9 17 0
e 9 24 0
e 9 31 0
e 10 13 0
e 10 20 0
e 10 24 0
e 10 29 0
e 11 26 0
e 11 13 0
e 11 24 0
e 12 13 0
e 12 20 0
e 12 24 0
e 13 22 0
e 13 28 0
e 13 19 0
e 13 16 0
e 13 29 0
e 13 18 0
e 13 26 0
e 13 23 0
e 13 14 0
e 13 24 0
e 13 21 0
e 14 27 0
e 14 18 0
e 14 26 0
e 14 24 0
e 14 29 0
e 14 31 0
e 15 17 0
e 15 24 0
e 15 31 0
e 16 29 0
e 17 20 0
e 17 24 0
e 17 29 0
e 17 31 0
e 18 20 0
e 18 29 0
e 18 31 0
e 19 20 0
e 19 29 0
e 19 31 0
e 20 23 0
e 20 25 0
e 20 27 0
e 20 22 0
e 20 30 0
e 20 26 0
e 20 24 0
e 20 29 0
e 21 24 0
e 21 29 0
e 22 28 0
e 22 29 0
e 22 31 0
e 23 24 0
e 23 29 0
e 24 27 0
e 24 26 0
e 25 29 0
e 26 31 0
e 27 29 0
e 29 30 0
e 30 31 0
