t 16 44
v 0 20 3
v 1 8 7
v 2 34 8
v 3 30 9
v 4 21 4
v 5 2 3
v 6 37 5
v 7 13 1
v 8 4 11
v 9 17 3
v 10 4 1
v 11 22 4
v 12 25 11
v 13 22 4
v 14 38 11
v 15 29 3
e 0 8 0
e 0 12 0
e 0 14 0
e 1 4 0
e 1 2 0
e 1 6 0
e 1 3 0
e 1 8 0
e 1 12 0
e 1 14 0
e 2 4 0
e 2 9 0
e 2 6 0
e 2 3 0
e 2 8 0
e 2 12 0
e 2 14 0
e 3 4 0
e 3 13 0
e 3 7 0
e 3 5 0
e 3 11 0
e 3 8 0
e 3 14 0
e 4 12 0
e 5 8 0
e 5 14 0
e 6 8 0
e 6 12 0
e 6 14 0
e 8 12 0
e 8 10 0
e 8 13 0
e 8 11 0
e 8 15 0
e 9 12 0
e 9 14 0
e 11 12 0
e 11 14 0
e 12 13 0
e 12 15 0
e 12 14 0
e 13 14 0
e 14 15 0
