t 32 74
v 0 23 10
v 1 26 6
v 2 8 2
v 3 17 9
v 4 32 4
v 5 11 4
v 6 4 1
v 7 37 3
v 8 27 5
v 9 1 6
v 10 21 2
v 11 7 5
v 12 17 3
v 13 31 19
v 14 21 4
v 15 17 2
v 16 27 2
v 17 11 2
v 18 35 3
v 19 37 11
v 20 36 3
v 21 26 3
v 22 0 2
v 23 16 7
v 24 0 6
v 25 37 5
v 26 20 6
v 27 3 2
v 28 31 3
v 29 6 3
v 30 0 4
v 31 35 1
e 0 14 0
e 0 24 0
e 0 26 0
e 0 4 0
e 0 8 0
e 0 9 0
e 0 1 0
e 0 3 0
e 0 13 0
e 0 23 0
e 1 2 0
e 1 13 0
e 1 19 0
e 1 23 0
e 1 25 0
e 2 5 0
e 3 14 0
e 3 24 0
e 3 26 0
e 3 4 0
e 3 8 0
e 3 9 0
e 3 23 0
e 3 13 0
e 4 22 0
e 4 13 0
e 5 15 0
e 5 13 0
e 5 19 0
e 6 15 0
e 7 18 0
e 7 11 0
e 7 19 0
e 8 22 0
e 8 13 0
e 8 23 0
e 9 13 0
e 9 19 0
e 9 25 0
e 9 27 0
e 10 18 0
e 10 11 0
e 11 21 0
e 11 17 0
e 11 13 0
e 12 13 0
e 12 16 0
e 12 19 0
e 13 29 0
e 13 18 0
e 13 14 0
e 13 24 0
e 13 28 0
e 13 20 0
e 13 30 0
e 13 23 0
e 13 21 0
e 13 17 0
e 14 25 0
e 16 20 0
e 19 21 0
e 19 24 0
e 19 28 0
e 19 26 0
e 19 20 0
e 19 30 0
e 23 24 0
e 23 26 0
e 24 25 0
e 25 26 0
e 26 27 0
e 28 29 0
e 29 30 0
e 30 31 0
