t 24 53
v 0 22 2
v 1 24 8
v 2 3 2
v 3 6 8
v 4 25 8
v 5 2 2
v 6 12 2
v 7 1 2
v 8 31 8
v 9 7 2
v 10 31 7
v 11 26 8
v 12 35 2
v 13 2 7
v 14 12 6
v 15 27 6
v 16 9 9
v 17 21 2
v 18 2 2
v 19 28 2
v 20 34 2
v 21 27 3
v 22 17 3
v 23 16 3
e 0 12 0
e 0 9 0
e 1 16 0
e 1 14 0
e 1 13 0
e 1 3 0
e 1 4 0
e 1 8 0
e 1 10 0
e 1 11 0
e 2 5 0
e 2 9 0
e 3 7 0
e 3 8 0
e 3 4 0
e 3 15 0
e 3 10 0
e 3 11 0
e 3 16 0
e 4 15 0
e 4 10 0
e 4 16 0
e 4 14 0
e 4 13 0
e 4 8 0
e 5 7 0
e 6 22 0
e 6 23 0
e 8 15 0
e 8 11 0
e 8 16 0
e 8 14 0
e 8 13 0
e 10 11 0
e 10 16 0
e 10 14 0
e 10 13 0
e 11 16 0
e 11 14 0
e 11 13 0
e 11 15 0
e 12 17 0
e 13 15 0
e 13 16 0
e 14 16 0
e 15 16 0
e 17 18 0
e 18 19 0
e 19 20 0
e 20 21 0
e 21 22 0
e 21 23 0
e 22 23 0
