t 32 227
v 0 12 13
v 1 35 12
v 2 8 31
v 3 15 18
v 4 1 13
v 5 28 8
v 6 5 15
v 7 15 8
v 8 8 18
v 9 20 31
v 10 11 13
v 11 15 8
v 12 39 31
v 13 37 10
v 14 16 6
v 15 11 15
v 16 11 31
v 17 27 6
v 18 26 7
v 19 28 18
v 20 38 11
v 21 16 8
v 22 4 31
v 23 12 10
v 24 3 7
v 25 37 8
v 26 18 7
v 27 4 11
v 28 17 6
v 29 31 8
v 30 23 30
v 31 11 5
e 0 6 0
e 0 5 0
e 0 2 0
e 0 3 0
e 0 4 0
e 0 8 0
e 0 9 0
e 0 10 0
e 0 12 0
e 0 16 0
e 0 19 0
e 0 22 0
e 0 30 0
e 1 5 0
e 1 2 0
e 1 3 0
e 1 8 0
e 1 9 0
e 1 12 0
e 1 15 0
e 1 16 0
e 1 19 0
e 1 22 0
e 1 24 0
e 1 30 0
e 2 17 0
e 2 24 0
e 2 14 0
e 2 21 0
e 2 11 0
e 2 29 0
e 2 28 0
e 2 13 0
e 2 6 0
e 2 27 0
e 2 31 0
e 2 7 0
e 2 18 0
e 2 20 0
e 2 15 0
e 2 3 0
e 2 8 0
e 2 30 0
e 2 5 0
e 2 10 0
e 2 4 0
e 2 25 0
e 2 23 0
e 2 26 0
e 2 19 0
e 2 9 0
e 2 12 0
e 2 16 0
e 2 22 0
e 3 15 0
e 3 8 0
e 3 13 0
e 3 6 0
e 3 23 0
e 3 4 0
e 3 10 0
e 3 20 0
e 3 27 0
e 3 9 0
e 3 12 0
e 3 16 0
e 3 19 0
e 3 22 0
e 3 30 0
e 4 10 0
e 4 6 0
e 4 8 0
e 4 9 0
e 4 12 0
e 4 16 0
e 4 19 0
e 4 22 0
e 4 25 0
e 4 30 0
e 5 9 0
e 5 12 0
e 5 16 0
e 5 22 0
e 5 30 0
e 6 7 0
e 6 8 0
e 6 9 0
e 6 10 0
e 6 11 0
e 6 12 0
e 6 16 0
e 6 19 0
e 6 22 0
e 6 29 0
e 6 30 0
e 7 9 0
e 7 12 0
e 7 15 0
e 7 16 0
e 7 22 0
e 7 30 0
e 8 15 0
e 8 13 0
e 8 10 0
e 8 23 0
e 8 20 0
e 8 27 0
e 8 9 0
e 8 12 0
e 8 16 0
e 8 19 0
e 8 22 0
e 8 30 0
e 9 17 0
e 9 24 0
e 9 14 0
e 9 21 0
e 9 11 0
e 9 29 0
e 9 28 0
e 9 13 0
e 9 27 0
e 9 31 0
e 9 18 0
e 9 20 0
e 9 15 0
e 9 30 0
e 9 10 0
e 9 25 0
e 9 23 0
e 9 26 0
e 9 19 0
e 9 16 0
e 9 12 0
e 9 22 0
e 10 12 0
e 10 16 0
e 10 19 0
e 10 21 0
e 10 22 0
e 10 30 0
e 11 15 0
e 11 12 0
e 11 16 0
e 11 22 0
e 11 30 0
e 12 17 0
e 12 24 0
e 12 14 0
e 12 21 0
e 12 29 0
e 12 28 0
e 12 13 0
e 12 27 0
e 12 31 0
e 12 18 0
e 12 20 0
e 12 15 0
e 12 30 0
e 12 25 0
e 12 23 0
e 12 26 0
e 12 19 0
e 12 16 0
e 12 22 0
e 13 16 0
e 13 19 0
e 13 22 0
e 13 26 0
e 13 30 0
e 14 16 0
e 14 22 0
e 14 30 0
e 15 20 0
e 15 27 0
e 15 16 0
e 15 19 0
e 15 22 0
e 15 29 0
e 15 30 0
e 16 17 0
e 16 24 0
e 16 21 0
e 16 29 0
e 16 28 0
e 16 27 0
e 16 31 0
e 16 18 0
e 16 20 0
e 16 30 0
e 16 25 0
e 16 23 0
e 16 26 0
e 16 19 0
e 16 22 0
e 17 22 0
e 17 30 0
e 18 23 0
e 18 22 0
e 18 30 0
e 19 23 0
e 19 20 0
e 19 27 0
e 19 22 0
e 19 30 0
e 20 21 0
e 20 22 0
e 20 30 0
e 21 22 0
e 21 30 0
e 22 24 0
e 22 29 0
e 22 28 0
e 22 27 0
e 22 31 0
e 22 30 0
e 22 25 0
e 22 23 0
e 22 26 0
e 23 30 0
e 24 30 0
e 25 27 0
e 25 30 0
e 26 30 0
e 27 30 0
e 28 30 0
e 29 30 0
