t 40 244
v 0 5 4
v 1 28 3
v 2 39 4
v 3 34 3
v 4 15 11
v 5 23 27
v 6 10 10
v 7 29 27
v 8 1 10
v 9 6 10
v 10 30 27
v 11 18 3
v 12 33 10
v 13 24 26
v 14 9 26
v 15 34 10
v 16 27 27
v 17 26 10
v 18 13 26
v 19 23 10
v 20 22 9
v 21 2 10
v 22 34 9
v 23 7 10
v 24 17 9
v 25 34 10
v 26 33 3
v 27 29 10
v 28 3 10
v 29 21 10
v 30 17 27
v 31 15 2
v 32 17 27
v 33 10 10
v 34 13 10
v 35 27 26
v 36 9 3
v 37 16 3
v 38 5 3
v 39 6 3
e 0 26 0
e 0 1 0
e 0 4 0
e 0 39 0
e 1 2 0
e 1 4 0
e 2 11 0
e 2 3 0
e 2 4 0
e 3 4 0
e 3 11 0
e 4 38 0
e 4 39 0
e 4 36 0
e 4 37 0
e 4 26 0
e 4 11 0
e 4 31 0
e 5 24 0
e 5 30 0
e 5 14 0
e 5 10 0
e 5 16 0
e 5 18 0
e 5 7 0
e 5 32 0
e 5 31 0
e 5 6 0
e 5 19 0
e 5 21 0
e 5 12 0
e 5 15 0
e 5 17 0
e 5 8 0
e 5 29 0
e 5 20 0
e 5 28 0
e 5 34 0
e 5 9 0
e 5 22 0
e 5 25 0
e 5 27 0
e 5 33 0
e 5 23 0
e 5 13 0
e 6 7 0
e 6 10 0
e 6 13 0
e 6 14 0
e 6 16 0
e 6 18 0
e 6 30 0
e 6 32 0
e 6 35 0
e 7 24 0
e 7 32 0
e 7 19 0
e 7 21 0
e 7 12 0
e 7 15 0
e 7 17 0
e 7 8 0
e 7 29 0
e 7 20 0
e 7 28 0
e 7 34 0
e 7 9 0
e 7 22 0
e 7 25 0
e 7 27 0
e 7 33 0
e 7 23 0
e 7 13 0
e 7 10 0
e 7 14 0
e 7 16 0
e 7 18 0
e 7 30 0
e 7 35 0
e 8 10 0
e 8 13 0
e 8 14 0
e 8 16 0
e 8 18 0
e 8 30 0
e 8 32 0
e 8 35 0
e 9 10 0
e 9 13 0
e 9 14 0
e 9 16 0
e 9 18 0
e 9 30 0
e 9 32 0
e 9 35 0
e 10 24 0
e 10 16 0
e 10 18 0
e 10 32 0
e 10 19 0
e 10 21 0
e 10 12 0
e 10 15 0
e 10 17 0
e 10 29 0
e 10 20 0
e 10 28 0
e 10 34 0
e 10 22 0
e 10 25 0
e 10 27 0
e 10 33 0
e 10 23 0
e 10 13 0
e 10 14 0
e 10 30 0
e 10 35 0
e 12 13 0
e 12 14 0
e 12 16 0
e 12 18 0
e 12 30 0
e 12 32 0
e 12 35 0
e 13 19 0
e 13 21 0
e 13 15 0
e 13 17 0
e 13 29 0
e 13 20 0
e 13 28 0
e 13 34 0
e 13 22 0
e 13 25 0
e 13 27 0
e 13 33 0
e 13 23 0
e 13 14 0
e 13 16 0
e 13 18 0
e 13 30 0
e 13 32 0
e 13 35 0
e 14 24 0
e 14 16 0
e 14 18 0
e 14 32 0
e 14 19 0
e 14 21 0
e 14 15 0
e 14 17 0
e 14 29 0
e 14 28 0
e 14 34 0
e 14 22 0
e 14 25 0
e 14 27 0
e 14 33 0
e 14 23 0
e 14 30 0
e 14 35 0
e 15 16 0
e 15 18 0
e 15 30 0
e 15 32 0
e 15 35 0
e 16 24 0
e 16 18 0
e 16 32 0
e 16 19 0
e 16 21 0
e 16 17 0
e 16 29 0
e 16 20 0
e 16 28 0
e 16 34 0
e 16 22 0
e 16 25 0
e 16 27 0
e 16 33 0
e 16 23 0
e 16 30 0
e 16 35 0
e 17 18 0
e 17 30 0
e 17 32 0
e 17 35 0
e 18 24 0
e 18 32 0
e 18 19 0
e 18 21 0
e 18 29 0
e 18 20 0
e 18 28 0
e 18 34 0
e 18 25 0
e 18 27 0
e 18 33 0
e 18 23 0
e 18 30 0
e 18 35 0
e 19 30 0
e 19 32 0
e 19 35 0
e 20 30 0
e 20 32 0
e 20 35 0
e 21 30 0
e 21 32 0
e 21 35 0
e 22 30 0
e 22 32 0
e 22 35 0
e 23 30 0
e 23 32 0
e 23 35 0
e 24 30 0
e 24 32 0
e 24 35 0
e 25 30 0
e 25 32 0
e 25 35 0
e 26 36 0
e 27 30 0
e 27 32 0
e 27 35 0
e 28 30 0
e 28 32 0
e 28 35 0
e 29 30 0
e 29 32 0
e 29 35 0
e 30 32 0
e 30 34 0
e 30 33 0
e 30 35 0
e 32 34 0
e 32 33 0
e 32 35 0
e 33 35 0
e 34 35 0
e 36 37 0
e 37 38 0
e 38 39 0
