t 24 114
v 0 35 8
v 1 31 18
v 2 39 18
v 3 19 6
v 4 1 2
v 5 5 8
v 6 16 10
v 7 20 5
v 8 11 7
v 9 17 19
v 10 17 7
v 11 23 16
v 12 21 15
v 13 7 7
v 14 8 16
v 15 6 10
v 16 38 5
v 17 29 2
v 18 34 9
v 19 6 8
v 20 35 6
v 21 31 19
v 22 33 6
v 23 10 1
e 0 1 0
e 0 2 0
e 0 9 0
e 0 11 0
e 0 12 0
e 0 14 0
e 0 15 0
e 0 21 0
e 1 3 0
e 1 20 0
e 1 6 0
e 1 15 0
e 1 22 0
e 1 18 0
e 1 16 0
e 1 5 0
e 1 19 0
e 1 21 0
e 1 11 0
e 1 8 0
e 1 10 0
e 1 14 0
e 1 13 0
e 1 2 0
e 1 9 0
e 2 3 0
e 2 20 0
e 2 6 0
e 2 15 0
e 2 22 0
e 2 18 0
e 2 16 0
e 2 5 0
e 2 19 0
e 2 21 0
e 2 11 0
e 2 8 0
e 2 10 0
e 2 14 0
e 2 13 0
e 2 9 0
e 3 9 0
e 3 11 0
e 3 12 0
e 3 21 0
e 4 17 0
e 4 23 0
e 5 6 0
e 5 9 0
e 5 11 0
e 5 12 0
e 5 14 0
e 5 21 0
e 6 8 0
e 6 15 0
e 6 9 0
e 6 11 0
e 6 14 0
e 6 18 0
e 6 21 0
e 7 9 0
e 7 11 0
e 7 12 0
e 7 14 0
e 7 21 0
e 8 9 0
e 8 11 0
e 8 14 0
e 8 21 0
e 9 15 0
e 9 16 0
e 9 22 0
e 9 18 0
e 9 21 0
e 9 11 0
e 9 10 0
e 9 13 0
e 9 19 0
e 9 14 0
e 9 12 0
e 10 11 0
e 10 14 0
e 10 15 0
e 10 21 0
e 11 15 0
e 11 18 0
e 11 19 0
e 11 13 0
e 11 12 0
e 11 21 0
e 12 17 0
e 12 20 0
e 12 15 0
e 12 22 0
e 12 16 0
e 12 18 0
e 12 21 0
e 12 14 0
e 12 13 0
e 13 14 0
e 13 21 0
e 14 20 0
e 14 22 0
e 14 16 0
e 14 19 0
e 14 21 0
e 15 18 0
e 15 21 0
e 18 19 0
e 18 21 0
e 19 20 0
e 19 21 0
e 20 21 0
e 21 22 0
