t 40 500
v 0 22 37
v 1 30 35
v 2 37 17
v 3 16 38
v 4 18 36
v 5 16 17
v 6 26 16
v 7 5 21
v 8 20 38
v 9 21 38
v 10 2 17
v 11 39 16
v 12 5 20
v 13 20 17
v 14 39 17
v 15 14 15
v 16 32 17
v 17 5 17
v 18 3 39
v 19 9 39
v 20 39 13
v 21 36 16
v 22 23 16
v 23 3 16
v 24 2 37
v 25 32 39
v 26 24 15
v 27 20 12
v 28 9 17
v 29 28 37
v 30 9 39
v 31 35 39
v 32 13 37
v 33 3 38
v 34 11 20
v 35 13 17
v 36 30 15
v 37 11 16
v 38 9 16
v 39 7 38
e 0 36 0
e 0 6 0
e 0 30 0
e 0 25 0
e 0 18 0
e 0 33 0
e 0 9 0
e 0 27 0
e 0 15 0
e 0 17 0
e 0 5 0
e 0 10 0
e 0 38 0
e 0 11 0
e 0 7 0
e 0 22 0
e 0 14 0
e 0 21 0
e 0 35 0
e 0 28 0
e 0 23 0
e 0 34 0
e 0 16 0
e 0 2 0
e 0 29 0
e 0 37 0
e 0 12 0
e 0 13 0
e 0 24 0
e 0 20 0
e 0 32 0
e 0 26 0
e 0 3 0
e 0 8 0
e 0 19 0
e 0 31 0
e 0 39 0
e 1 36 0
e 1 6 0
e 1 15 0
e 1 17 0
e 1 5 0
e 1 10 0
e 1 38 0
e 1 11 0
e 1 7 0
e 1 22 0
e 1 14 0
e 1 21 0
e 1 35 0
e 1 28 0
e 1 34 0
e 1 23 0
e 1 16 0
e 1 2 0
e 1 29 0
e 1 37 0
e 1 24 0
e 1 32 0
e 1 12 0
e 1 13 0
e 1 26 0
e 1 3 0
e 1 4 0
e 1 9 0
e 1 18 0
e 1 19 0
e 1 25 0
e 1 30 0
e 1 31 0
e 1 33 0
e 1 39 0
e 2 12 0
e 2 3 0
e 2 4 0
e 2 8 0
e 2 9 0
e 2 18 0
e 2 19 0
e 2 24 0
e 2 25 0
e 2 29 0
e 2 30 0
e 2 31 0
e 2 32 0
e 2 33 0
e 2 39 0
e 3 36 0
e 3 6 0
e 3 39 0
e 3 31 0
e 3 8 0
e 3 30 0
e 3 25 0
e 3 18 0
e 3 33 0
e 3 4 0
e 3 9 0
e 3 27 0
e 3 17 0
e 3 5 0
e 3 10 0
e 3 38 0
e 3 11 0
e 3 7 0
e 3 22 0
e 3 14 0
e 3 21 0
e 3 35 0
e 3 28 0
e 3 34 0
e 3 23 0
e 3 16 0
e 3 29 0
e 3 24 0
e 3 12 0
e 3 37 0
e 3 13 0
e 3 20 0
e 3 32 0
e 3 26 0
e 3 19 0
e 4 36 0
e 4 6 0
e 4 9 0
e 4 27 0
e 4 15 0
e 4 17 0
e 4 5 0
e 4 10 0
e 4 38 0
e 4 11 0
e 4 7 0
e 4 22 0
e 4 14 0
e 4 35 0
e 4 28 0
e 4 34 0
e 4 23 0
e 4 16 0
e 4 29 0
e 4 37 0
e 4 12 0
e 4 13 0
e 4 24 0
e 4 20 0
e 4 32 0
e 4 8 0
e 4 18 0
e 4 19 0
e 4 25 0
e 4 30 0
e 4 31 0
e 4 33 0
e 4 39 0
e 5 7 0
e 5 8 0
e 5 9 0
e 5 18 0
e 5 19 0
e 5 24 0
e 5 25 0
e 5 29 0
e 5 30 0
e 5 31 0
e 5 32 0
e 5 33 0
e 5 39 0
e 6 8 0
e 6 9 0
e 6 18 0
e 6 19 0
e 6 24 0
e 6 25 0
e 6 29 0
e 6 30 0
e 6 31 0
e 6 32 0
e 6 33 0
e 6 39 0
e 7 22 0
e 7 8 0
e 7 9 0
e 7 10 0
e 7 11 0
e 7 17 0
e 7 18 0
e 7 19 0
e 7 24 0
e 7 25 0
e 7 29 0
e 7 30 0
e 7 31 0
e 7 32 0
e 7 33 0
e 7 39 0
e 8 36 0
e 8 30 0
e 8 25 0
e 8 18 0
e 8 33 0
e 8 9 0
e 8 27 0
e 8 15 0
e 8 17 0
e 8 10 0
e 8 38 0
e 8 11 0
e 8 22 0
e 8 14 0
e 8 21 0
e 8 35 0
e 8 28 0
e 8 34 0
e 8 23 0
e 8 16 0
e 8 29 0
e 8 37 0
e 8 12 0
e 8 13 0
e 8 24 0
e 8 20 0
e 8 32 0
e 8 26 0
e 8 19 0
e 8 31 0
e 8 39 0
e 9 36 0
e 9 27 0
e 9 15 0
e 9 17 0
e 9 10 0
e 9 38 0
e 9 11 0
e 9 14 0
e 9 21 0
e 9 35 0
e 9 28 0
e 9 34 0
e 9 23 0
e 9 16 0
e 9 29 0
e 9 37 0
e 9 12 0
e 9 13 0
e 9 24 0
e 9 20 0
e 9 32 0
e 9 26 0
e 9 18 0
e 9 19 0
e 9 25 0
e 9 30 0
e 9 31 0
e 9 33 0
e 9 39 0
e 10 18 0
e 10 19 0
e 10 24 0
e 10 25 0
e 10 29 0
e 10 30 0
e 10 31 0
e 10 32 0
e 10 33 0
e 10 39 0
e 11 18 0
e 11 19 0
e 11 24 0
e 11 25 0
e 11 29 0
e 11 30 0
e 11 31 0
e 11 32 0
e 11 39 0
e 12 13 0
e 12 20 0
e 12 16 0
e 12 18 0
e 12 19 0
e 12 24 0
e 12 25 0
e 12 29 0
e 12 30 0
e 12 31 0
e 12 32 0
e 12 33 0
e 12 39 0
e 13 18 0
e 13 19 0
e 13 24 0
e 13 25 0
e 13 29 0
e 13 30 0
e 13 31 0
e 13 32 0
e 13 33 0
e 13 39 0
e 14 34 0
e 14 18 0
e 14 19 0
e 14 24 0
e 14 25 0
e 14 29 0
e 14 30 0
e 14 31 0
e 14 32 0
e 14 33 0
e 14 39 0
e 15 18 0
e 15 19 0
e 15 24 0
e 15 25 0
e 15 29 0
e 15 30 0
e 15 31 0
e 15 32 0
e 15 33 0
e 15 39 0
e 16 18 0
e 16 19 0
e 16 24 0
e 16 25 0
e 16 29 0
e 16 30 0
e 16 31 0
e 16 32 0
e 16 33 0
e 16 39 0
e 17 18 0
e 17 19 0
e 17 24 0
e 17 25 0
e 17 29 0
e 17 30 0
e 17 31 0
e 17 32 0
e 17 33 0
e 17 39 0
e 18 36 0
e 18 33 0
e 18 27 0
e 18 38 0
e 18 22 0
e 18 21 0
e 18 35 0
e 18 28 0
e 18 23 0
e 18 34 0
e 18 29 0
e 18 37 0
e 18 24 0
e 18 20 0
e 18 32 0
e 18 26 0
e 18 19 0
e 18 25 0
e 18 30 0
e 18 31 0
e 18 39 0
e 19 36 0
e 19 39 0
e 19 31 0
e 19 30 0
e 19 25 0
e 19 33 0
e 19 27 0
e 19 38 0
e 19 22 0
e 19 21 0
e 19 35 0
e 19 28 0
e 19 23 0
e 19 34 0
e 19 29 0
e 19 37 0
e 19 24 0
e 19 32 0
e 19 20 0
e 19 26 0
e 20 25 0
e 20 30 0
e 20 31 0
e 20 33 0
e 20 39 0
e 21 34 0
e 21 24 0
e 21 25 0
e 21 29 0
e 21 30 0
e 21 31 0
e 21 32 0
e 21 33 0
e 21 39 0
e 22 24 0
e 22 25 0
e 22 29 0
e 22 30 0
e 22 31 0
e 22 32 0
e 22 33 0
e 22 39 0
e 23 24 0
e 23 25 0
e 23 29 0
e 23 30 0
e 23 31 0
e 23 32 0
e 23 33 0
e 23 39 0
e 24 36 0
e 24 38 0
e 24 35 0
e 24 28 0
e 24 34 0
e 24 37 0
e 24 32 0
e 24 26 0
e 24 25 0
e 24 29 0
e 24 30 0
e 24 31 0
e 24 33 0
e 24 39 0
e 25 36 0
e 25 33 0
e 25 27 0
e 25 38 0
e 25 35 0
e 25 28 0
e 25 34 0
e 25 29 0
e 25 37 0
e 25 32 0
e 25 26 0
e 25 30 0
e 25 31 0
e 25 39 0
e 26 29 0
e 26 30 0
e 26 31 0
e 26 32 0
e 26 33 0
e 26 39 0
e 27 30 0
e 27 31 0
e 27 33 0
e 27 39 0
e 28 34 0
e 28 29 0
e 28 30 0
e 28 31 0
e 28 32 0
e 28 33 0
e 28 39 0
e 29 36 0
e 29 38 0
e 29 35 0
e 29 34 0
e 29 37 0
e 29 32 0
e 29 30 0
e 29 31 0
e 29 33 0
e 29 39 0
e 30 36 0
e 30 33 0
e 30 38 0
e 30 35 0
e 30 34 0
e 30 37 0
e 30 32 0
e 30 31 0
e 30 39 0
e 31 36 0
e 31 33 0
e 31 38 0
e 31 35 0
e 31 34 0
e 31 37 0
e 31 32 0
e 31 39 0
e 32 36 0
e 32 38 0
e 32 35 0
e 32 34 0
e 32 37 0
e 32 33 0
e 32 39 0
e 33 36 0
e 33 38 0
e 33 35 0
e 33 34 0
e 33 37 0
e 33 39 0
e 34 35 0
e 34 39 0
e 35 39 0
e 37 39 0
e 38 39 0
