t 16 62
v 0 23 11
v 1 9 5
v 2 28 11
v 3 13 6
v 4 3 6
v 5 26 7
v 6 8 5
v 7 16 6
v 8 7 6
v 9 36 5
v 10 10 6
v 11 23 13
v 12 12 5
v 13 39 14
v 14 37 5
v 15 20 13
e 0 1 0
e 0 6 0
e 0 7 0
e 0 9 0
e 0 4 0
e 0 10 0
e 0 5 0
e 0 8 0
e 0 14 0
e 0 3 0
e 0 12 0
e 1 2 0
e 1 11 0
e 1 13 0
e 1 15 0
e 2 11 0
e 2 15 0
e 2 14 0
e 2 5 0
e 2 10 0
e 2 4 0
e 2 8 0
e 2 3 0
e 2 12 0
e 2 13 0
e 3 7 0
e 3 11 0
e 3 13 0
e 3 15 0
e 4 7 0
e 4 11 0
e 4 13 0
e 4 15 0
e 5 10 0
e 5 9 0
e 5 11 0
e 5 13 0
e 5 15 0
e 6 8 0
e 6 11 0
e 6 13 0
e 6 15 0
e 7 11 0
e 7 13 0
e 7 15 0
e 8 11 0
e 8 13 0
e 8 15 0
e 9 11 0
e 9 13 0
e 9 15 0
e 10 11 0
e 10 13 0
e 10 15 0
e 11 14 0
e 11 12 0
e 11 13 0
e 12 13 0
e 12 15 0
e 13 15 0
e 13 14 0
e 14 15 0
