t 16 58
v 0 6 10
v 1 26 6
v 2 14 10
v 3 31 10
v 4 39 6
v 5 17 6
v 6 13 2
v 7 15 6
v 8 2 3
v 9 10 15
v 10 3 3
v 11 5 3
v 12 9 6
v 13 23 15
v 14 5 3
v 15 26 12
e 0 7 0
e 0 5 0
e 0 1 0
e 0 2 0
e 0 3 0
e 0 4 0
e 0 9 0
e 0 12 0
e 0 13 0
e 0 15 0
e 1 2 0
e 1 3 0
e 1 9 0
e 1 13 0
e 1 15 0
e 2 12 0
e 2 4 0
e 2 3 0
e 2 15 0
e 2 7 0
e 2 5 0
e 2 9 0
e 2 13 0
e 3 15 0
e 3 7 0
e 3 5 0
e 3 4 0
e 3 9 0
e 3 12 0
e 3 13 0
e 4 15 0
e 4 9 0
e 4 13 0
e 5 9 0
e 5 13 0
e 5 15 0
e 6 9 0
e 6 13 0
e 7 9 0
e 7 13 0
e 7 15 0
e 8 15 0
e 8 9 0
e 8 13 0
e 9 12 0
e 9 15 0
e 9 14 0
e 9 11 0
e 9 13 0
e 9 10 0
e 10 15 0
e 10 13 0
e 11 14 0
e 11 13 0
e 12 15 0
e 12 13 0
e 13 14 0
e 13 15 0
