t 40 149
v 0 28 2
v 1 31 3
v 2 15 14
v 3 35 10
v 4 5 6
v 5 10 7
v 6 12 2
v 7 5 4
v 8 17 6
v 9 9 5
v 10 29 8
v 11 13 5
v 12 8 2
v 13 21 8
v 14 37 8
v 15 31 3
v 16 39 8
v 17 36 5
v 18 4 30
v 19 7 2
v 20 36 8
v 21 32 6
v 22 21 3
v 23 27 5
v 24 39 8
v 25 10 15
v 26 9 2
v 27 14 1
v 28 16 5
v 29 38 18
v 30 22 19
v 31 26 3
v 32 0 7
v 33 17 3
v 34 22 6
v 35 28 16
v 36 9 7
v 37 30 4
v 38 10 19
v 39 17 5
e 0 1 0
e 0 4 0
e 1 4 0
e 1 20 0
e 2 35 0
e 2 3 0
e 2 23 0
e 2 25 0
e 2 29 0
e 2 16 0
e 2 39 0
e 2 20 0
e 2 10 0
e 2 24 0
e 2 14 0
e 2 18 0
e 2 30 0
e 2 38 0
e 3 9 0
e 3 7 0
e 3 11 0
e 3 25 0
e 3 28 0
e 3 29 0
e 3 30 0
e 3 35 0
e 3 38 0
e 4 18 0
e 4 20 0
e 4 30 0
e 4 38 0
e 5 13 0
e 5 18 0
e 5 25 0
e 5 29 0
e 5 30 0
e 5 35 0
e 5 38 0
e 6 34 0
e 6 37 0
e 7 11 0
e 7 18 0
e 7 29 0
e 8 9 0
e 8 13 0
e 8 18 0
e 8 28 0
e 8 30 0
e 8 35 0
e 9 18 0
e 9 24 0
e 9 29 0
e 10 13 0
e 10 18 0
e 10 25 0
e 10 29 0
e 10 30 0
e 10 35 0
e 10 38 0
e 11 24 0
e 11 14 0
e 11 18 0
e 12 18 0
e 12 32 0
e 13 16 0
e 13 36 0
e 13 35 0
e 13 14 0
e 13 29 0
e 14 18 0
e 14 25 0
e 14 30 0
e 14 35 0
e 14 38 0
e 15 19 0
e 15 21 0
e 15 32 0
e 16 18 0
e 16 25 0
e 16 29 0
e 16 30 0
e 16 35 0
e 16 38 0
e 17 18 0
e 17 29 0
e 17 30 0
e 17 35 0
e 17 38 0
e 18 33 0
e 18 26 0
e 18 30 0
e 18 20 0
e 18 38 0
e 18 35 0
e 18 23 0
e 18 22 0
e 18 21 0
e 18 24 0
e 18 27 0
e 18 28 0
e 18 29 0
e 18 31 0
e 18 36 0
e 18 32 0
e 18 39 0
e 18 34 0
e 19 21 0
e 20 23 0
e 20 25 0
e 20 30 0
e 20 38 0
e 21 31 0
e 21 22 0
e 21 32 0
e 22 32 0
e 23 25 0
e 23 38 0
e 24 28 0
e 24 29 0
e 24 30 0
e 24 38 0
e 25 35 0
e 25 33 0
e 25 34 0
e 25 36 0
e 25 37 0
e 25 30 0
e 25 38 0
e 26 32 0
e 28 29 0
e 29 36 0
e 29 39 0
e 29 37 0
e 29 34 0
e 29 35 0
e 29 38 0
e 30 37 0
e 30 38 0
e 30 35 0
e 30 36 0
e 30 39 0
e 30 34 0
e 31 32 0
e 33 38 0
e 34 38 0
e 35 36 0
e 35 39 0
e 35 38 0
e 36 38 0
