t 32 96
v 0 1 4
v 1 6 11
v 2 6 4
v 3 20 3
v 4 25 6
v 5 23 14
v 6 25 1
v 7 27 2
v 8 34 5
v 9 24 7
v 10 8 2
v 11 4 4
v 12 10 11
v 13 39 2
v 14 34 4
v 15 1 3
v 16 35 14
v 17 26 8
v 18 2 8
v 19 33 6
v 20 17 5
v 21 3 6
v 22 22 5
v 23 31 6
v 24 7 4
v 25 15 26
v 26 25 4
v 27 4 3
v 28 39 6
v 29 0 3
v 30 2 3
v 31 24 2
e 0 1 0
e 0 8 0
e 0 5 0
e 0 25 0
e 1 21 0
e 1 18 0
e 1 12 0
e 1 23 0
e 1 17 0
e 1 8 0
e 1 20 0
e 1 4 0
e 1 5 0
e 1 25 0
e 2 11 0
e 2 28 0
e 2 16 0
e 2 25 0
e 3 5 0
e 3 6 0
e 3 25 0
e 4 17 0
e 4 5 0
e 4 12 0
e 4 18 0
e 4 25 0
e 5 21 0
e 5 23 0
e 5 12 0
e 5 18 0
e 5 17 0
e 5 8 0
e 5 20 0
e 5 9 0
e 5 22 0
e 5 25 0
e 7 16 0
e 7 25 0
e 8 18 0
e 8 25 0
e 9 23 0
e 9 19 0
e 9 17 0
e 9 12 0
e 9 18 0
e 9 25 0
e 10 16 0
e 10 25 0
e 11 15 0
e 11 16 0
e 11 25 0
e 12 21 0
e 12 23 0
e 12 19 0
e 12 17 0
e 12 20 0
e 12 22 0
e 12 25 0
e 13 16 0
e 13 25 0
e 14 16 0
e 14 25 0
e 14 26 0
e 14 28 0
e 15 16 0
e 15 25 0
e 16 28 0
e 16 24 0
e 16 30 0
e 16 27 0
e 16 29 0
e 16 26 0
e 16 25 0
e 17 19 0
e 17 23 0
e 17 25 0
e 18 21 0
e 18 19 0
e 18 22 0
e 19 22 0
e 19 25 0
e 20 21 0
e 20 25 0
e 21 22 0
e 23 25 0
e 24 30 0
e 24 25 0
e 24 28 0
e 25 31 0
e 25 28 0
e 25 30 0
e 25 29 0
e 25 26 0
e 26 28 0
e 27 31 0
e 27 29 0
