t 16 42
v 0 12 1
v 1 27 5
v 2 11 11
v 3 37 4
v 4 30 4
v 5 17 4
v 6 32 7
v 7 30 2
v 8 2 5
v 9 3 6
v 10 30 2
v 11 22 11
v 12 4 11
v 13 37 4
v 14 28 2
v 15 6 5
e 0 1 0
e 1 2 0
e 1 9 0
e 1 11 0
e 1 12 0
e 2 8 0
e 2 4 0
e 2 6 0
e 2 13 0
e 2 9 0
e 2 3 0
e 2 15 0
e 2 5 0
e 2 11 0
e 2 12 0
e 3 6 0
e 3 11 0
e 3 12 0
e 4 6 0
e 4 11 0
e 4 12 0
e 5 6 0
e 5 11 0
e 5 12 0
e 6 13 0
e 6 11 0
e 6 12 0
e 7 15 0
e 7 14 0
e 8 9 0
e 8 10 0
e 8 11 0
e 8 12 0
e 9 15 0
e 9 11 0
e 9 12 0
e 10 14 0
e 11 13 0
e 11 12 0
e 11 15 0
e 12 13 0
e 12 15 0
