t 32 48
v 0 23 3
v 1 19 2
v 2 8 6
v 3 23 1
v 4 39 14
v 5 31 2
v 6 3 1
v 7 37 2
v 8 38 1
v 9 20 4
v 10 33 5
v 11 28 1
v 12 17 2
v 13 30 2
v 14 18 1
v 15 8 1
v 16 12 1
v 17 10 2
v 18 26 3
v 19 4 2
v 20 11 5
v 21 37 3
v 22 11 7
v 23 22 4
v 24 20 7
v 25 13 2
v 26 28 2
v 27 20 2
v 28 10 2
v 29 27 2
v 30 24 2
v 31 26 2
e 0 2 0
e 0 10 0
e 0 22 0
e 1 4 0
e 1 14 0
e 2 23 0
e 2 9 0
e 2 10 0
e 2 18 0
e 2 21 0
e 3 4 0
e 4 23 0
e 4 5 0
e 4 15 0
e 4 8 0
e 4 9 0
e 4 11 0
e 4 10 0
e 4 13 0
e 4 22 0
e 4 21 0
e 4 20 0
e 4 24 0
e 5 20 0
e 6 24 0
e 7 31 0
e 7 30 0
e 9 22 0
e 9 24 0
e 10 22 0
e 10 18 0
e 12 17 0
e 12 20 0
e 13 20 0
e 16 31 0
e 17 20 0
e 18 24 0
e 19 30 0
e 19 25 0
e 21 22 0
e 22 23 0
e 22 24 0
e 23 24 0
e 24 26 0
e 25 29 0
e 26 27 0
e 27 28 0
e 28 29 0
