t 24 83
v 0 4 4
v 1 2 15
v 2 7 4
v 3 33 7
v 4 1 6
v 5 27 4
v 6 23 7
v 7 4 5
v 8 26 10
v 9 12 5
v 10 36 11
v 11 5 2
v 12 16 14
v 13 35 2
v 14 13 9
v 15 26 7
v 16 6 4
v 17 14 5
v 18 21 6
v 19 32 4
v 20 8 8
v 21 6 14
v 22 15 8
v 23 20 5
e 0 1 0
e 0 8 0
e 0 20 0
e 0 21 0
e 1 15 0
e 1 2 0
e 1 13 0
e 1 23 0
e 1 7 0
e 1 9 0
e 1 3 0
e 1 22 0
e 1 6 0
e 1 5 0
e 1 8 0
e 1 10 0
e 1 14 0
e 1 21 0
e 2 10 0
e 2 12 0
e 2 20 0
e 3 8 0
e 3 10 0
e 3 12 0
e 3 14 0
e 3 18 0
e 3 21 0
e 4 8 0
e 4 10 0
e 4 12 0
e 4 18 0
e 4 21 0
e 4 22 0
e 5 12 0
e 5 20 0
e 5 22 0
e 6 8 0
e 6 12 0
e 6 14 0
e 6 18 0
e 6 20 0
e 6 21 0
e 7 12 0
e 7 14 0
e 7 18 0
e 7 21 0
e 8 23 0
e 8 9 0
e 8 10 0
e 8 12 0
e 8 14 0
e 9 10 0
e 9 12 0
e 9 21 0
e 10 19 0
e 10 21 0
e 10 11 0
e 10 22 0
e 10 20 0
e 11 12 0
e 12 13 0
e 12 23 0
e 12 16 0
e 12 17 0
e 12 21 0
e 14 19 0
e 14 15 0
e 14 22 0
e 14 17 0
e 15 16 0
e 15 18 0
e 15 19 0
e 15 20 0
e 15 21 0
e 16 17 0
e 16 21 0
e 17 20 0
e 17 21 0
e 18 22 0
e 19 21 0
e 20 23 0
e 21 22 0
e 22 23 0
