t 40 148
v 0 3 16
v 1 2 17
v 2 37 8
v 3 9 4
v 4 10 5
v 5 3 7
v 6 12 1
v 7 8 6
v 8 38 18
v 9 21 7
v 10 8 5
v 11 38 7
v 12 21 6
v 13 22 14
v 14 21 13
v 15 35 5
v 16 3 15
v 17 21 7
v 18 18 4
v 19 0 5
v 20 9 1
v 21 22 3
v 22 13 2
v 23 30 5
v 24 32 2
v 25 12 11
v 26 5 4
v 27 15 6
v 28 38 5
v 29 4 19
v 30 10 11
v 31 0 7
v 32 31 3
v 33 24 4
v 34 11 2
v 35 8 6
v 36 21 3
v 37 31 7
v 38 18 21
v 39 0 4
e 0 2 0
e 0 4 0
e 0 5 0
e 0 17 0
e 0 15 0
e 0 12 0
e 0 9 0
e 0 7 0
e 0 31 0
e 0 3 0
e 0 30 0
e 0 8 0
e 0 37 0
e 0 11 0
e 0 13 0
e 0 38 0
e 1 14 0
e 1 2 0
e 1 4 0
e 1 5 0
e 1 17 0
e 1 12 0
e 1 9 0
e 1 7 0
e 1 31 0
e 1 3 0
e 1 30 0
e 1 37 0
e 1 11 0
e 1 13 0
e 1 25 0
e 1 29 0
e 1 38 0
e 2 8 0
e 2 13 0
e 2 16 0
e 2 25 0
e 2 29 0
e 2 38 0
e 3 8 0
e 3 16 0
e 4 8 0
e 4 16 0
e 4 38 0
e 5 15 0
e 5 7 0
e 5 8 0
e 5 16 0
e 5 38 0
e 6 23 0
e 7 8 0
e 7 16 0
e 7 38 0
e 8 14 0
e 8 17 0
e 8 15 0
e 8 12 0
e 8 9 0
e 8 31 0
e 8 37 0
e 8 11 0
e 8 13 0
e 8 16 0
e 8 25 0
e 8 29 0
e 9 14 0
e 9 16 0
e 9 30 0
e 9 38 0
e 10 13 0
e 10 25 0
e 10 29 0
e 10 35 0
e 10 38 0
e 11 14 0
e 11 16 0
e 11 30 0
e 11 38 0
e 12 14 0
e 12 16 0
e 12 30 0
e 13 14 0
e 13 21 0
e 13 38 0
e 13 39 0
e 13 23 0
e 13 35 0
e 13 25 0
e 13 18 0
e 13 29 0
e 14 17 0
e 14 31 0
e 14 37 0
e 14 16 0
e 14 29 0
e 14 30 0
e 14 38 0
e 15 16 0
e 15 38 0
e 16 17 0
e 16 31 0
e 16 30 0
e 16 37 0
e 17 30 0
e 17 38 0
e 18 25 0
e 18 29 0
e 18 35 0
e 19 36 0
e 19 26 0
e 19 28 0
e 19 29 0
e 19 33 0
e 20 39 0
e 21 25 0
e 21 29 0
e 22 27 0
e 22 29 0
e 23 25 0
e 23 29 0
e 23 38 0
e 24 32 0
e 24 27 0
e 25 39 0
e 25 35 0
e 25 38 0
e 26 27 0
e 26 28 0
e 26 29 0
e 27 32 0
e 27 29 0
e 27 33 0
e 28 36 0
e 28 34 0
e 28 33 0
e 29 32 0
e 29 38 0
e 29 33 0
e 29 35 0
e 29 34 0
e 29 36 0
e 30 31 0
e 30 37 0
e 30 38 0
e 31 38 0
e 35 38 0
e 37 38 0
e 38 39 0
