t 32 59
v 0 37 4
v 1 39 2
v 2 37 3
v 3 16 2
v 4 9 2
v 5 15 2
v 6 30 2
v 7 34 2
v 8 3 2
v 9 17 9
v 10 3 4
v 11 2 5
v 12 13 3
v 13 10 2
v 14 16 2
v 15 4 10
v 16 5 2
v 17 4 5
v 18 34 5
v 19 20 2
v 20 31 2
v 21 1 2
v 22 17 2
v 23 6 2
v 24 30 1
v 25 24 2
v 26 9 6
v 27 39 4
v 28 15 5
v 29 34 6
v 30 23 2
v 31 16 14
e 0 27 0
e 0 10 0
e 0 2 0
e 0 31 0
e 1 30 0
e 1 3 0
e 2 27 0
e 2 31 0
e 3 20 0
e 4 27 0
e 4 31 0
e 5 15 0
e 5 31 0
e 6 10 0
e 6 22 0
e 7 13 0
e 7 19 0
e 8 14 0
e 8 25 0
e 9 29 0
e 9 18 0
e 9 12 0
e 9 17 0
e 9 11 0
e 9 26 0
e 9 28 0
e 9 15 0
e 9 31 0
e 10 27 0
e 10 31 0
e 11 18 0
e 11 15 0
e 11 29 0
e 11 31 0
e 12 15 0
e 12 31 0
e 13 16 0
e 14 24 0
e 15 29 0
e 15 18 0
e 15 17 0
e 15 26 0
e 15 28 0
e 15 31 0
e 16 21 0
e 17 26 0
e 17 29 0
e 17 31 0
e 18 26 0
e 18 31 0
e 19 23 0
e 20 25 0
e 21 22 0
e 23 30 0
e 26 28 0
e 26 31 0
e 28 29 0
e 28 31 0
e 29 31 0
