t 24 70
v 0 20 6
v 1 29 4
v 2 15 5
v 3 1 23
v 4 9 4
v 5 35 6
v 6 34 4
v 7 10 3
v 8 4 4
v 9 17 5
v 10 30 3
v 11 1 23
v 12 36 4
v 13 2 3
v 14 37 4
v 15 26 4
v 16 13 4
v 17 0 4
v 18 26 4
v 19 37 4
v 20 18 4
v 21 37 4
v 22 29 6
v 23 38 5
e 0 6 0
e 0 3 0
e 0 7 0
e 0 9 0
e 0 10 0
e 0 11 0
e 1 22 0
e 1 3 0
e 1 11 0
e 1 23 0
e 2 3 0
e 2 4 0
e 2 6 0
e 2 11 0
e 2 15 0
e 3 12 0
e 3 16 0
e 3 17 0
e 3 18 0
e 3 13 0
e 3 7 0
e 3 10 0
e 3 9 0
e 3 14 0
e 3 8 0
e 3 5 0
e 3 15 0
e 3 4 0
e 3 20 0
e 3 6 0
e 3 23 0
e 3 21 0
e 3 19 0
e 3 22 0
e 3 11 0
e 4 5 0
e 4 11 0
e 5 15 0
e 5 9 0
e 5 11 0
e 5 13 0
e 6 11 0
e 7 11 0
e 8 16 0
e 8 9 0
e 8 11 0
e 9 11 0
e 10 11 0
e 11 12 0
e 11 16 0
e 11 17 0
e 11 18 0
e 11 13 0
e 11 14 0
e 11 15 0
e 11 20 0
e 11 23 0
e 11 21 0
e 11 19 0
e 11 22 0
e 12 16 0
e 12 14 0
e 14 17 0
e 17 18 0
e 18 19 0
e 19 20 0
e 20 22 0
e 21 22 0
e 21 23 0
e 22 23 0
