t 40 77
v 0 35 4
v 1 32 2
v 2 19 1
v 3 14 23
v 4 30 2
v 5 8 2
v 6 32 3
v 7 15 2
v 8 2 2
v 9 7 4
v 10 2 3
v 11 33 1
v 12 9 3
v 13 18 3
v 14 13 2
v 15 22 29
v 16 21 4
v 17 32 4
v 18 5 6
v 19 39 2
v 20 16 1
v 21 13 2
v 22 19 1
v 23 0 3
v 24 25 3
v 25 20 2
v 26 21 2
v 27 4 2
v 28 8 1
v 29 23 2
v 30 29 4
v 31 19 3
v 32 18 4
v 33 31 4
v 34 0 1
v 35 17 3
v 36 4 4
v 37 17 4
v 38 23 3
v 39 30 3
e 0 3 0
e 0 9 0
e 0 12 0
e 0 15 0
e 1 7 0
e 1 15 0
e 2 18 0
e 3 39 0
e 3 18 0
e 3 14 0
e 3 4 0
e 3 24 0
e 3 27 0
e 3 11 0
e 3 37 0
e 3 36 0
e 3 15 0
e 3 30 0
e 3 32 0
e 3 12 0
e 3 6 0
e 3 29 0
e 3 13 0
e 3 10 0
e 3 21 0
e 3 25 0
e 3 38 0
e 3 31 0
e 3 35 0
e 4 15 0
e 5 30 0
e 5 15 0
e 6 36 0
e 6 15 0
e 7 26 0
e 8 15 0
e 8 23 0
e 9 10 0
e 9 15 0
e 9 31 0
e 10 15 0
e 12 25 0
e 13 33 0
e 13 15 0
e 14 15 0
e 15 39 0
e 15 17 0
e 15 18 0
e 15 22 0
e 15 34 0
e 15 27 0
e 15 37 0
e 15 28 0
e 15 36 0
e 15 23 0
e 15 30 0
e 15 33 0
e 15 19 0
e 15 29 0
e 15 16 0
e 15 20 0
e 15 38 0
e 15 31 0
e 16 37 0
e 16 21 0
e 16 33 0
e 17 18 0
e 17 37 0
e 17 39 0
e 18 32 0
e 18 24 0
e 19 32 0
e 23 24 0
e 26 36 0
e 30 32 0
e 33 35 0
e 35 38 0
