t 24 43
v 0 36 2
v 1 37 9
v 2 38 3
v 3 9 9
v 4 0 2
v 5 15 2
v 6 8 7
v 7 6 3
v 8 38 4
v 9 15 5
v 10 26 3
v 11 6 5
v 12 32 1
v 13 18 5
v 14 19 4
v 15 35 2
v 16 36 7
v 17 7 2
v 18 26 2
v 19 33 2
v 20 31 2
v 21 24 2
v 22 8 1
v 23 29 2
e 0 12 0
e 0 1 0
e 1 14 0
e 1 7 0
e 1 10 0
e 1 2 0
e 1 8 0
e 1 3 0
e 1 6 0
e 1 16 0
e 2 6 0
e 2 11 0
e 3 14 0
e 3 7 0
e 3 10 0
e 3 13 0
e 3 6 0
e 3 8 0
e 3 9 0
e 3 16 0
e 4 16 0
e 4 18 0
e 5 21 0
e 5 22 0
e 6 14 0
e 6 13 0
e 6 11 0
e 6 9 0
e 7 9 0
e 8 11 0
e 8 16 0
e 9 13 0
e 9 11 0
e 10 16 0
e 11 13 0
e 13 16 0
e 14 16 0
e 15 19 0
e 15 20 0
e 17 18 0
e 17 19 0
e 20 23 0
e 21 23 0
