t 40 112
v 0 22 3
v 1 29 2
v 2 20 2
v 3 23 6
v 4 23 3
v 5 30 7
v 6 18 4
v 7 25 4
v 8 3 1
v 9 22 5
v 10 25 4
v 11 35 4
v 12 15 2
v 13 18 6
v 14 15 24
v 15 27 5
v 16 7 3
v 17 27 4
v 18 33 20
v 19 18 3
v 20 32 3
v 21 7 3
v 22 0 4
v 23 15 5
v 24 22 6
v 25 13 2
v 26 27 4
v 27 19 3
v 28 23 3
v 29 6 7
v 30 9 8
v 31 9 22
v 32 4 5
v 33 9 3
v 34 14 19
v 35 29 5
v 36 13 4
v 37 9 2
v 38 7 2
v 39 23 2
e 0 14 0
e 0 31 0
e 0 34 0
e 1 14 0
e 1 37 0
e 2 3 0
e 2 18 0
e 3 4 0
e 3 14 0
e 3 18 0
e 3 31 0
e 3 34 0
e 4 18 0
e 4 31 0
e 5 29 0
e 5 11 0
e 5 26 0
e 5 13 0
e 5 14 0
e 5 31 0
e 5 34 0
e 6 14 0
e 6 18 0
e 6 31 0
e 6 34 0
e 7 18 0
e 7 28 0
e 7 33 0
e 7 34 0
e 8 14 0
e 9 16 0
e 9 18 0
e 9 23 0
e 9 31 0
e 9 34 0
e 10 14 0
e 10 23 0
e 10 31 0
e 10 34 0
e 11 13 0
e 11 18 0
e 11 24 0
e 12 39 0
e 12 14 0
e 13 28 0
e 13 29 0
e 13 24 0
e 13 34 0
e 14 16 0
e 14 20 0
e 14 17 0
e 14 36 0
e 14 38 0
e 14 34 0
e 14 31 0
e 14 30 0
e 14 26 0
e 14 39 0
e 14 29 0
e 14 15 0
e 14 19 0
e 14 22 0
e 14 21 0
e 14 32 0
e 15 22 0
e 15 18 0
e 15 25 0
e 15 34 0
e 16 18 0
e 17 36 0
e 17 30 0
e 17 34 0
e 18 20 0
e 18 27 0
e 18 34 0
e 18 31 0
e 18 30 0
e 18 35 0
e 18 23 0
e 18 29 0
e 18 19 0
e 18 21 0
e 18 32 0
e 19 31 0
e 20 31 0
e 21 31 0
e 22 31 0
e 22 32 0
e 23 30 0
e 23 31 0
e 24 28 0
e 24 29 0
e 24 26 0
e 24 31 0
e 25 31 0
e 26 34 0
e 27 31 0
e 27 34 0
e 29 30 0
e 29 34 0
e 30 35 0
e 30 31 0
e 30 34 0
e 31 36 0
e 31 33 0
e 31 35 0
e 31 32 0
e 32 34 0
e 33 35 0
e 34 36 0
e 34 35 0
e 37 38 0
