t 24 95
v 0 22 7
v 1 38 7
v 2 38 4
v 3 5 5
v 4 21 17
v 5 1 7
v 6 27 9
v 7 6 11
v 8 5 9
v 9 34 11
v 10 37 15
v 11 15 7
v 12 0 5
v 13 27 15
v 14 9 4
v 15 14 4
v 16 7 4
v 17 24 7
v 18 0 13
v 19 8 5
v 20 34 5
v 21 11 3
v 22 23 14
v 23 27 2
e 0 1 0
e 0 4 0
e 0 9 0
e 0 10 0
e 0 13 0
e 0 18 0
e 0 22 0
e 1 4 0
e 1 6 0
e 1 7 0
e 1 10 0
e 1 18 0
e 1 22 0
e 2 18 0
e 2 19 0
e 2 21 0
e 2 22 0
e 3 4 0
e 3 9 0
e 3 10 0
e 3 13 0
e 3 18 0
e 4 20 0
e 4 13 0
e 4 14 0
e 4 12 0
e 4 22 0
e 4 16 0
e 4 18 0
e 4 21 0
e 4 8 0
e 4 11 0
e 4 6 0
e 4 9 0
e 4 15 0
e 4 19 0
e 5 8 0
e 5 17 0
e 5 7 0
e 5 9 0
e 5 10 0
e 5 13 0
e 5 22 0
e 6 12 0
e 6 8 0
e 6 17 0
e 6 11 0
e 6 15 0
e 6 13 0
e 6 22 0
e 7 20 0
e 7 14 0
e 7 17 0
e 7 11 0
e 7 8 0
e 7 15 0
e 7 23 0
e 7 9 0
e 7 10 0
e 8 10 0
e 8 13 0
e 8 17 0
e 8 18 0
e 8 22 0
e 9 10 0
e 9 14 0
e 9 21 0
e 9 18 0
e 9 11 0
e 9 19 0
e 10 20 0
e 10 13 0
e 10 22 0
e 10 17 0
e 10 11 0
e 10 15 0
e 10 23 0
e 10 19 0
e 11 13 0
e 11 18 0
e 12 13 0
e 12 18 0
e 12 22 0
e 13 20 0
e 13 16 0
e 13 22 0
e 13 18 0
e 13 17 0
e 13 19 0
e 14 22 0
e 16 18 0
e 16 22 0
e 17 18 0
e 18 22 0
e 20 22 0
