t 32 32
v 0 8 2
v 1 1 1
v 2 12 2
v 3 8 2
v 4 18 2
v 5 0 2
v 6 0 2
v 7 10 2
v 8 18 2
v 9 6 3
v 10 7 2
v 11 13 4
v 12 16 2
v 13 17 2
v 14 17 2
v 15 15 3
v 16 17 2
v 17 18 5
v 18 19 2
v 19 9 1
v 20 17 1
v 21 5 2
v 22 1 2
v 23 19 1
v 24 5 3
v 25 7 2
v 26 17 2
v 27 15 1
v 28 17 1
v 29 14 1
v 30 7 2
v 31 14 1
e 0 2 0
e 0 13 0
e 1 17 0
e 2 3 0
e 3 6 0
e 4 7 0
e 4 18 0
e 5 26 0
e 5 12 0
e 6 7 0
e 8 16 0
e 8 24 0
e 9 10 0
e 9 11 0
e 9 18 0
e 10 22 0
e 11 22 0
e 11 19 0
e 11 16 0
e 12 30 0
e 13 26 0
e 14 17 0
e 14 25 0
e 15 23 0
e 15 20 0
e 15 24 0
e 17 29 0
e 17 27 0
e 17 28 0
e 21 30 0
e 21 31 0
e 24 25 0
