t 40 44
v 0 11 5
v 1 14 3
v 2 13 2
v 3 3 3
v 4 6 2
v 5 11 2
v 6 7 2
v 7 2 1
v 8 17 3
v 9 11 2
v 10 12 2
v 11 10 2
v 12 2 2
v 13 6 2
v 14 4 2
v 15 19 3
v 16 12 3
v 17 19 2
v 18 5 2
v 19 8 2
v 20 0 3
v 21 15 2
v 22 8 2
v 23 11 2
v 24 1 2
v 25 9 2
v 26 5 3
v 27 12 2
v 28 12 2
v 29 10 2
v 30 13 2
v 31 10 2
v 32 13 2
v 33 15 2
v 34 1 2
v 35 2 2
v 36 17 1
v 37 0 2
v 38 5 2
v 39 2 2
e 0 7 0
e 0 1 0
e 0 2 0
e 0 3 0
e 0 19 0
e 1 4 0
e 1 3 0
e 2 32 0
e 3 19 0
e 4 5 0
e 5 6 0
e 6 12 0
e 8 16 0
e 8 15 0
e 8 20 0
e 9 13 0
e 9 14 0
e 10 11 0
e 10 28 0
e 11 31 0
e 12 14 0
e 13 28 0
e 15 18 0
e 15 26 0
e 16 18 0
e 16 26 0
e 17 23 0
e 17 25 0
e 20 22 0
e 20 26 0
e 21 35 0
e 21 37 0
e 22 23 0
e 24 34 0
e 24 33 0
e 25 30 0
e 27 36 0
e 27 39 0
e 29 30 0
e 29 31 0
e 32 33 0
e 34 35 0
e 37 38 0
e 38 39 0
