t 40 41
v 0 19 2
v 1 9 2
v 2 9 2
v 3 1 2
v 4 14 2
v 5 17 2
v 6 11 2
v 7 2 2
v 8 0 2
v 9 5 2
v 10 16 2
v 11 15 2
v 12 4 1
v 13 5 2
v 14 4 2
v 15 11 3
v 16 2 2
v 17 9 2
v 18 14 2
v 19 12 3
v 20 3 2
v 21 1 2
v 22 8 2
v 23 14 2
v 24 15 2
v 25 7 2
v 26 8 2
v 27 17 2
v 28 0 2
v 29 15 3
v 30 5 2
v 31 15 2
v 32 12 2
v 33 17 2
v 34 4 2
v 35 5 2
v 36 10 2
v 37 1 3
v 38 11 1
v 39 4 2
e 0 7 0
e 0 27 0
e 1 37 0
e 1 39 0
e 2 4 0
e 2 7 0
e 3 35 0
e 3 36 0
e 4 5 0
e 5 8 0
e 6 11 0
e 6 28 0
e 8 11 0
e 9 10 0
e 9 28 0
e 10 17 0
e 12 39 0
e 13 25 0
e 13 23 0
e 14 29 0
e 14 19 0
e 15 29 0
e 15 26 0
e 15 19 0
e 16 33 0
e 16 20 0
e 17 25 0
e 18 32 0
e 18 34 0
e 19 29 0
e 20 31 0
e 21 24 0
e 21 23 0
e 22 27 0
e 22 34 0
e 24 33 0
e 26 30 0
e 30 31 0
e 32 35 0
e 36 37 0
e 37 38 0
