t 40 40
v 0 18 2
v 1 2 2
v 2 19 2
v 3 15 2
v 4 16 2
v 5 6 2
v 6 0 2
v 7 4 2
v 8 16 3
v 9 3 1
v 10 9 2
v 11 5 3
v 12 6 1
v 13 8 1
v 14 12 2
v 15 7 2
v 16 14 2
v 17 1 1
v 18 12 2
v 19 10 2
v 20 10 2
v 21 18 3
v 22 2 4
v 23 16 3
v 24 8 2
v 25 15 2
v 26 12 2
v 27 8 1
v 28 7 2
v 29 8 1
v 30 19 2
v 31 17 3
v 32 6 2
v 33 18 2
v 34 9 2
v 35 15 2
v 36 6 2
v 37 2 2
v 38 15 2
v 39 6 1
e 0 20 0
e 0 33 0
e 1 19 0
e 1 25 0
e 2 4 0
e 2 20 0
e 3 15 0
e 3 23 0
e 4 7 0
e 5 24 0
e 5 36 0
e 6 26 0
e 6 16 0
e 7 8 0
e 8 15 0
e 8 23 0
e 9 11 0
e 10 36 0
e 10 37 0
e 11 22 0
e 11 34 0
e 12 21 0
e 13 28 0
e 14 17 0
e 14 25 0
e 16 33 0
e 18 24 0
e 18 30 0
e 19 22 0
e 21 34 0
e 21 28 0
e 22 29 0
e 22 31 0
e 23 31 0
e 26 32 0
e 27 31 0
e 30 35 0
e 32 35 0
e 37 38 0
e 38 39 0
