t 32 32
v 0 16 2
v 1 2 3
v 2 0 2
v 3 18 2
v 4 3 3
v 5 14 2
v 6 16 2
v 7 3 2
v 8 18 2
v 9 7 2
v 10 18 2
v 11 1 2
v 12 12 2
v 13 14 2
v 14 1 2
v 15 16 2
v 16 14 2
v 17 8 1
v 18 13 2
v 19 0 2
v 20 9 2
v 21 2 2
v 22 15 2
v 23 19 2
v 24 11 2
v 25 7 2
v 26 19 2
v 27 13 2
v 28 11 2
v 29 5 2
v 30 4 2
v 31 3 1
e 0 2 0
e 0 29 0
e 1 17 0
e 1 20 0
e 1 21 0
e 2 3 0
e 3 5 0
e 4 26 0
e 4 12 0
e 4 25 0
e 5 6 0
e 6 8 0
e 7 22 0
e 7 16 0
e 8 9 0
e 9 10 0
e 10 11 0
e 11 16 0
e 12 24 0
e 13 14 0
e 13 23 0
e 14 15 0
e 15 28 0
e 18 19 0
e 18 25 0
e 19 26 0
e 20 28 0
e 21 27 0
e 22 23 0
e 24 27 0
e 29 30 0
e 30 31 0
