t 40 43
v 0 11 2
v 1 11 2
v 2 18 1
v 3 8 2
v 4 8 2
v 5 4 3
v 6 0 2
v 7 4 2
v 8 19 2
v 9 9 2
v 10 17 2
v 11 15 2
v 12 6 2
v 13 13 2
v 14 10 2
v 15 11 2
v 16 9 2
v 17 13 2
v 18 14 2
v 19 2 3
v 20 15 2
v 21 10 2
v 22 5 3
v 23 18 2
v 24 19 3
v 25 15 3
v 26 14 2
v 27 18 1
v 28 9 2
v 29 16 2
v 30 12 2
v 31 12 2
v 32 4 2
v 33 7 3
v 34 11 4
v 35 5 2
v 36 5 2
v 37 13 2
v 38 12 3
v 39 12 1
e 0 7 0
e 0 29 0
e 1 23 0
e 1 18 0
e 2 24 0
e 3 15 0
e 3 38 0
e 4 6 0
e 4 16 0
e 5 32 0
e 5 33 0
e 5 34 0
e 6 9 0
e 7 13 0
e 8 36 0
e 8 14 0
e 9 20 0
e 10 26 0
e 10 30 0
e 11 12 0
e 11 17 0
e 12 28 0
e 13 16 0
e 14 37 0
e 15 37 0
e 17 26 0
e 18 25 0
e 19 25 0
e 19 21 0
e 19 22 0
e 20 24 0
e 21 22 0
e 22 23 0
e 24 30 0
e 25 34 0
e 27 38 0
e 28 33 0
e 29 35 0
e 31 36 0
e 31 35 0
e 32 34 0
e 33 34 0
e 38 39 0
