t 32 32
v 0 8 2
v 1 6 1
v 2 12 2
v 3 12 2
v 4 8 1
v 5 16 2
v 6 3 3
v 7 17 2
v 8 12 2
v 9 0 2
v 10 11 2
v 11 19 2
v 12 18 2
v 13 9 2
v 14 12 3
v 15 16 2
v 16 5 2
v 17 13 2
v 18 3 2
v 19 9 2
v 20 10 2
v 21 3 3
v 22 0 2
v 23 10 2
v 24 1 2
v 25 9 1
v 26 7 2
v 27 6 2
v 28 19 2
v 29 8 2
v 30 8 2
v 31 0 2
e 0 15 0
e 0 3 0
e 1 6 0
e 2 20 0
e 2 7 0
e 3 5 0
e 4 31 0
e 5 16 0
e 6 26 0
e 6 12 0
e 7 29 0
e 8 9 0
e 8 16 0
e 9 10 0
e 10 26 0
e 11 13 0
e 11 29 0
e 12 17 0
e 13 23 0
e 14 21 0
e 14 19 0
e 14 27 0
e 15 22 0
e 17 23 0
e 18 19 0
e 18 21 0
e 20 24 0
e 21 25 0
e 22 30 0
e 24 28 0
e 27 28 0
e 30 31 0
