t 40 41
v 0 17 3
v 1 0 1
v 2 17 2
v 3 19 3
v 4 2 2
v 5 16 2
v 6 3 2
v 7 15 1
v 8 6 2
v 9 19 2
v 10 19 2
v 11 7 1
v 12 9 2
v 13 5 4
v 14 8 2
v 15 4 2
v 16 7 2
v 17 19 2
v 18 9 2
v 19 0 2
v 20 2 1
v 21 3 2
v 22 7 2
v 23 13 2
v 24 15 2
v 25 4 2
v 26 13 2
v 27 3 2
v 28 11 2
v 29 6 2
v 30 3 2
v 31 10 2
v 32 2 2
v 33 16 4
v 34 16 2
v 35 16 2
v 36 7 2
v 37 1 2
v 38 4 2
v 39 17 2
e 0 4 0
e 0 13 0
e 0 33 0
e 1 39 0
e 2 18 0
e 2 21 0
e 3 20 0
e 3 30 0
e 3 19 0
e 4 25 0
e 5 8 0
e 5 21 0
e 6 27 0
e 6 19 0
e 7 13 0
e 8 10 0
e 9 26 0
e 9 29 0
e 10 14 0
e 11 27 0
e 12 14 0
e 12 16 0
e 13 31 0
e 13 33 0
e 15 16 0
e 15 17 0
e 17 23 0
e 18 25 0
e 22 29 0
e 22 28 0
e 23 26 0
e 24 38 0
e 24 39 0
e 28 30 0
e 31 32 0
e 32 33 0
e 33 34 0
e 34 35 0
e 35 36 0
e 36 37 0
e 37 38 0
