t 40 40
v 0 13 2
v 1 0 2
v 2 18 2
v 3 3 2
v 4 8 4
v 5 11 2
v 6 12 2
v 7 0 2
v 8 7 2
v 9 8 2
v 10 8 2
v 11 1 2
v 12 15 2
v 13 2 2
v 14 10 2
v 15 8 2
v 16 8 2
v 17 0 1
v 18 19 2
v 19 9 3
v 20 14 1
v 21 12 2
v 22 3 2
v 23 11 2
v 24 10 2
v 25 1 2
v 26 1 1
v 27 8 2
v 28 1 2
v 29 12 2
v 30 12 2
v 31 7 2
v 32 11 2
v 33 2 2
v 34 8 2
v 35 16 2
v 36 8 2
v 37 19 2
v 38 8 2
v 39 4 2
e 0 22 0
e 0 35 0
e 1 16 0
e 1 13 0
e 2 32 0
e 2 10 0
e 3 9 0
e 3 33 0
e 4 26 0
e 4 19 0
e 4 21 0
e 4 29 0
e 5 28 0
e 5 25 0
e 6 10 0
e 6 39 0
e 7 39 0
e 7 17 0
e 8 14 0
e 8 11 0
e 9 28 0
e 11 13 0
e 12 18 0
e 12 34 0
e 14 25 0
e 15 29 0
e 15 30 0
e 16 18 0
e 19 20 0
e 19 21 0
e 22 23 0
e 23 33 0
e 24 27 0
e 24 31 0
e 27 30 0
e 31 34 0
e 32 38 0
e 35 36 0
e 36 37 0
e 37 38 0
