t 32 32
v 0 1 2
v 1 8 1
v 2 9 2
v 3 5 2
v 4 15 2
v 5 5 2
v 6 6 3
v 7 10 2
v 8 14 3
v 9 17 2
v 10 9 3
v 11 11 2
v 12 17 3
v 13 12 2
v 14 10 2
v 15 9 1
v 16 14 2
v 17 15 2
v 18 17 3
v 19 5 1
v 20 12 1
v 21 18 2
v 22 1 3
v 23 4 2
v 24 9 2
v 25 11 1
v 26 5 2
v 27 13 2
v 28 15 2
v 29 17 2
v 30 7 2
v 31 12 1
e 0 3 0
e 0 29 0
e 1 18 0
e 2 6 0
e 2 5 0
e 3 6 0
e 4 16 0
e 4 8 0
e 5 7 0
e 6 20 0
e 7 9 0
e 8 10 0
e 8 28 0
e 9 23 0
e 10 11 0
e 10 12 0
e 11 24 0
e 12 14 0
e 12 23 0
e 13 24 0
e 13 17 0
e 14 22 0
e 15 17 0
e 16 27 0
e 18 21 0
e 18 22 0
e 19 27 0
e 21 22 0
e 25 26 0
e 26 28 0
e 29 30 0
e 30 31 0
