t 32 32
v 0 3 3
v 1 13 2
v 2 2 3
v 3 0 2
v 4 19 2
v 5 2 2
v 6 6 2
v 7 18 2
v 8 2 2
v 9 6 2
v 10 15 2
v 11 7 2
v 12 12 3
v 13 13 2
v 14 8 1
v 15 16 2
v 16 3 4
v 17 3 2
v 18 12 2
v 19 9 2
v 20 17 1
v 21 5 1
v 22 10 2
v 23 12 2
v 24 8 2
v 25 10 1
v 26 3 2
v 27 5 2
v 28 12 2
v 29 12 2
v 30 3 2
v 31 6 1
e 0 1 0
e 0 25 0
e 0 30 0
e 1 2 0
e 2 7 0
e 2 20 0
e 3 30 0
e 3 31 0
e 4 6 0
e 4 7 0
e 5 9 0
e 5 11 0
e 6 8 0
e 8 15 0
e 9 15 0
e 10 26 0
e 10 17 0
e 11 18 0
e 12 16 0
e 12 29 0
e 12 19 0
e 13 17 0
e 13 18 0
e 14 24 0
e 16 22 0
e 16 23 0
e 16 24 0
e 19 21 0
e 22 27 0
e 23 29 0
e 26 28 0
e 27 28 0
