t 32 34
v 0 4 2
v 1 1 2
v 2 16 2
v 3 2 4
v 4 6 2
v 5 0 2
v 6 10 2
v 7 18 2
v 8 19 3
v 9 18 2
v 10 11 2
v 11 9 2
v 12 8 3
v 13 9 3
v 14 4 1
v 15 19 2
v 16 15 2
v 17 3 3
v 18 16 3
v 19 19 2
v 20 16 2
v 21 14 2
v 22 14 1
v 23 1 2
v 24 7 2
v 25 9 1
v 26 3 2
v 27 19 3
v 28 3 2
v 29 1 2
v 30 19 2
v 31 2 1
e 0 11 0
e 0 29 0
e 1 4 0
e 1 21 0
e 2 4 0
e 2 20 0
e 3 13 0
e 3 15 0
e 3 17 0
e 3 21 0
e 5 6 0
e 5 13 0
e 6 9 0
e 7 16 0
e 7 18 0
e 8 24 0
e 8 22 0
e 8 19 0
e 9 26 0
e 10 26 0
e 10 28 0
e 11 20 0
e 12 14 0
e 12 18 0
e 12 23 0
e 13 17 0
e 15 17 0
e 16 23 0
e 18 19 0
e 24 27 0
e 25 27 0
e 27 28 0
e 29 30 0
e 30 31 0
