t 40 48
v 0 9 2
v 1 12 2
v 2 15 2
v 3 10 2
v 4 6 2
v 5 10 2
v 6 12 2
v 7 5 2
v 8 10 5
v 9 19 1
v 10 13 2
v 11 11 2
v 12 10 3
v 13 14 2
v 14 14 2
v 15 4 1
v 16 7 3
v 17 16 2
v 18 19 5
v 19 6 2
v 20 16 6
v 21 15 4
v 22 12 3
v 23 11 2
v 24 7 3
v 25 4 3
v 26 4 2
v 27 6 2
v 28 2 3
v 29 11 2
v 30 2 4
v 31 3 2
v 32 16 2
v 33 1 1
v 34 4 2
v 35 0 2
v 36 2 1
v 37 7 2
v 38 7 2
v 39 6 2
e 0 27 0
e 0 3 0
e 1 17 0
e 1 31 0
e 2 34 0
e 2 16 0
e 3 29 0
e 4 6 0
e 4 11 0
e 5 10 0
e 5 9 0
e 6 7 0
e 7 12 0
e 8 26 0
e 8 20 0
e 8 18 0
e 8 25 0
e 8 30 0
e 10 19 0
e 11 29 0
e 12 21 0
e 12 28 0
e 13 23 0
e 13 19 0
e 14 18 0
e 14 25 0
e 15 21 0
e 16 32 0
e 16 33 0
e 17 27 0
e 18 22 0
e 18 30 0
e 18 20 0
e 20 21 0
e 20 22 0
e 20 24 0
e 20 28 0
e 21 28 0
e 22 24 0
e 23 30 0
e 24 26 0
e 25 30 0
e 31 32 0
e 34 35 0
e 35 37 0
e 36 39 0
e 37 38 0
e 38 39 0
