t 32 50
v 0 15 1
v 1 15 3
v 2 2 2
v 3 7 2
v 4 2 2
v 5 0 7
v 6 17 2
v 7 11 2
v 8 6 2
v 9 9 5
v 10 18 6
v 11 8 4
v 12 6 2
v 13 10 3
v 14 8 5
v 15 13 3
v 16 4 2
v 17 19 5
v 18 12 2
v 19 5 5
v 20 5 5
v 21 15 1
v 22 16 6
v 23 14 2
v 24 2 7
v 25 18 3
v 26 1 2
v 27 1 2
v 28 2 3
v 29 3 1
v 30 2 2
v 31 4 1
e 0 1 0
e 1 8 0
e 1 7 0
e 2 4 0
e 2 30 0
e 3 8 0
e 3 5 0
e 4 27 0
e 5 29 0
e 5 25 0
e 5 10 0
e 5 22 0
e 5 24 0
e 5 28 0
e 6 9 0
e 6 17 0
e 7 27 0
e 9 12 0
e 9 19 0
e 9 22 0
e 9 28 0
e 10 24 0
e 10 22 0
e 10 15 0
e 10 14 0
e 10 11 0
e 11 23 0
e 11 14 0
e 11 24 0
e 12 17 0
e 13 14 0
e 13 17 0
e 13 20 0
e 14 15 0
e 14 24 0
e 15 25 0
e 16 20 0
e 16 26 0
e 17 18 0
e 17 20 0
e 18 23 0
e 19 26 0
e 19 22 0
e 19 24 0
e 19 28 0
e 20 22 0
e 20 24 0
e 21 22 0
e 24 25 0
e 30 31 0
