t 40 40
v 0 6 2
v 1 5 1
v 2 9 2
v 3 11 2
v 4 0 2
v 5 1 2
v 6 4 2
v 7 7 2
v 8 19 3
v 9 13 2
v 10 3 2
v 11 3 2
v 12 9 2
v 13 16 4
v 14 5 1
v 15 18 2
v 16 12 3
v 17 3 2
v 18 8 2
v 19 14 2
v 20 13 1
v 21 11 1
v 22 8 1
v 23 10 2
v 24 15 2
v 25 11 2
v 26 1 2
v 27 12 2
v 28 5 2
v 29 8 3
v 30 12 2
v 31 0 2
v 32 16 2
v 33 11 2
v 34 1 1
v 35 15 3
v 36 1 2
v 37 7 2
v 38 3 2
v 39 5 2
e 0 7 0
e 0 29 0
e 1 15 0
e 2 3 0
e 2 4 0
e 3 9 0
e 4 5 0
e 5 6 0
e 6 10 0
e 7 25 0
e 8 11 0
e 8 12 0
e 8 13 0
e 9 18 0
e 10 12 0
e 11 24 0
e 13 22 0
e 13 19 0
e 13 24 0
e 14 32 0
e 15 17 0
e 16 19 0
e 16 20 0
e 16 26 0
e 17 39 0
e 18 25 0
e 21 35 0
e 23 28 0
e 23 30 0
e 26 28 0
e 27 33 0
e 27 29 0
e 29 35 0
e 30 31 0
e 31 32 0
e 33 34 0
e 35 36 0
e 36 37 0
e 37 38 0
e 38 39 0
