t 40 40
v 0 8 2
v 1 1 2
v 2 14 2
v 3 7 2
v 4 18 2
v 5 1 2
v 6 16 2
v 7 9 2
v 8 11 2
v 9 0 2
v 10 13 2
v 11 2 2
v 12 15 2
v 13 6 2
v 14 11 2
v 15 15 2
v 16 11 2
v 17 9 2
v 18 6 1
v 19 7 2
v 20 17 3
v 21 6 4
v 22 13 2
v 23 16 2
v 24 0 2
v 25 5 2
v 26 2 2
v 27 16 2
v 28 18 2
v 29 13 2
v 30 14 1
v 31 6 2
v 32 2 2
v 33 4 2
v 34 8 2
v 35 5 2
v 36 17 2
v 37 4 1
v 38 0 2
v 39 4 2
e 0 10 0
e 0 4 0
e 1 10 0
e 1 5 0
e 2 17 0
e 2 23 0
e 3 25 0
e 3 27 0
e 4 28 0
e 5 8 0
e 6 16 0
e 6 19 0
e 7 26 0
e 7 29 0
e 8 23 0
e 9 25 0
e 9 29 0
e 11 16 0
e 11 17 0
e 12 14 0
e 12 19 0
e 13 30 0
e 13 21 0
e 14 15 0
e 15 27 0
e 18 21 0
e 20 22 0
e 20 26 0
e 20 21 0
e 21 22 0
e 24 39 0
e 24 38 0
e 28 31 0
e 31 33 0
e 32 37 0
e 32 34 0
e 33 35 0
e 34 39 0
e 35 36 0
e 36 38 0
