t 40 40
v 0 2 2
v 1 0 2
v 2 19 3
v 3 11 1
v 4 6 2
v 5 14 2
v 6 19 1
v 7 9 2
v 8 8 2
v 9 4 2
v 10 16 2
v 11 0 2
v 12 18 2
v 13 13 4
v 14 12 3
v 15 6 2
v 16 15 2
v 17 18 2
v 18 9 2
v 19 11 3
v 20 2 1
v 21 5 3
v 22 7 2
v 23 8 1
v 24 12 1
v 25 2 2
v 26 16 2
v 27 6 1
v 28 7 2
v 29 8 2
v 30 9 2
v 31 10 2
v 32 13 2
v 33 7 1
v 34 1 2
v 35 4 2
v 36 9 3
v 37 14 2
v 38 15 2
v 39 16 2
e 0 7 0
e 0 4 0
e 1 13 0
e 1 14 0
e 2 3 0
e 2 35 0
e 2 36 0
e 4 28 0
e 5 18 0
e 5 8 0
e 6 13 0
e 7 13 0
e 8 31 0
e 9 39 0
e 9 38 0
e 10 14 0
e 10 30 0
e 11 34 0
e 11 35 0
e 12 15 0
e 12 30 0
e 13 14 0
e 15 25 0
e 16 25 0
e 16 17 0
e 17 34 0
e 18 38 0
e 19 21 0
e 19 20 0
e 19 27 0
e 21 26 0
e 21 24 0
e 22 26 0
e 22 29 0
e 23 39 0
e 28 37 0
e 29 32 0
e 31 37 0
e 32 36 0
e 33 36 0
