t 40 40
v 0 16 2
v 1 8 2
v 2 4 2
v 3 4 2
v 4 14 2
v 5 2 2
v 6 6 2
v 7 12 2
v 8 12 2
v 9 11 2
v 10 4 3
v 11 13 2
v 12 17 2
v 13 6 2
v 14 10 1
v 15 16 2
v 16 6 2
v 17 14 2
v 18 11 3
v 19 5 2
v 20 3 2
v 21 17 2
v 22 9 2
v 23 3 2
v 24 4 2
v 25 9 2
v 26 12 2
v 27 19 2
v 28 13 2
v 29 11 2
v 30 7 2
v 31 12 2
v 32 0 2
v 33 9 2
v 34 3 2
v 35 1 2
v 36 18 2
v 37 13 2
v 38 9 2
v 39 11 1
e 0 20 0
e 0 2 0
e 1 11 0
e 1 19 0
e 2 27 0
e 3 30 0
e 3 22 0
e 4 29 0
e 4 34 0
e 5 21 0
e 5 16 0
e 6 11 0
e 6 16 0
e 7 27 0
e 7 30 0
e 8 28 0
e 8 25 0
e 9 31 0
e 9 22 0
e 10 15 0
e 10 17 0
e 10 18 0
e 12 17 0
e 12 18 0
e 13 15 0
e 13 24 0
e 14 18 0
e 19 28 0
e 20 26 0
e 21 23 0
e 23 31 0
e 24 25 0
e 26 32 0
e 29 33 0
e 32 33 0
e 34 35 0
e 35 36 0
e 36 37 0
e 37 38 0
e 38 39 0
