t 32 32
v 0 2 3
v 1 3 2
v 2 3 2
v 3 17 2
v 4 8 2
v 5 5 2
v 6 17 2
v 7 8 2
v 8 14 1
v 9 18 3
v 10 9 2
v 11 4 1
v 12 14 2
v 13 14 2
v 14 7 3
v 15 5 1
v 16 11 3
v 17 16 2
v 18 16 2
v 19 4 1
v 20 1 1
v 21 19 2
v 22 15 2
v 23 19 2
v 24 11 3
v 25 10 2
v 26 10 2
v 27 7 2
v 28 1 2
v 29 16 2
v 30 5 2
v 31 13 2
e 0 10 0
e 0 19 0
e 0 22 0
e 1 18 0
e 1 6 0
e 2 17 0
e 2 10 0
e 3 5 0
e 3 22 0
e 4 17 0
e 4 30 0
e 5 14 0
e 6 13 0
e 7 13 0
e 7 24 0
e 8 9 0
e 9 16 0
e 9 24 0
e 11 14 0
e 12 26 0
e 12 29 0
e 14 20 0
e 15 27 0
e 16 24 0
e 16 25 0
e 18 23 0
e 21 27 0
e 21 31 0
e 23 30 0
e 25 29 0
e 26 28 0
e 28 31 0
