t 40 44
v 0 11 2
v 1 18 2
v 2 11 2
v 3 15 2
v 4 17 2
v 5 10 2
v 6 6 5
v 7 6 2
v 8 11 2
v 9 14 2
v 10 3 2
v 11 2 2
v 12 16 1
v 13 10 1
v 14 1 4
v 15 3 2
v 16 17 1
v 17 19 2
v 18 17 2
v 19 6 2
v 20 18 2
v 21 17 1
v 22 12 2
v 23 0 2
v 24 17 3
v 25 19 2
v 26 13 3
v 27 11 1
v 28 5 2
v 29 16 2
v 30 7 2
v 31 17 3
v 32 2 2
v 33 0 4
v 34 7 5
v 35 18 2
v 36 5 3
v 37 5 2
v 38 2 2
v 39 8 1
e 0 26 0
e 0 29 0
e 1 26 0
e 1 2 0
e 2 3 0
e 3 20 0
e 4 9 0
e 4 20 0
e 5 8 0
e 5 9 0
e 6 37 0
e 6 34 0
e 6 31 0
e 6 33 0
e 6 36 0
e 7 11 0
e 7 17 0
e 8 10 0
e 10 33 0
e 11 22 0
e 12 37 0
e 13 24 0
e 14 27 0
e 14 15 0
e 14 18 0
e 14 19 0
e 15 30 0
e 16 26 0
e 17 32 0
e 18 19 0
e 21 34 0
e 22 25 0
e 23 38 0
e 23 24 0
e 24 39 0
e 25 29 0
e 28 30 0
e 28 36 0
e 31 34 0
e 31 33 0
e 32 35 0
e 33 34 0
e 34 36 0
e 35 38 0
