t 32 31
v 0 11 2
v 1 2 2
v 2 6 2
v 3 6 2
v 4 10 2
v 5 4 2
v 6 18 1
v 7 9 2
v 8 13 2
v 9 4 2
v 10 12 2
v 11 9 2
v 12 0 2
v 13 11 2
v 14 17 2
v 15 7 3
v 16 15 2
v 17 1 1
v 18 3 2
v 19 8 2
v 20 9 2
v 21 8 2
v 22 5 3
v 23 9 1
v 24 8 1
v 25 18 2
v 26 8 2
v 27 0 2
v 28 18 2
v 29 18 2
v 30 0 2
v 31 17 2
e 0 12 0
e 0 5 0
e 1 5 0
e 1 28 0
e 2 21 0
e 2 7 0
e 3 15 0
e 3 18 0
e 4 8 0
e 4 21 0
e 6 15 0
e 7 28 0
e 8 10 0
e 9 27 0
e 9 25 0
e 10 11 0
e 11 13 0
e 12 19 0
e 13 14 0
e 14 29 0
e 15 24 0
e 16 19 0
e 16 30 0
e 17 31 0
e 18 26 0
e 20 27 0
e 20 22 0
e 22 23 0
e 22 26 0
e 25 29 0
e 30 31 0
