t 32 32
v 0 17 3
v 1 14 2
v 2 6 2
v 3 5 2
v 4 5 3
v 5 1 2
v 6 13 1
v 7 1 2
v 8 5 2
v 9 1 1
v 10 0 2
v 11 13 2
v 12 12 2
v 13 13 2
v 14 5 2
v 15 10 2
v 16 10 2
v 17 18 2
v 18 19 2
v 19 12 2
v 20 9 3
v 21 8 2
v 22 6 4
v 23 18 1
v 24 15 1
v 25 10 2
v 26 6 2
v 27 10 2
v 28 10 2
v 29 15 2
v 30 2 1
v 31 10 2
e 0 1 0
e 0 30 0
e 0 31 0
e 1 2 0
e 2 5 0
e 3 15 0
e 3 4 0
e 4 25 0
e 4 20 0
e 5 7 0
e 6 8 0
e 7 29 0
e 8 22 0
e 9 31 0
e 10 12 0
e 10 29 0
e 11 17 0
e 11 25 0
e 12 13 0
e 13 14 0
e 14 16 0
e 15 20 0
e 16 18 0
e 17 21 0
e 18 26 0
e 19 26 0
e 19 27 0
e 20 23 0
e 21 22 0
e 22 28 0
e 22 24 0
e 27 28 0
