t 40 39
v 0 18 2
v 1 13 2
v 2 5 1
v 3 17 1
v 4 16 3
v 5 6 3
v 6 1 2
v 7 17 2
v 8 8 2
v 9 16 2
v 10 5 2
v 11 4 1
v 12 6 2
v 13 19 3
v 14 15 2
v 15 6 2
v 16 1 2
v 17 17 2
v 18 4 2
v 19 13 1
v 20 10 2
v 21 13 2
v 22 19 2
v 23 14 2
v 24 0 2
v 25 8 1
v 26 3 1
v 27 14 2
v 28 10 2
v 29 9 2
v 30 10 3
v 31 13 2
v 32 4 2
v 33 6 2
v 34 6 2
v 35 5 3
v 36 10 2
v 37 7 2
v 38 19 2
v 39 18 1
e 0 1 0
e 0 32 0
e 1 4 0
e 2 4 0
e 3 5 0
e 4 6 0
e 5 28 0
e 5 7 0
e 6 8 0
e 7 20 0
e 8 9 0
e 9 18 0
e 10 34 0
e 10 35 0
e 11 13 0
e 12 29 0
e 12 31 0
e 13 18 0
e 13 22 0
e 14 20 0
e 14 22 0
e 15 27 0
e 15 23 0
e 16 24 0
e 16 29 0
e 17 35 0
e 17 36 0
e 19 35 0
e 21 27 0
e 21 31 0
e 23 28 0
e 24 30 0
e 25 30 0
e 26 30 0
e 32 33 0
e 33 34 0
e 36 37 0
e 37 38 0
e 38 39 0
