t 32 33
v 0 13 2
v 1 13 1
v 2 15 2
v 3 13 2
v 4 8 2
v 5 13 2
v 6 0 2
v 7 0 2
v 8 0 2
v 9 16 2
v 10 2 2
v 11 3 1
v 12 18 2
v 13 19 2
v 14 9 2
v 15 9 3
v 16 12 2
v 17 9 4
v 18 15 2
v 19 17 2
v 20 14 1
v 21 14 2
v 22 6 4
v 23 5 2
v 24 10 2
v 25 16 2
v 26 0 2
v 27 1 2
v 28 4 3
v 29 14 2
v 30 13 2
v 31 11 1
e 0 26 0
e 0 29 0
e 1 28 0
e 2 3 0
e 2 5 0
e 3 4 0
e 4 13 0
e 5 26 0
e 6 11 0
e 6 7 0
e 7 9 0
e 8 22 0
e 8 27 0
e 9 23 0
e 10 12 0
e 10 23 0
e 12 18 0
e 13 22 0
e 14 19 0
e 14 17 0
e 15 16 0
e 15 21 0
e 15 20 0
e 16 18 0
e 17 22 0
e 17 28 0
e 17 24 0
e 19 21 0
e 22 28 0
e 24 25 0
e 25 27 0
e 29 30 0
e 30 31 0
