t 40 40
v 0 17 2
v 1 17 2
v 2 14 2
v 3 16 2
v 4 1 3
v 5 17 2
v 6 6 2
v 7 12 2
v 8 14 2
v 9 7 2
v 10 7 2
v 11 6 2
v 12 0 2
v 13 17 2
v 14 17 1
v 15 9 4
v 16 5 1
v 17 2 2
v 18 19 2
v 19 10 2
v 20 16 1
v 21 0 2
v 22 15 2
v 23 16 2
v 24 6 2
v 25 14 2
v 26 3 2
v 27 13 2
v 28 12 2
v 29 3 2
v 30 15 2
v 31 8 3
v 32 8 2
v 33 15 2
v 34 3 2
v 35 1 2
v 36 12 2
v 37 4 2
v 38 0 2
v 39 8 1
e 0 1 0
e 0 25 0
e 1 32 0
e 2 3 0
e 2 15 0
e 3 26 0
e 4 32 0
e 4 14 0
e 4 22 0
e 5 11 0
e 5 7 0
e 6 21 0
e 6 9 0
e 7 10 0
e 8 23 0
e 8 30 0
e 9 10 0
e 11 12 0
e 12 17 0
e 13 27 0
e 13 35 0
e 15 23 0
e 15 20 0
e 15 30 0
e 16 31 0
e 17 18 0
e 18 24 0
e 19 37 0
e 19 38 0
e 21 22 0
e 24 28 0
e 25 33 0
e 26 31 0
e 27 36 0
e 28 29 0
e 29 31 0
e 33 34 0
e 34 35 0
e 36 37 0
e 38 39 0
