t 40 39
v 0 13 2
v 1 3 2
v 2 9 2
v 3 13 2
v 4 15 2
v 5 5 2
v 6 9 2
v 7 3 2
v 8 8 2
v 9 0 2
v 10 14 1
v 11 17 2
v 12 13 2
v 13 3 2
v 14 9 2
v 15 8 2
v 16 13 2
v 17 14 2
v 18 12 2
v 19 6 2
v 20 18 2
v 21 11 1
v 22 0 2
v 23 7 2
v 24 17 1
v 25 3 2
v 26 13 2
v 27 3 2
v 28 7 1
v 29 10 2
v 30 13 3
v 31 0 2
v 32 0 2
v 33 2 3
v 34 6 2
v 35 13 2
v 36 12 2
v 37 3 2
v 38 8 2
v 39 17 2
e 0 15 0
e 0 1 0
e 1 13 0
e 2 20 0
e 2 7 0
e 3 8 0
e 3 23 0
e 4 17 0
e 4 27 0
e 5 37 0
e 5 39 0
e 6 13 0
e 6 32 0
e 7 16 0
e 8 9 0
e 9 11 0
e 10 35 0
e 11 14 0
e 12 14 0
e 12 18 0
e 15 20 0
e 16 23 0
e 17 19 0
e 18 26 0
e 19 31 0
e 21 30 0
e 22 26 0
e 22 29 0
e 24 30 0
e 25 30 0
e 25 27 0
e 28 37 0
e 29 31 0
e 32 33 0
e 33 34 0
e 33 36 0
e 34 35 0
e 36 38 0
e 38 39 0
