t 32 31
v 0 1 2
v 1 15 2
v 2 0 2
v 3 8 2
v 4 14 2
v 5 3 2
v 6 18 2
v 7 11 2
v 8 0 2
v 9 13 2
v 10 16 2
v 11 16 1
v 12 1 2
v 13 12 2
v 14 14 3
v 15 7 2
v 16 2 2
v 17 17 2
v 18 18 1
v 19 12 2
v 20 5 2
v 21 12 2
v 22 13 2
v 23 19 2
v 24 0 2
v 25 1 2
v 26 6 2
v 27 10 2
v 28 10 2
v 29 2 2
v 30 14 2
v 31 3 1
e 0 1 0
e 0 7 0
e 1 10 0
e 2 3 0
e 2 25 0
e 3 7 0
e 4 5 0
e 4 25 0
e 5 8 0
e 6 12 0
e 6 20 0
e 8 19 0
e 9 23 0
e 9 17 0
e 10 30 0
e 11 14 0
e 12 16 0
e 13 19 0
e 13 16 0
e 14 17 0
e 14 21 0
e 15 24 0
e 15 26 0
e 18 27 0
e 20 29 0
e 21 28 0
e 22 31 0
e 22 30 0
e 23 26 0
e 24 27 0
e 28 29 0
