t 32 32
v 0 9 2
v 1 16 1
v 2 13 2
v 3 3 2
v 4 9 2
v 5 15 2
v 6 18 2
v 7 12 2
v 8 17 2
v 9 6 2
v 10 0 2
v 11 9 2
v 12 1 3
v 13 8 2
v 14 14 3
v 15 9 2
v 16 1 2
v 17 8 2
v 18 3 2
v 19 7 2
v 20 9 2
v 21 2 2
v 22 4 2
v 23 10 2
v 24 16 2
v 25 19 2
v 26 10 2
v 27 8 1
v 28 17 3
v 29 17 2
v 30 1 2
v 31 9 1
e 0 3 0
e 0 21 0
e 1 14 0
e 2 23 0
e 2 20 0
e 3 23 0
e 4 20 0
e 4 6 0
e 5 14 0
e 5 17 0
e 6 11 0
e 7 11 0
e 7 19 0
e 8 19 0
e 8 25 0
e 9 22 0
e 9 12 0
e 10 26 0
e 10 15 0
e 12 13 0
e 12 16 0
e 13 28 0
e 14 28 0
e 15 25 0
e 16 28 0
e 17 24 0
e 18 26 0
e 18 24 0
e 21 29 0
e 22 27 0
e 29 30 0
e 30 31 0
