t 24 32
v 0 12 4
v 1 4 2
v 2 7 2
v 3 6 3
v 4 7 2
v 5 18 2
v 6 8 4
v 7 17 2
v 8 18 3
v 9 9 4
v 10 15 2
v 11 15 1
v 12 15 4
v 13 2 5
v 14 16 4
v 15 17 3
v 16 19 3
v 17 12 2
v 18 17 2
v 19 5 2
v 20 6 2
v 21 17 2
v 22 13 2
v 23 0 2
e 0 9 0
e 0 12 0
e 0 15 0
e 0 16 0
e 1 2 0
e 1 9 0
e 2 3 0
e 3 5 0
e 3 13 0
e 4 19 0
e 4 7 0
e 5 6 0
e 6 8 0
e 6 12 0
e 6 13 0
e 7 20 0
e 8 10 0
e 8 13 0
e 9 14 0
e 9 15 0
e 10 13 0
e 11 23 0
e 12 14 0
e 12 13 0
e 14 15 0
e 14 16 0
e 16 17 0
e 17 18 0
e 18 19 0
e 20 21 0
e 21 22 0
e 22 23 0
