t 24 37
v 0 16 3
v 1 13 1
v 2 16 3
v 3 4 5
v 4 10 5
v 5 6 3
v 6 19 3
v 7 7 3
v 8 0 3
v 9 6 3
v 10 18 1
v 11 2 2
v 12 6 9
v 13 10 5
v 14 17 1
v 15 7 3
v 16 19 7
v 17 6 2
v 18 3 2
v 19 8 2
v 20 1 2
v 21 11 2
v 22 6 2
v 23 18 2
e 0 8 0
e 0 16 0
e 0 12 0
e 1 6 0
e 2 9 0
e 2 3 0
e 2 13 0
e 3 10 0
e 3 12 0
e 3 5 0
e 3 16 0
e 4 8 0
e 4 12 0
e 4 17 0
e 4 7 0
e 4 16 0
e 5 9 0
e 5 13 0
e 6 12 0
e 6 15 0
e 7 12 0
e 7 13 0
e 8 12 0
e 9 16 0
e 11 21 0
e 11 20 0
e 12 13 0
e 12 15 0
e 12 16 0
e 13 16 0
e 14 23 0
e 15 16 0
e 17 18 0
e 18 19 0
e 19 21 0
e 20 22 0
e 22 23 0
