t 32 32
v 0 15 2
v 1 3 2
v 2 5 2
v 3 15 2
v 4 7 3
v 5 0 2
v 6 13 2
v 7 14 2
v 8 12 2
v 9 16 2
v 10 19 2
v 11 14 2
v 12 1 2
v 13 17 2
v 14 14 2
v 15 19 2
v 16 10 2
v 17 12 2
v 18 9 2
v 19 2 2
v 20 10 1
v 21 15 2
v 22 13 3
v 23 4 2
v 24 19 2
v 25 12 2
v 26 3 2
v 27 15 2
v 28 9 2
v 29 4 2
v 30 9 2
v 31 12 1
e 0 21 0
e 0 30 0
e 1 10 0
e 1 11 0
e 2 8 0
e 2 16 0
e 3 9 0
e 3 16 0
e 4 20 0
e 4 7 0
e 4 22 0
e 5 6 0
e 5 21 0
e 6 8 0
e 7 22 0
e 9 10 0
e 11 12 0
e 12 13 0
e 13 18 0
e 14 26 0
e 14 18 0
e 15 24 0
e 15 28 0
e 17 25 0
e 17 27 0
e 19 28 0
e 19 23 0
e 22 25 0
e 23 26 0
e 24 27 0
e 29 30 0
e 29 31 0
