t 32 32
v 0 16 3
v 1 2 2
v 2 6 2
v 3 7 2
v 4 2 2
v 5 10 3
v 6 7 1
v 7 6 2
v 8 6 2
v 9 3 1
v 10 0 2
v 11 14 4
v 12 2 2
v 13 19 1
v 14 8 2
v 15 9 3
v 16 8 3
v 17 16 2
v 18 6 2
v 19 7 3
v 20 0 1
v 21 12 2
v 22 5 1
v 23 0 2
v 24 9 3
v 25 11 2
v 26 15 1
v 27 6 1
v 28 13 2
v 29 10 1
v 30 7 2
v 31 16 2
e 0 2 0
e 0 11 0
e 0 5 0
e 1 26 0
e 1 31 0
e 2 21 0
e 3 4 0
e 3 21 0
e 4 16 0
e 5 12 0
e 5 11 0
e 6 24 0
e 7 29 0
e 7 8 0
e 8 23 0
e 9 12 0
e 10 23 0
e 10 28 0
e 11 13 0
e 11 15 0
e 14 17 0
e 14 16 0
e 15 20 0
e 15 18 0
e 16 22 0
e 17 24 0
e 18 31 0
e 19 25 0
e 19 27 0
e 19 30 0
e 24 25 0
e 28 30 0
