t 40 40
v 0 17 2
v 1 8 2
v 2 6 2
v 3 0 2
v 4 5 2
v 5 13 2
v 6 15 2
v 7 6 2
v 8 3 2
v 9 7 2
v 10 9 2
v 11 12 2
v 12 14 1
v 13 10 2
v 14 18 2
v 15 15 2
v 16 12 3
v 17 19 2
v 18 12 2
v 19 0 2
v 20 5 2
v 21 13 2
v 22 16 2
v 23 10 2
v 24 0 3
v 25 8 2
v 26 17 2
v 27 12 2
v 28 2 1
v 29 15 3
v 30 0 2
v 31 1 2
v 32 1 2
v 33 17 2
v 34 19 2
v 35 12 2
v 36 8 2
v 37 4 2
v 38 2 2
v 39 8 1
e 0 1 0
e 0 22 0
e 1 8 0
e 2 20 0
e 2 8 0
e 3 4 0
e 3 20 0
e 4 6 0
e 5 27 0
e 5 28 0
e 6 10 0
e 7 26 0
e 7 15 0
e 9 25 0
e 9 24 0
e 10 26 0
e 11 17 0
e 11 21 0
e 12 24 0
e 13 27 0
e 13 32 0
e 14 38 0
e 14 37 0
e 15 25 0
e 16 18 0
e 16 23 0
e 16 29 0
e 17 35 0
e 18 19 0
e 19 32 0
e 21 34 0
e 22 34 0
e 23 29 0
e 24 33 0
e 29 31 0
e 30 36 0
e 30 37 0
e 31 33 0
e 35 36 0
e 38 39 0
