t 32 58
v 0 13 7
v 1 16 3
v 2 19 3
v 3 11 2
v 4 15 8
v 5 19 4
v 6 1 3
v 7 3 3
v 8 4 4
v 9 9 3
v 10 10 6
v 11 18 2
v 12 0 3
v 13 6 5
v 14 15 4
v 15 14 3
v 16 7 6
v 17 13 8
v 18 16 2
v 19 17 2
v 20 18 2
v 21 13 2
v 22 3 4
v 23 11 5
v 24 2 2
v 25 7 2
v 26 6 2
v 27 3 3
v 28 6 5
v 29 2 3
v 30 9 4
v 31 2 1
e 0 23 0
e 0 17 0
e 0 27 0
e 0 30 0
e 0 2 0
e 0 11 0
e 0 13 0
e 1 4 0
e 1 10 0
e 1 25 0
e 2 23 0
e 2 25 0
e 3 28 0
e 3 4 0
e 4 17 0
e 4 16 0
e 4 22 0
e 4 30 0
e 4 26 0
e 4 5 0
e 5 28 0
e 5 10 0
e 5 17 0
e 6 8 0
e 6 13 0
e 6 16 0
e 7 8 0
e 7 13 0
e 7 16 0
e 8 14 0
e 8 10 0
e 9 15 0
e 9 29 0
e 9 21 0
e 10 16 0
e 10 17 0
e 10 22 0
e 11 23 0
e 12 16 0
e 12 30 0
e 12 31 0
e 13 14 0
e 13 19 0
e 14 16 0
e 14 17 0
e 15 29 0
e 15 18 0
e 17 22 0
e 17 30 0
e 17 28 0
e 18 29 0
e 19 22 0
e 20 23 0
e 20 24 0
e 21 27 0
e 23 27 0
e 24 28 0
e 26 28 0
