t 32 32
v 0 12 2
v 1 16 2
v 2 13 2
v 3 9 2
v 4 10 2
v 5 3 2
v 6 18 2
v 7 8 2
v 8 7 4
v 9 12 2
v 10 1 1
v 11 19 2
v 12 15 1
v 13 1 2
v 14 7 2
v 15 2 1
v 16 9 2
v 17 13 2
v 18 3 2
v 19 10 2
v 20 18 2
v 21 12 2
v 22 13 2
v 23 9 4
v 24 5 2
v 25 13 2
v 26 5 2
v 27 6 2
v 28 3 2
v 29 16 2
v 30 19 2
v 31 6 1
e 0 24 0
e 0 30 0
e 1 26 0
e 1 29 0
e 2 3 0
e 2 26 0
e 3 4 0
e 4 6 0
e 5 28 0
e 5 7 0
e 6 11 0
e 7 20 0
e 8 12 0
e 8 23 0
e 8 13 0
e 8 16 0
e 9 31 0
e 9 30 0
e 10 16 0
e 11 21 0
e 13 23 0
e 14 19 0
e 14 27 0
e 15 23 0
e 17 28 0
e 17 29 0
e 18 25 0
e 18 20 0
e 19 22 0
e 21 27 0
e 22 23 0
e 24 25 0
