t 40 40
v 0 17 2
v 1 18 2
v 2 18 2
v 3 12 2
v 4 17 2
v 5 8 2
v 6 17 2
v 7 1 1
v 8 15 2
v 9 19 2
v 10 19 3
v 11 11 2
v 12 4 2
v 13 10 3
v 14 1 2
v 15 11 2
v 16 16 2
v 17 7 1
v 18 7 2
v 19 2 1
v 20 16 2
v 21 17 2
v 22 3 2
v 23 8 2
v 24 8 2
v 25 19 3
v 26 18 2
v 27 14 2
v 28 11 2
v 29 0 2
v 30 12 2
v 31 15 2
v 32 3 3
v 33 13 2
v 34 9 2
v 35 3 2
v 36 2 2
v 37 5 2
v 38 12 2
v 39 10 1
e 0 20 0
e 0 2 0
e 1 33 0
e 1 18 0
e 2 16 0
e 3 4 0
e 3 21 0
e 4 10 0
e 5 12 0
e 5 14 0
e 6 29 0
e 6 25 0
e 7 10 0
e 8 13 0
e 8 24 0
e 9 33 0
e 9 20 0
e 10 12 0
e 11 27 0
e 11 26 0
e 13 15 0
e 13 25 0
e 14 30 0
e 15 17 0
e 16 26 0
e 18 34 0
e 19 32 0
e 21 27 0
e 22 35 0
e 22 36 0
e 23 24 0
e 23 25 0
e 28 36 0
e 28 37 0
e 29 31 0
e 30 32 0
e 31 32 0
e 34 35 0
e 37 38 0
e 38 39 0
