t 32 34
v 0 8 5
v 1 19 2
v 2 18 1
v 3 2 2
v 4 10 2
v 5 4 4
v 6 18 1
v 7 14 2
v 8 10 2
v 9 18 2
v 10 9 2
v 11 12 4
v 12 4 2
v 13 7 3
v 14 18 2
v 15 1 3
v 16 5 2
v 17 16 2
v 18 1 2
v 19 16 4
v 20 0 1
v 21 17 2
v 22 15 1
v 23 4 2
v 24 16 1
v 25 1 2
v 26 0 1
v 27 5 1
v 28 2 2
v 29 2 3
v 30 5 2
v 31 3 1
e 0 15 0
e 0 3 0
e 0 5 0
e 0 8 0
e 0 29 0
e 1 8 0
e 1 4 0
e 2 5 0
e 3 5 0
e 4 31 0
e 5 14 0
e 6 11 0
e 7 21 0
e 7 24 0
e 9 28 0
e 9 22 0
e 10 13 0
e 10 18 0
e 11 14 0
e 11 12 0
e 11 28 0
e 12 15 0
e 13 21 0
e 13 20 0
e 15 29 0
e 16 23 0
e 16 25 0
e 17 18 0
e 17 19 0
e 19 27 0
e 19 26 0
e 19 30 0
e 23 30 0
e 25 29 0
