t 40 42
v 0 13 2
v 1 8 2
v 2 16 2
v 3 0 2
v 4 2 2
v 5 15 2
v 6 11 3
v 7 2 2
v 8 4 2
v 9 19 2
v 10 1 2
v 11 3 3
v 12 7 2
v 13 6 2
v 14 13 5
v 15 2 2
v 16 9 2
v 17 3 1
v 18 12 2
v 19 5 2
v 20 2 2
v 21 2 2
v 22 14 2
v 23 10 3
v 24 2 2
v 25 10 2
v 26 19 2
v 27 15 2
v 28 19 2
v 29 16 2
v 30 15 2
v 31 15 2
v 32 2 2
v 33 9 2
v 34 19 2
v 35 19 2
v 36 13 3
v 37 18 1
v 38 10 2
v 39 17 1
e 0 3 0
e 0 26 0
e 1 22 0
e 1 29 0
e 2 7 0
e 2 13 0
e 3 4 0
e 4 5 0
e 5 16 0
e 6 11 0
e 6 18 0
e 6 21 0
e 7 8 0
e 8 11 0
e 9 18 0
e 9 11 0
e 10 14 0
e 10 24 0
e 12 14 0
e 12 23 0
e 13 16 0
e 14 17 0
e 14 19 0
e 14 23 0
e 15 29 0
e 15 31 0
e 19 23 0
e 20 28 0
e 20 31 0
e 21 22 0
e 24 28 0
e 25 34 0
e 25 35 0
e 26 32 0
e 27 33 0
e 27 34 0
e 30 38 0
e 30 39 0
e 32 33 0
e 35 36 0
e 36 37 0
e 36 38 0
