t 40 39
v 0 1 2
v 1 8 2
v 2 6 2
v 3 8 2
v 4 18 2
v 5 1 2
v 6 11 2
v 7 18 2
v 8 17 2
v 9 18 2
v 10 9 2
v 11 2 2
v 12 11 2
v 13 6 3
v 14 10 2
v 15 19 2
v 16 13 2
v 17 15 3
v 18 18 1
v 19 4 2
v 20 9 2
v 21 19 2
v 22 0 2
v 23 12 2
v 24 5 2
v 25 16 1
v 26 12 2
v 27 1 1
v 28 18 2
v 29 18 2
v 30 18 1
v 31 3 2
v 32 5 2
v 33 15 2
v 34 5 2
v 35 12 2
v 36 16 2
v 37 17 2
v 38 7 2
v 39 1 2
e 0 16 0
e 0 19 0
e 1 2 0
e 1 16 0
e 2 4 0
e 3 9 0
e 3 11 0
e 4 5 0
e 5 8 0
e 6 33 0
e 6 17 0
e 7 25 0
e 7 13 0
e 8 29 0
e 9 29 0
e 10 34 0
e 10 22 0
e 11 21 0
e 12 24 0
e 12 23 0
e 13 30 0
e 13 20 0
e 14 27 0
e 14 39 0
e 15 17 0
e 15 21 0
e 17 18 0
e 19 34 0
e 20 31 0
e 22 35 0
e 23 28 0
e 24 32 0
e 26 31 0
e 26 28 0
e 32 33 0
e 35 36 0
e 36 38 0
e 37 38 0
e 37 39 0
