t 32 32
v 0 9 2
v 1 8 2
v 2 12 2
v 3 17 2
v 4 9 2
v 5 6 2
v 6 16 2
v 7 18 2
v 8 0 2
v 9 8 2
v 10 12 2
v 11 14 1
v 12 9 2
v 13 5 3
v 14 4 2
v 15 2 2
v 16 2 2
v 17 1 2
v 18 1 2
v 19 12 3
v 20 19 2
v 21 2 3
v 22 18 1
v 23 16 2
v 24 3 1
v 25 4 3
v 26 14 2
v 27 0 2
v 28 12 2
v 29 11 2
v 30 6 2
v 31 1 1
e 0 2 0
e 0 20 0
e 1 3 0
e 1 15 0
e 2 15 0
e 3 7 0
e 4 7 0
e 4 6 0
e 5 17 0
e 5 30 0
e 6 9 0
e 8 14 0
e 8 16 0
e 9 10 0
e 10 12 0
e 11 19 0
e 12 14 0
e 13 22 0
e 13 21 0
e 13 25 0
e 16 29 0
e 17 20 0
e 18 23 0
e 18 27 0
e 19 29 0
e 19 28 0
e 21 25 0
e 21 24 0
e 23 26 0
e 25 26 0
e 27 28 0
e 30 31 0
