t 40 42
v 0 14 2
v 1 14 1
v 2 8 2
v 3 11 2
v 4 14 4
v 5 12 2
v 6 3 3
v 7 10 2
v 8 14 2
v 9 19 2
v 10 3 3
v 11 11 1
v 12 7 2
v 13 2 1
v 14 16 1
v 15 19 3
v 16 13 2
v 17 19 2
v 18 9 2
v 19 18 2
v 20 1 2
v 21 16 2
v 22 18 2
v 23 15 2
v 24 7 3
v 25 4 2
v 26 15 3
v 27 16 2
v 28 4 2
v 29 19 2
v 30 1 1
v 31 7 3
v 32 3 3
v 33 1 2
v 34 14 3
v 35 5 3
v 36 9 1
v 37 17 2
v 38 14 2
v 39 7 1
e 0 25 0
e 0 2 0
e 1 31 0
e 2 4 0
e 3 6 0
e 3 31 0
e 4 32 0
e 4 6 0
e 4 19 0
e 5 7 0
e 5 27 0
e 6 32 0
e 7 21 0
e 8 9 0
e 8 21 0
e 9 30 0
e 10 37 0
e 10 34 0
e 10 35 0
e 11 12 0
e 12 26 0
e 13 31 0
e 14 17 0
e 15 24 0
e 15 26 0
e 15 16 0
e 16 24 0
e 17 26 0
e 18 20 0
e 18 35 0
e 19 27 0
e 20 23 0
e 22 29 0
e 22 32 0
e 23 39 0
e 24 28 0
e 25 33 0
e 28 29 0
e 33 34 0
e 34 38 0
e 35 36 0
e 37 38 0
