t 32 33
v 0 2 2
v 1 7 2
v 2 17 2
v 3 11 2
v 4 15 2
v 5 19 2
v 6 6 2
v 7 5 1
v 8 1 2
v 9 7 3
v 10 14 2
v 11 8 2
v 12 5 4
v 13 4 2
v 14 11 2
v 15 3 2
v 16 19 2
v 17 12 2
v 18 4 2
v 19 1 2
v 20 8 3
v 21 0 2
v 22 19 2
v 23 10 2
v 24 0 2
v 25 6 2
v 26 14 2
v 27 19 2
v 28 3 2
v 29 14 2
v 30 19 2
v 31 2 1
e 0 1 0
e 0 18 0
e 1 14 0
e 2 8 0
e 2 23 0
e 3 4 0
e 3 14 0
e 4 13 0
e 5 29 0
e 5 6 0
e 6 26 0
e 7 12 0
e 8 29 0
e 9 20 0
e 9 12 0
e 9 25 0
e 10 22 0
e 10 15 0
e 11 30 0
e 11 18 0
e 12 19 0
e 12 20 0
e 13 26 0
e 15 23 0
e 16 21 0
e 16 25 0
e 17 22 0
e 17 24 0
e 19 20 0
e 21 27 0
e 24 28 0
e 27 28 0
e 30 31 0
