t 40 40
v 0 4 2
v 1 12 2
v 2 9 3
v 3 8 2
v 4 5 2
v 5 12 2
v 6 19 2
v 7 7 2
v 8 9 2
v 9 15 2
v 10 5 2
v 11 10 2
v 12 16 2
v 13 8 1
v 14 18 2
v 15 16 2
v 16 7 3
v 17 10 2
v 18 4 2
v 19 3 2
v 20 14 2
v 21 11 2
v 22 4 2
v 23 11 2
v 24 7 2
v 25 6 2
v 26 4 2
v 27 17 2
v 28 1 2
v 29 15 2
v 30 13 2
v 31 11 2
v 32 3 2
v 33 2 2
v 34 13 2
v 35 1 2
v 36 6 2
v 37 2 2
v 38 9 2
v 39 5 1
e 0 3 0
e 0 33 0
e 1 23 0
e 1 24 0
e 2 12 0
e 2 17 0
e 2 25 0
e 3 24 0
e 4 5 0
e 4 16 0
e 5 6 0
e 6 9 0
e 7 21 0
e 7 29 0
e 8 11 0
e 8 26 0
e 9 26 0
e 10 32 0
e 10 27 0
e 11 22 0
e 12 18 0
e 13 16 0
e 14 19 0
e 14 18 0
e 15 37 0
e 15 36 0
e 16 20 0
e 17 19 0
e 20 23 0
e 21 31 0
e 22 30 0
e 25 28 0
e 27 38 0
e 28 29 0
e 30 31 0
e 32 37 0
e 33 34 0
e 34 35 0
e 35 36 0
e 38 39 0
