t 40 40
v 0 6 2
v 1 9 2
v 2 0 2
v 3 5 2
v 4 7 2
v 5 12 1
v 6 9 2
v 7 0 2
v 8 16 2
v 9 6 2
v 10 4 2
v 11 14 2
v 12 13 2
v 13 18 2
v 14 3 2
v 15 0 2
v 16 19 2
v 17 10 2
v 18 2 2
v 19 10 2
v 20 17 3
v 21 10 1
v 22 18 2
v 23 18 2
v 24 7 2
v 25 1 2
v 26 13 2
v 27 13 2
v 28 15 2
v 29 2 2
v 30 9 3
v 31 2 2
v 32 1 2
v 33 6 2
v 34 11 2
v 35 13 2
v 36 7 2
v 37 19 2
v 38 15 2
v 39 19 2
e 0 1 0
e 0 18 0
e 1 3 0
e 2 17 0
e 2 25 0
e 3 4 0
e 4 6 0
e 5 37 0
e 6 8 0
e 7 20 0
e 7 29 0
e 8 10 0
e 9 10 0
e 9 12 0
e 11 23 0
e 11 29 0
e 12 19 0
e 13 19 0
e 13 24 0
e 14 38 0
e 14 36 0
e 15 16 0
e 15 24 0
e 16 17 0
e 18 26 0
e 20 22 0
e 20 30 0
e 21 22 0
e 23 28 0
e 25 31 0
e 26 32 0
e 27 34 0
e 27 33 0
e 28 30 0
e 30 31 0
e 32 33 0
e 34 35 0
e 35 36 0
e 37 39 0
e 38 39 0
