t 32 33
v 0 2 2
v 1 16 2
v 2 15 2
v 3 15 2
v 4 11 2
v 5 19 2
v 6 8 2
v 7 1 2
v 8 19 2
v 9 15 2
v 10 17 2
v 11 19 2
v 12 12 2
v 13 5 2
v 14 7 2
v 15 5 3
v 16 13 1
v 17 2 2
v 18 8 2
v 19 5 1
v 20 7 2
v 21 11 2
v 22 11 2
v 23 18 3
v 24 7 3
v 25 7 2
v 26 1 3
v 27 10 2
v 28 19 3
v 29 4 2
v 30 19 2
v 31 6 1
e 0 3 0
e 0 9 0
e 1 12 0
e 1 11 0
e 2 26 0
e 2 23 0
e 3 17 0
e 4 27 0
e 4 28 0
e 5 17 0
e 5 6 0
e 6 7 0
e 7 14 0
e 8 11 0
e 8 20 0
e 9 29 0
e 10 21 0
e 10 23 0
e 12 13 0
e 13 25 0
e 14 18 0
e 15 16 0
e 15 19 0
e 15 22 0
e 18 20 0
e 21 22 0
e 23 26 0
e 24 26 0
e 24 27 0
e 24 28 0
e 25 28 0
e 29 30 0
e 30 31 0
