t 32 32
v 0 14 2
v 1 18 2
v 2 2 1
v 3 13 2
v 4 5 2
v 5 3 2
v 6 2 2
v 7 11 2
v 8 7 2
v 9 5 2
v 10 11 2
v 11 14 2
v 12 4 2
v 13 15 2
v 14 14 2
v 15 6 2
v 16 12 3
v 17 10 2
v 18 11 1
v 19 15 3
v 20 11 2
v 21 7 2
v 22 8 2
v 23 1 1
v 24 19 2
v 25 9 3
v 26 11 3
v 27 19 2
v 28 3 2
v 29 9 2
v 30 19 2
v 31 6 1
e 0 12 0
e 0 11 0
e 1 26 0
e 1 3 0
e 2 4 0
e 3 17 0
e 4 5 0
e 5 7 0
e 6 30 0
e 6 31 0
e 7 24 0
e 8 9 0
e 8 24 0
e 9 10 0
e 10 13 0
e 11 30 0
e 12 17 0
e 13 14 0
e 14 20 0
e 15 21 0
e 15 19 0
e 16 19 0
e 16 21 0
e 16 23 0
e 18 25 0
e 19 22 0
e 20 29 0
e 22 26 0
e 25 27 0
e 25 26 0
e 27 28 0
e 28 29 0
