t 40 40
v 0 5 2
v 1 5 1
v 2 12 2
v 3 9 1
v 4 7 2
v 5 18 2
v 6 5 2
v 7 5 2
v 8 11 2
v 9 19 2
v 10 7 2
v 11 4 2
v 12 1 2
v 13 15 2
v 14 16 2
v 15 1 2
v 16 3 4
v 17 11 2
v 18 0 2
v 19 11 3
v 20 3 2
v 21 14 1
v 22 12 2
v 23 4 2
v 24 2 2
v 25 19 3
v 26 5 2
v 27 12 3
v 28 1 2
v 29 5 3
v 30 0 1
v 31 14 1
v 32 5 2
v 33 3 2
v 34 6 2
v 35 16 2
v 36 2 2
v 37 13 2
v 38 0 2
v 39 16 1
e 0 5 0
e 0 12 0
e 1 25 0
e 2 5 0
e 2 6 0
e 3 16 0
e 4 37 0
e 4 38 0
e 6 9 0
e 7 17 0
e 7 23 0
e 8 28 0
e 8 20 0
e 9 28 0
e 10 18 0
e 10 20 0
e 11 29 0
e 11 26 0
e 12 16 0
e 13 18 0
e 13 24 0
e 14 37 0
e 14 36 0
e 15 24 0
e 15 26 0
e 16 31 0
e 16 32 0
e 17 29 0
e 19 21 0
e 19 22 0
e 19 27 0
e 22 25 0
e 23 30 0
e 25 27 0
e 27 29 0
e 32 33 0
e 33 34 0
e 34 35 0
e 35 36 0
e 38 39 0
