t 32 32
v 0 10 2
v 1 0 1
v 2 7 3
v 3 1 2
v 4 13 2
v 5 7 2
v 6 10 2
v 7 8 2
v 8 7 2
v 9 9 2
v 10 10 2
v 11 5 2
v 12 16 2
v 13 1 3
v 14 5 2
v 15 14 3
v 16 2 1
v 17 9 2
v 18 4 2
v 19 10 2
v 20 13 2
v 21 10 2
v 22 15 2
v 23 1 2
v 24 2 2
v 25 17 2
v 26 13 2
v 27 8 2
v 28 11 2
v 29 9 2
v 30 9 2
v 31 17 1
e 0 2 0
e 0 8 0
e 1 2 0
e 2 26 0
e 3 27 0
e 3 14 0
e 4 24 0
e 4 27 0
e 5 6 0
e 5 14 0
e 6 7 0
e 7 9 0
e 8 29 0
e 9 11 0
e 10 21 0
e 10 28 0
e 11 28 0
e 12 18 0
e 12 19 0
e 13 22 0
e 13 20 0
e 13 15 0
e 15 16 0
e 15 17 0
e 17 20 0
e 18 22 0
e 19 23 0
e 21 25 0
e 23 25 0
e 24 26 0
e 29 30 0
e 30 31 0
