t 40 40
v 0 7 1
v 1 19 2
v 2 19 4
v 3 10 2
v 4 11 1
v 5 18 2
v 6 10 3
v 7 19 1
v 8 13 1
v 9 3 2
v 10 5 2
v 11 11 2
v 12 19 2
v 13 14 2
v 14 5 1
v 15 14 2
v 16 0 2
v 17 10 3
v 18 2 2
v 19 4 2
v 20 8 2
v 21 7 2
v 22 16 2
v 23 3 3
v 24 4 1
v 25 15 2
v 26 11 2
v 27 15 2
v 28 5 3
v 29 9 2
v 30 12 2
v 31 9 2
v 32 13 2
v 33 3 2
v 34 10 2
v 35 6 2
v 36 17 2
v 37 1 2
v 38 9 2
v 39 18 2
e 0 22 0
e 1 5 0
e 1 10 0
e 2 3 0
e 2 21 0
e 2 23 0
e 2 24 0
e 3 22 0
e 4 18 0
e 5 26 0
e 6 19 0
e 6 28 0
e 6 29 0
e 7 23 0
e 8 17 0
e 9 38 0
e 9 30 0
e 10 23 0
e 11 37 0
e 11 36 0
e 12 16 0
e 12 17 0
e 13 25 0
e 13 31 0
e 14 20 0
e 15 26 0
e 15 17 0
e 16 34 0
e 18 28 0
e 19 28 0
e 20 39 0
e 21 35 0
e 25 29 0
e 27 35 0
e 27 36 0
e 30 37 0
e 31 32 0
e 32 33 0
e 33 34 0
e 38 39 0
