t 40 42
v 0 3 2
v 1 16 4
v 2 10 2
v 3 14 2
v 4 18 2
v 5 9 2
v 6 14 2
v 7 10 2
v 8 8 2
v 9 14 2
v 10 11 2
v 11 9 2
v 12 14 2
v 13 16 2
v 14 3 4
v 15 8 4
v 16 17 2
v 17 12 1
v 18 8 1
v 19 17 2
v 20 18 2
v 21 14 2
v 22 16 1
v 23 0 2
v 24 7 2
v 25 2 2
v 26 4 2
v 27 19 3
v 28 17 2
v 29 5 2
v 30 3 2
v 31 18 2
v 32 4 2
v 33 14 2
v 34 0 2
v 35 9 2
v 36 0 2
v 37 2 2
v 38 18 2
v 39 19 2
e 0 2 0
e 0 4 0
e 1 14 0
e 1 15 0
e 1 20 0
e 1 3 0
e 2 5 0
e 3 7 0
e 4 30 0
e 5 16 0
e 6 19 0
e 6 11 0
e 7 14 0
e 8 24 0
e 8 16 0
e 9 31 0
e 9 10 0
e 10 19 0
e 11 26 0
e 12 33 0
e 12 13 0
e 13 29 0
e 14 23 0
e 14 15 0
e 15 23 0
e 15 27 0
e 17 39 0
e 18 27 0
e 20 28 0
e 21 29 0
e 21 28 0
e 22 27 0
e 24 31 0
e 25 34 0
e 25 30 0
e 26 33 0
e 32 35 0
e 32 36 0
e 34 35 0
e 36 37 0
e 37 38 0
e 38 39 0
