t 40 41
v 0 3 2
v 1 10 2
v 2 9 2
v 3 2 2
v 4 13 2
v 5 3 2
v 6 1 2
v 7 9 2
v 8 13 2
v 9 2 2
v 10 19 2
v 11 11 2
v 12 16 2
v 13 5 2
v 14 11 2
v 15 2 2
v 16 4 3
v 17 5 2
v 18 8 1
v 19 6 2
v 20 7 2
v 21 17 2
v 22 10 2
v 23 3 2
v 24 0 2
v 25 2 5
v 26 15 2
v 27 15 2
v 28 4 2
v 29 8 2
v 30 8 2
v 31 16 2
v 32 2 2
v 33 9 2
v 34 1 1
v 35 14 2
v 36 2 2
v 37 8 2
v 38 8 2
v 39 17 2
e 0 11 0
e 0 30 0
e 1 3 0
e 1 24 0
e 2 26 0
e 2 6 0
e 3 4 0
e 4 26 0
e 5 16 0
e 5 25 0
e 6 22 0
e 7 9 0
e 7 10 0
e 8 9 0
e 8 14 0
e 10 13 0
e 11 24 0
e 12 16 0
e 12 25 0
e 13 21 0
e 14 22 0
e 15 28 0
e 15 17 0
e 16 25 0
e 17 29 0
e 18 25 0
e 19 23 0
e 19 27 0
e 20 36 0
e 20 37 0
e 21 23 0
e 25 28 0
e 27 29 0
e 30 32 0
e 31 37 0
e 31 38 0
e 32 33 0
e 33 35 0
e 34 39 0
e 35 36 0
e 38 39 0
