t 32 36
v 0 14 1
v 1 2 3
v 2 11 2
v 3 2 2
v 4 7 2
v 5 10 2
v 6 14 2
v 7 12 2
v 8 3 5
v 9 5 2
v 10 0 2
v 11 1 2
v 12 11 2
v 13 8 2
v 14 2 2
v 15 14 3
v 16 12 3
v 17 2 2
v 18 16 2
v 19 9 2
v 20 3 1
v 21 9 4
v 22 4 2
v 23 15 2
v 24 1 2
v 25 18 2
v 26 6 2
v 27 19 2
v 28 11 2
v 29 1 4
v 30 17 2
v 31 8 2
e 0 1 0
e 1 25 0
e 1 24 0
e 2 27 0
e 2 7 0
e 3 22 0
e 3 28 0
e 4 5 0
e 4 9 0
e 5 6 0
e 6 26 0
e 7 10 0
e 8 16 0
e 8 17 0
e 8 21 0
e 8 29 0
e 8 15 0
e 9 24 0
e 10 13 0
e 11 13 0
e 11 12 0
e 12 14 0
e 14 19 0
e 15 21 0
e 15 29 0
e 16 21 0
e 16 29 0
e 17 23 0
e 18 23 0
e 18 22 0
e 19 30 0
e 20 31 0
e 21 29 0
e 25 31 0
e 26 27 0
e 28 30 0
