t 24 35
v 0 13 4
v 1 19 4
v 2 1 4
v 3 18 3
v 4 0 3
v 5 9 5
v 6 12 1
v 7 9 3
v 8 17 2
v 9 11 2
v 10 9 7
v 11 19 2
v 12 4 6
v 13 14 2
v 14 1 5
v 15 3 2
v 16 11 2
v 17 12 2
v 18 17 2
v 19 5 2
v 20 18 2
v 21 11 2
v 22 16 2
v 23 17 1
e 0 5 0
e 0 7 0
e 0 10 0
e 0 12 0
e 1 6 0
e 1 3 0
e 1 4 0
e 1 9 0
e 2 5 0
e 2 10 0
e 2 12 0
e 2 14 0
e 3 7 0
e 3 4 0
e 4 9 0
e 5 14 0
e 5 10 0
e 5 12 0
e 7 10 0
e 8 20 0
e 8 22 0
e 10 14 0
e 10 15 0
e 10 12 0
e 11 17 0
e 11 18 0
e 12 14 0
e 12 15 0
e 13 14 0
e 13 17 0
e 16 19 0
e 16 20 0
e 18 19 0
e 21 22 0
e 21 23 0
