t 40 40
v 0 15 2
v 1 11 2
v 2 6 2
v 3 4 2
v 4 7 2
v 5 7 2
v 6 13 2
v 7 16 2
v 8 15 2
v 9 0 2
v 10 15 2
v 11 1 2
v 12 2 2
v 13 5 2
v 14 13 2
v 15 9 2
v 16 3 2
v 17 10 3
v 18 16 2
v 19 2 1
v 20 3 2
v 21 15 2
v 22 17 2
v 23 18 2
v 24 6 2
v 25 13 2
v 26 10 2
v 27 8 3
v 28 15 2
v 29 16 2
v 30 9 2
v 31 18 2
v 32 9 2
v 33 1 2
v 34 4 2
v 35 6 1
v 36 9 2
v 37 5 2
v 38 5 2
v 39 4 2
e 0 4 0
e 0 8 0
e 1 34 0
e 1 18 0
e 2 5 0
e 2 26 0
e 3 25 0
e 3 38 0
e 4 6 0
e 5 23 0
e 6 9 0
e 7 27 0
e 7 21 0
e 8 23 0
e 9 11 0
e 10 33 0
e 10 32 0
e 11 12 0
e 12 14 0
e 13 36 0
e 13 37 0
e 14 28 0
e 15 18 0
e 15 26 0
e 16 28 0
e 16 29 0
e 17 19 0
e 17 21 0
e 17 27 0
e 20 33 0
e 20 31 0
e 22 36 0
e 22 34 0
e 24 31 0
e 24 29 0
e 25 37 0
e 27 30 0
e 30 32 0
e 35 39 0
e 38 39 0
