t 32 34
v 0 5 2
v 1 9 3
v 2 17 2
v 3 6 2
v 4 12 2
v 5 15 2
v 6 1 2
v 7 8 3
v 8 1 2
v 9 10 5
v 10 10 3
v 11 12 1
v 12 13 2
v 13 14 1
v 14 18 2
v 15 4 2
v 16 0 2
v 17 7 2
v 18 16 1
v 19 9 2
v 20 7 2
v 21 15 2
v 22 6 2
v 23 5 1
v 24 9 3
v 25 16 2
v 26 10 2
v 27 1 3
v 28 6 3
v 29 2 2
v 30 15 2
v 31 9 1
e 0 14 0
e 0 29 0
e 1 15 0
e 1 3 0
e 1 9 0
e 2 4 0
e 2 16 0
e 3 8 0
e 4 14 0
e 5 8 0
e 5 28 0
e 6 10 0
e 6 7 0
e 7 24 0
e 7 17 0
e 9 10 0
e 9 15 0
e 9 20 0
e 9 28 0
e 10 28 0
e 11 25 0
e 12 17 0
e 12 22 0
e 13 24 0
e 16 20 0
e 18 24 0
e 19 27 0
e 19 25 0
e 21 26 0
e 21 27 0
e 22 26 0
e 23 27 0
e 29 30 0
e 30 31 0
