t 40 40
v 0 3 2
v 1 15 2
v 2 13 2
v 3 16 2
v 4 0 2
v 5 17 2
v 6 11 2
v 7 13 2
v 8 15 2
v 9 2 2
v 10 8 2
v 11 16 4
v 12 0 2
v 13 16 1
v 14 4 2
v 15 18 2
v 16 3 2
v 17 15 3
v 18 9 2
v 19 6 1
v 20 17 2
v 21 1 3
v 22 11 2
v 23 9 3
v 24 15 1
v 25 2 2
v 26 2 1
v 27 9 2
v 28 10 1
v 29 17 2
v 30 3 2
v 31 9 3
v 32 13 2
v 33 14 1
v 34 18 2
v 35 7 2
v 36 4 2
v 37 10 2
v 38 14 2
v 39 18 2
e 0 1 0
e 0 6 0
e 1 2 0
e 2 3 0
e 3 4 0
e 4 25 0
e 5 22 0
e 5 7 0
e 6 10 0
e 7 14 0
e 8 27 0
e 8 14 0
e 9 15 0
e 9 17 0
e 10 35 0
e 11 21 0
e 11 19 0
e 11 20 0
e 11 30 0
e 12 16 0
e 12 38 0
e 13 39 0
e 15 27 0
e 16 39 0
e 17 31 0
e 17 32 0
e 18 36 0
e 18 37 0
e 20 23 0
e 21 29 0
e 21 30 0
e 22 25 0
e 23 26 0
e 23 24 0
e 28 31 0
e 29 32 0
e 31 33 0
e 34 36 0
e 34 35 0
e 37 38 0
