t 24 50
v 0 15 1
v 1 19 4
v 2 6 1
v 3 3 3
v 4 2 4
v 5 10 8
v 6 17 9
v 7 9 6
v 8 10 3
v 9 18 2
v 10 13 1
v 11 18 7
v 12 1 1
v 13 14 6
v 14 3 8
v 15 4 7
v 16 12 5
v 17 4 1
v 18 12 1
v 19 11 5
v 20 19 2
v 21 7 7
v 22 18 1
v 23 5 7
e 0 6 0
e 1 13 0
e 1 19 0
e 1 23 0
e 1 5 0
e 2 6 0
e 3 19 0
e 3 7 0
e 3 21 0
e 4 23 0
e 4 13 0
e 4 7 0
e 4 5 0
e 5 6 0
e 5 10 0
e 5 11 0
e 5 14 0
e 5 15 0
e 5 21 0
e 6 22 0
e 6 18 0
e 6 13 0
e 6 23 0
e 6 11 0
e 6 16 0
e 7 14 0
e 7 15 0
e 7 16 0
e 7 21 0
e 8 11 0
e 8 15 0
e 8 16 0
e 9 17 0
e 9 21 0
e 11 19 0
e 11 21 0
e 11 13 0
e 11 23 0
e 12 14 0
e 13 14 0
e 13 15 0
e 14 19 0
e 14 15 0
e 14 16 0
e 14 20 0
e 15 19 0
e 15 21 0
e 16 23 0
e 20 23 0
e 21 23 0
