t 40 40
v 0 1 2
v 1 18 3
v 2 1 2
v 3 2 2
v 4 19 2
v 5 3 2
v 6 17 2
v 7 19 2
v 8 7 2
v 9 6 2
v 10 6 2
v 11 7 3
v 12 13 2
v 13 9 2
v 14 2 2
v 15 3 1
v 16 7 2
v 17 11 2
v 18 0 2
v 19 19 2
v 20 15 2
v 21 11 2
v 22 2 3
v 23 13 2
v 24 1 2
v 25 3 1
v 26 19 2
v 27 16 2
v 28 16 2
v 29 5 2
v 30 18 2
v 31 2 2
v 32 19 2
v 33 3 2
v 34 15 2
v 35 10 2
v 36 14 2
v 37 2 2
v 38 6 2
v 39 7 1
e 0 17 0
e 0 5 0
e 1 11 0
e 1 26 0
e 1 19 0
e 2 10 0
e 2 29 0
e 3 4 0
e 3 30 0
e 4 24 0
e 5 32 0
e 6 8 0
e 6 7 0
e 7 9 0
e 8 10 0
e 9 13 0
e 11 27 0
e 11 28 0
e 12 22 0
e 12 35 0
e 13 20 0
e 14 16 0
e 14 20 0
e 15 34 0
e 16 23 0
e 17 29 0
e 18 28 0
e 18 30 0
e 19 25 0
e 21 31 0
e 21 23 0
e 22 32 0
e 22 33 0
e 24 31 0
e 26 27 0
e 33 34 0
e 35 36 0
e 36 37 0
e 37 38 0
e 38 39 0
