t 40 41
v 0 19 2
v 1 16 2
v 2 3 2
v 3 9 2
v 4 1 2
v 5 9 2
v 6 4 2
v 7 4 2
v 8 4 2
v 9 6 2
v 10 11 2
v 11 18 2
v 12 16 2
v 13 16 2
v 14 5 2
v 15 12 3
v 16 12 3
v 17 3 3
v 18 18 2
v 19 10 2
v 20 5 1
v 21 9 2
v 22 19 3
v 23 19 2
v 24 5 2
v 25 3 1
v 26 12 2
v 27 11 2
v 28 7 2
v 29 19 2
v 30 11 2
v 31 16 2
v 32 8 2
v 33 9 2
v 34 18 2
v 35 2 2
v 36 18 2
v 37 12 2
v 38 19 2
v 39 0 2
e 0 19 0
e 0 2 0
e 1 19 0
e 1 32 0
e 2 3 0
e 3 11 0
e 4 6 0
e 4 7 0
e 5 9 0
e 5 11 0
e 6 9 0
e 7 12 0
e 8 28 0
e 8 36 0
e 10 13 0
e 10 12 0
e 13 24 0
e 14 23 0
e 14 24 0
e 15 18 0
e 15 22 0
e 15 17 0
e 16 18 0
e 16 17 0
e 16 22 0
e 17 30 0
e 20 30 0
e 21 22 0
e 21 26 0
e 23 29 0
e 25 39 0
e 26 27 0
e 27 31 0
e 28 35 0
e 29 31 0
e 32 33 0
e 33 34 0
e 34 35 0
e 36 38 0
e 37 39 0
e 37 38 0
