t 40 44
v 0 1 2
v 1 8 3
v 2 10 2
v 3 1 2
v 4 9 2
v 5 18 2
v 6 5 2
v 7 10 1
v 8 6 2
v 9 16 2
v 10 9 2
v 11 14 2
v 12 18 2
v 13 11 3
v 14 10 3
v 15 13 3
v 16 4 2
v 17 1 3
v 18 7 2
v 19 1 2
v 20 11 3
v 21 19 3
v 22 4 2
v 23 14 3
v 24 1 2
v 25 0 2
v 26 19 2
v 27 6 2
v 28 1 2
v 29 17 3
v 30 4 3
v 31 0 2
v 32 14 2
v 33 17 2
v 34 5 2
v 35 19 2
v 36 0 2
v 37 11 2
v 38 4 2
v 39 12 1
e 0 10 0
e 0 29 0
e 1 10 0
e 1 18 0
e 1 29 0
e 2 4 0
e 2 18 0
e 3 23 0
e 3 30 0
e 4 11 0
e 5 11 0
e 5 22 0
e 6 12 0
e 6 28 0
e 7 15 0
e 8 16 0
e 8 19 0
e 9 26 0
e 9 34 0
e 12 19 0
e 13 31 0
e 13 17 0
e 13 21 0
e 14 15 0
e 14 20 0
e 14 23 0
e 15 20 0
e 16 24 0
e 17 21 0
e 17 30 0
e 20 23 0
e 21 30 0
e 22 25 0
e 24 31 0
e 25 27 0
e 26 37 0
e 27 28 0
e 29 32 0
e 32 33 0
e 33 35 0
e 34 36 0
e 35 36 0
e 37 38 0
e 38 39 0
