t 32 33
v 0 18 2
v 1 15 2
v 2 11 2
v 3 19 2
v 4 11 3
v 5 4 2
v 6 16 1
v 7 2 2
v 8 4 2
v 9 4 2
v 10 18 2
v 11 19 1
v 12 18 2
v 13 19 3
v 14 14 2
v 15 1 2
v 16 15 3
v 17 2 4
v 18 1 2
v 19 12 1
v 20 12 1
v 21 5 3
v 22 4 2
v 23 10 1
v 24 0 2
v 25 4 2
v 26 11 3
v 27 13 2
v 28 13 2
v 29 8 2
v 30 8 2
v 31 13 2
e 0 5 0
e 0 30 0
e 1 2 0
e 1 8 0
e 2 14 0
e 3 25 0
e 3 12 0
e 4 22 0
e 4 19 0
e 4 9 0
e 5 15 0
e 6 26 0
e 7 26 0
e 7 9 0
e 8 15 0
e 10 26 0
e 10 12 0
e 11 31 0
e 13 16 0
e 13 17 0
e 13 21 0
e 14 22 0
e 16 23 0
e 16 27 0
e 17 21 0
e 17 24 0
e 17 20 0
e 18 25 0
e 18 29 0
e 21 24 0
e 27 28 0
e 28 29 0
e 30 31 0
