t 40 40
v 0 6 2
v 1 3 2
v 2 15 2
v 3 19 2
v 4 9 2
v 5 8 2
v 6 2 2
v 7 15 2
v 8 9 2
v 9 4 2
v 10 1 2
v 11 4 2
v 12 16 3
v 13 2 2
v 14 16 2
v 15 11 1
v 16 5 2
v 17 9 1
v 18 8 2
v 19 6 2
v 20 3 3
v 21 7 2
v 22 18 2
v 23 15 2
v 24 6 3
v 25 1 1
v 26 5 3
v 27 5 2
v 28 1 2
v 29 5 2
v 30 15 2
v 31 5 2
v 32 15 2
v 33 0 2
v 34 2 3
v 35 4 1
v 36 7 2
v 37 5 2
v 38 5 2
v 39 4 1
e 0 1 0
e 0 18 0
e 1 11 0
e 2 13 0
e 2 18 0
e 3 28 0
e 3 13 0
e 4 14 0
e 4 32 0
e 5 6 0
e 5 7 0
e 6 28 0
e 7 23 0
e 8 33 0
e 8 34 0
e 9 38 0
e 9 37 0
e 10 26 0
e 10 29 0
e 11 14 0
e 12 26 0
e 12 19 0
e 12 20 0
e 15 24 0
e 16 38 0
e 16 39 0
e 17 30 0
e 19 20 0
e 20 21 0
e 21 25 0
e 22 27 0
e 22 31 0
e 23 26 0
e 24 30 0
e 24 27 0
e 29 31 0
e 32 33 0
e 34 35 0
e 34 36 0
e 36 37 0
