t 32 34
v 0 13 2
v 1 18 2
v 2 5 2
v 3 14 3
v 4 15 2
v 5 3 2
v 6 16 2
v 7 12 2
v 8 11 2
v 9 9 2
v 10 15 3
v 11 12 2
v 12 12 1
v 13 2 2
v 14 6 2
v 15 7 2
v 16 15 2
v 17 17 2
v 18 18 2
v 19 3 1
v 20 0 2
v 21 10 2
v 22 14 2
v 23 4 3
v 24 6 2
v 25 6 3
v 26 0 2
v 27 8 2
v 28 13 2
v 29 5 3
v 30 5 2
v 31 1 3
e 0 1 0
e 0 8 0
e 1 25 0
e 2 5 0
e 2 6 0
e 3 5 0
e 3 31 0
e 3 25 0
e 4 10 0
e 4 24 0
e 6 18 0
e 7 18 0
e 7 9 0
e 8 13 0
e 9 14 0
e 10 19 0
e 10 20 0
e 11 14 0
e 11 22 0
e 12 27 0
e 13 26 0
e 15 23 0
e 15 29 0
e 16 29 0
e 16 22 0
e 17 23 0
e 17 20 0
e 21 28 0
e 21 24 0
e 23 29 0
e 25 31 0
e 26 30 0
e 27 28 0
e 30 31 0
