t 40 40
v 0 5 2
v 1 9 2
v 2 14 2
v 3 3 2
v 4 11 2
v 5 2 2
v 6 0 2
v 7 19 2
v 8 12 2
v 9 2 2
v 10 10 2
v 11 11 2
v 12 15 3
v 13 17 2
v 14 14 3
v 15 12 2
v 16 11 2
v 17 6 2
v 18 1 1
v 19 2 2
v 20 12 2
v 21 11 2
v 22 9 2
v 23 16 2
v 24 18 2
v 25 17 2
v 26 13 2
v 27 19 2
v 28 7 2
v 29 14 2
v 30 9 2
v 31 2 2
v 32 18 1
v 33 17 2
v 34 5 2
v 35 0 2
v 36 16 2
v 37 12 2
v 38 10 2
v 39 19 2
e 0 15 0
e 0 24 0
e 1 15 0
e 1 22 0
e 2 22 0
e 2 26 0
e 3 36 0
e 3 37 0
e 4 31 0
e 4 24 0
e 5 8 0
e 5 19 0
e 6 8 0
e 6 27 0
e 7 30 0
e 7 23 0
e 9 12 0
e 9 14 0
e 10 13 0
e 10 25 0
e 11 23 0
e 11 20 0
e 12 14 0
e 12 21 0
e 13 21 0
e 14 18 0
e 16 36 0
e 16 35 0
e 17 19 0
e 17 26 0
e 20 27 0
e 25 28 0
e 28 29 0
e 29 30 0
e 31 33 0
e 32 39 0
e 33 34 0
e 34 35 0
e 37 38 0
e 38 39 0
