t 32 31
v 0 8 2
v 1 9 1
v 2 18 3
v 3 18 2
v 4 11 1
v 5 13 2
v 6 1 2
v 7 10 2
v 8 10 2
v 9 4 2
v 10 9 2
v 11 16 2
v 12 0 2
v 13 6 4
v 14 14 2
v 15 16 2
v 16 2 1
v 17 1 1
v 18 13 2
v 19 11 1
v 20 7 2
v 21 11 2
v 22 6 3
v 23 9 2
v 24 10 2
v 25 2 2
v 26 16 2
v 27 14 2
v 28 9 2
v 29 19 1
v 30 0 2
v 31 7 2
e 0 21 0
e 0 25 0
e 1 8 0
e 2 7 0
e 2 8 0
e 2 26 0
e 3 5 0
e 3 26 0
e 4 31 0
e 5 6 0
e 6 15 0
e 7 25 0
e 9 10 0
e 9 18 0
e 10 11 0
e 11 30 0
e 12 18 0
e 12 15 0
e 13 19 0
e 13 16 0
e 13 23 0
e 13 17 0
e 14 20 0
e 14 24 0
e 20 23 0
e 21 31 0
e 22 29 0
e 22 28 0
e 22 30 0
e 24 27 0
e 27 28 0
