t 40 48
v 0 0 2
v 1 18 2
v 2 4 3
v 3 13 2
v 4 19 2
v 5 7 2
v 6 12 2
v 7 13 6
v 8 19 2
v 9 15 5
v 10 0 2
v 11 7 2
v 12 14 2
v 13 3 2
v 14 11 4
v 15 15 3
v 16 17 3
v 17 16 2
v 18 5 5
v 19 13 2
v 20 7 3
v 21 17 1
v 22 1 2
v 23 6 1
v 24 15 2
v 25 5 2
v 26 16 3
v 27 3 4
v 28 2 2
v 29 0 2
v 30 13 2
v 31 3 3
v 32 12 1
v 33 19 2
v 34 2 2
v 35 8 2
v 36 4 2
v 37 6 2
v 38 15 2
v 39 18 1
e 0 3 0
e 0 1 0
e 1 29 0
e 2 7 0
e 2 27 0
e 2 25 0
e 3 13 0
e 4 12 0
e 4 28 0
e 5 6 0
e 5 17 0
e 6 8 0
e 7 27 0
e 7 14 0
e 7 20 0
e 7 23 0
e 7 26 0
e 8 10 0
e 9 14 0
e 9 15 0
e 9 18 0
e 9 22 0
e 9 26 0
e 10 27 0
e 11 17 0
e 11 28 0
e 12 24 0
e 13 24 0
e 14 18 0
e 14 19 0
e 15 16 0
e 15 18 0
e 16 21 0
e 16 20 0
e 18 22 0
e 18 26 0
e 19 20 0
e 25 27 0
e 29 30 0
e 30 31 0
e 31 32 0
e 31 33 0
e 33 34 0
e 34 36 0
e 35 37 0
e 35 38 0
e 36 37 0
e 38 39 0
