t 40 42
v 0 4 2
v 1 9 1
v 2 13 2
v 3 16 3
v 4 4 2
v 5 17 1
v 6 1 2
v 7 14 2
v 8 14 2
v 9 8 3
v 10 7 2
v 11 8 2
v 12 15 2
v 13 11 2
v 14 13 2
v 15 3 2
v 16 7 2
v 17 8 2
v 18 13 4
v 19 5 3
v 20 6 2
v 21 19 2
v 22 8 2
v 23 1 2
v 24 8 1
v 25 19 3
v 26 10 2
v 27 0 1
v 28 8 2
v 29 2 3
v 30 11 3
v 31 13 2
v 32 15 4
v 33 18 2
v 34 10 2
v 35 14 1
v 36 3 2
v 37 0 1
v 38 17 2
v 39 8 2
e 0 26 0
e 0 19 0
e 1 25 0
e 2 3 0
e 2 29 0
e 3 6 0
e 3 29 0
e 4 19 0
e 4 33 0
e 5 19 0
e 6 7 0
e 7 11 0
e 8 30 0
e 8 28 0
e 9 37 0
e 9 31 0
e 9 36 0
e 10 38 0
e 10 31 0
e 11 12 0
e 12 13 0
e 13 14 0
e 14 15 0
e 15 17 0
e 16 18 0
e 16 25 0
e 17 32 0
e 18 21 0
e 18 30 0
e 18 28 0
e 20 27 0
e 20 22 0
e 21 32 0
e 22 25 0
e 23 33 0
e 23 34 0
e 24 32 0
e 26 29 0
e 30 32 0
e 34 36 0
e 35 39 0
e 38 39 0
