t 32 32
v 0 17 2
v 1 1 2
v 2 14 2
v 3 0 2
v 4 11 3
v 5 7 2
v 6 8 2
v 7 10 2
v 8 18 2
v 9 0 2
v 10 9 2
v 11 9 2
v 12 4 2
v 13 4 2
v 14 11 2
v 15 13 2
v 16 18 2
v 17 14 2
v 18 15 2
v 19 19 2
v 20 9 2
v 21 7 2
v 22 12 3
v 23 10 1
v 24 19 2
v 25 7 2
v 26 10 1
v 27 14 2
v 28 7 2
v 29 15 2
v 30 11 2
v 31 11 2
e 0 3 0
e 0 15 0
e 1 12 0
e 1 6 0
e 2 28 0
e 2 15 0
e 3 5 0
e 4 22 0
e 4 26 0
e 4 16 0
e 5 25 0
e 6 11 0
e 7 13 0
e 7 14 0
e 8 19 0
e 8 21 0
e 9 27 0
e 9 18 0
e 10 19 0
e 10 13 0
e 11 25 0
e 12 21 0
e 14 30 0
e 16 17 0
e 17 22 0
e 18 30 0
e 20 24 0
e 20 29 0
e 22 29 0
e 23 31 0
e 24 27 0
e 28 31 0
