t 40 41
v 0 12 2
v 1 13 2
v 2 4 3
v 3 0 2
v 4 11 2
v 5 5 2
v 6 14 2
v 7 3 2
v 8 4 1
v 9 18 2
v 10 8 1
v 11 8 2
v 12 9 2
v 13 14 2
v 14 0 2
v 15 11 2
v 16 5 2
v 17 7 2
v 18 17 2
v 19 1 2
v 20 6 2
v 21 10 3
v 22 6 6
v 23 2 4
v 24 11 2
v 25 0 1
v 26 19 2
v 27 18 2
v 28 6 1
v 29 10 2
v 30 8 2
v 31 10 2
v 32 17 2
v 33 0 2
v 34 17 2
v 35 9 1
v 36 11 2
v 37 12 2
v 38 14 2
v 39 19 1
e 0 5 0
e 0 33 0
e 1 5 0
e 1 13 0
e 2 22 0
e 2 4 0
e 2 24 0
e 3 19 0
e 3 20 0
e 4 22 0
e 6 7 0
e 6 17 0
e 7 23 0
e 8 23 0
e 9 38 0
e 9 31 0
e 10 14 0
e 11 32 0
e 11 23 0
e 12 21 0
e 12 34 0
e 13 15 0
e 14 18 0
e 15 19 0
e 16 29 0
e 16 22 0
e 17 20 0
e 18 23 0
e 21 36 0
e 21 35 0
e 22 28 0
e 22 24 0
e 22 27 0
e 25 30 0
e 26 32 0
e 26 29 0
e 27 30 0
e 31 39 0
e 33 34 0
e 36 37 0
e 37 38 0
