t 40 42
v 0 17 2
v 1 2 2
v 2 12 2
v 3 13 2
v 4 3 2
v 5 2 2
v 6 9 2
v 7 4 2
v 8 5 3
v 9 6 1
v 10 18 2
v 11 11 3
v 12 10 2
v 13 15 2
v 14 14 2
v 15 18 2
v 16 15 3
v 17 16 2
v 18 0 3
v 19 4 1
v 20 14 2
v 21 10 2
v 22 17 2
v 23 1 1
v 24 12 2
v 25 4 2
v 26 4 3
v 27 5 2
v 28 19 2
v 29 5 2
v 30 3 1
v 31 4 2
v 32 5 2
v 33 5 2
v 34 19 2
v 35 16 2
v 36 13 2
v 37 10 3
v 38 17 4
v 39 9 2
e 0 10 0
e 0 3 0
e 1 32 0
e 1 3 0
e 2 14 0
e 2 16 0
e 4 10 0
e 4 15 0
e 5 37 0
e 5 38 0
e 6 32 0
e 6 7 0
e 7 21 0
e 8 16 0
e 8 9 0
e 8 22 0
e 11 18 0
e 11 17 0
e 11 26 0
e 12 24 0
e 12 20 0
e 13 24 0
e 13 28 0
e 14 18 0
e 15 35 0
e 16 23 0
e 17 20 0
e 18 26 0
e 19 25 0
e 21 29 0
e 22 33 0
e 25 39 0
e 26 28 0
e 27 31 0
e 27 33 0
e 29 31 0
e 30 38 0
e 34 38 0
e 34 39 0
e 35 36 0
e 36 37 0
e 37 38 0
