t 32 32
v 0 10 2
v 1 1 2
v 2 1 2
v 3 19 2
v 4 18 2
v 5 1 2
v 6 19 2
v 7 15 2
v 8 16 2
v 9 7 2
v 10 15 1
v 11 7 2
v 12 19 2
v 13 11 2
v 14 18 2
v 15 2 2
v 16 0 2
v 17 5 2
v 18 18 1
v 19 2 1
v 20 13 1
v 21 0 2
v 22 2 2
v 23 10 2
v 24 8 3
v 25 12 2
v 26 6 2
v 27 19 2
v 28 1 3
v 29 11 4
v 30 17 2
v 31 16 2
e 0 30 0
e 0 1 0
e 1 21 0
e 2 12 0
e 2 29 0
e 3 4 0
e 3 21 0
e 4 5 0
e 5 6 0
e 6 16 0
e 7 23 0
e 7 17 0
e 8 24 0
e 8 26 0
e 9 10 0
e 9 11 0
e 11 25 0
e 12 24 0
e 13 14 0
e 13 27 0
e 14 15 0
e 15 28 0
e 16 17 0
e 18 31 0
e 19 29 0
e 20 29 0
e 22 27 0
e 22 24 0
e 23 26 0
e 25 28 0
e 28 29 0
e 30 31 0
