t 32 35
v 0 11 3
v 1 12 2
v 2 13 2
v 3 17 3
v 4 4 2
v 5 16 2
v 6 17 3
v 7 12 2
v 8 9 2
v 9 9 2
v 10 11 2
v 11 11 2
v 12 7 5
v 13 1 2
v 14 15 2
v 15 0 2
v 16 12 3
v 17 12 2
v 18 11 2
v 19 9 4
v 20 2 2
v 21 12 2
v 22 6 2
v 23 13 3
v 24 19 1
v 25 1 2
v 26 17 1
v 27 9 2
v 28 8 2
v 29 7 1
v 30 11 2
v 31 17 1
e 0 29 0
e 0 15 0
e 0 30 0
e 1 2 0
e 1 15 0
e 2 7 0
e 3 8 0
e 3 13 0
e 3 7 0
e 4 5 0
e 4 11 0
e 5 6 0
e 6 24 0
e 6 9 0
e 8 17 0
e 9 10 0
e 10 28 0
e 11 17 0
e 12 23 0
e 12 27 0
e 12 21 0
e 12 19 0
e 12 16 0
e 13 26 0
e 14 20 0
e 14 25 0
e 16 19 0
e 16 22 0
e 18 23 0
e 18 27 0
e 19 21 0
e 19 23 0
e 20 28 0
e 22 25 0
e 30 31 0
