t 40 40
v 0 12 2
v 1 8 2
v 2 10 2
v 3 8 2
v 4 16 2
v 5 14 2
v 6 12 2
v 7 1 2
v 8 9 2
v 9 1 2
v 10 15 2
v 11 7 2
v 12 9 1
v 13 8 1
v 14 0 2
v 15 13 2
v 16 16 3
v 17 15 2
v 18 4 2
v 19 6 2
v 20 13 5
v 21 0 1
v 22 18 1
v 23 4 3
v 24 6 1
v 25 14 2
v 26 0 3
v 27 10 1
v 28 1 3
v 29 2 2
v 30 16 1
v 31 6 2
v 32 3 2
v 33 17 2
v 34 4 2
v 35 0 2
v 36 1 2
v 37 2 2
v 38 0 2
v 39 8 2
e 0 7 0
e 0 25 0
e 1 14 0
e 1 6 0
e 2 24 0
e 2 8 0
e 3 17 0
e 3 25 0
e 4 29 0
e 4 9 0
e 5 21 0
e 5 31 0
e 6 9 0
e 7 14 0
e 8 15 0
e 10 17 0
e 10 32 0
e 11 37 0
e 11 39 0
e 12 28 0
e 13 39 0
e 15 28 0
e 16 23 0
e 16 27 0
e 16 19 0
e 18 23 0
e 18 20 0
e 19 23 0
e 20 22 0
e 20 26 0
e 20 30 0
e 20 31 0
e 26 28 0
e 26 29 0
e 32 33 0
e 33 34 0
e 34 35 0
e 35 36 0
e 36 38 0
e 37 38 0
