t 32 45
v 0 12 2
v 1 7 2
v 2 17 3
v 3 6 1
v 4 4 2
v 5 0 2
v 6 17 2
v 7 1 3
v 8 8 3
v 9 0 4
v 10 14 6
v 11 1 2
v 12 8 5
v 13 1 3
v 14 3 3
v 15 5 6
v 16 17 2
v 17 15 2
v 18 14 6
v 19 15 2
v 20 10 2
v 21 5 2
v 22 8 5
v 23 0 2
v 24 17 1
v 25 5 2
v 26 14 2
v 27 11 4
v 28 2 2
v 29 16 2
v 30 16 4
v 31 11 1
e 0 21 0
e 0 2 0
e 1 25 0
e 1 5 0
e 2 7 0
e 2 9 0
e 3 13 0
e 4 7 0
e 4 13 0
e 5 16 0
e 6 10 0
e 6 23 0
e 7 8 0
e 8 18 0
e 8 12 0
e 9 22 0
e 9 18 0
e 9 12 0
e 10 15 0
e 10 18 0
e 10 27 0
e 10 12 0
e 10 22 0
e 11 25 0
e 11 31 0
e 12 20 0
e 12 14 0
e 13 24 0
e 14 18 0
e 14 15 0
e 15 18 0
e 15 19 0
e 15 22 0
e 15 30 0
e 16 21 0
e 17 23 0
e 17 28 0
e 18 20 0
e 19 27 0
e 22 27 0
e 22 30 0
e 26 28 0
e 26 29 0
e 27 30 0
e 29 30 0
