t 32 32
v 0 4 2
v 1 1 2
v 2 19 2
v 3 16 2
v 4 7 2
v 5 18 3
v 6 18 2
v 7 5 2
v 8 12 2
v 9 12 2
v 10 14 3
v 11 19 2
v 12 3 2
v 13 18 2
v 14 14 3
v 15 18 1
v 16 15 2
v 17 13 2
v 18 2 2
v 19 10 2
v 20 17 2
v 21 18 2
v 22 4 2
v 23 14 2
v 24 5 2
v 25 9 2
v 26 10 2
v 27 13 1
v 28 9 2
v 29 11 2
v 30 5 2
v 31 4 1
e 0 10 0
e 0 9 0
e 1 2 0
e 1 9 0
e 2 17 0
e 3 17 0
e 3 4 0
e 4 12 0
e 5 14 0
e 5 16 0
e 5 19 0
e 6 7 0
e 6 12 0
e 7 21 0
e 8 11 0
e 8 21 0
e 10 31 0
e 10 27 0
e 11 13 0
e 13 28 0
e 14 15 0
e 14 16 0
e 18 22 0
e 18 28 0
e 19 23 0
e 20 23 0
e 20 24 0
e 22 30 0
e 24 29 0
e 25 26 0
e 25 30 0
e 26 29 0
