t 40 40
v 0 18 2
v 1 1 3
v 2 4 2
v 3 14 3
v 4 10 2
v 5 7 3
v 6 7 2
v 7 15 2
v 8 13 2
v 9 18 2
v 10 16 2
v 11 1 2
v 12 14 2
v 13 7 2
v 14 2 2
v 15 19 2
v 16 15 2
v 17 11 2
v 18 1 1
v 19 5 2
v 20 2 2
v 21 17 2
v 22 3 2
v 23 17 3
v 24 4 2
v 25 15 1
v 26 17 2
v 27 18 1
v 28 5 2
v 29 12 3
v 30 3 2
v 31 14 2
v 32 15 2
v 33 16 2
v 34 17 2
v 35 0 1
v 36 19 2
v 37 5 2
v 38 4 2
v 39 19 1
e 0 1 0
e 0 6 0
e 1 2 0
e 1 25 0
e 2 30 0
e 3 29 0
e 3 5 0
e 3 14 0
e 4 10 0
e 4 13 0
e 5 29 0
e 5 32 0
e 6 12 0
e 7 9 0
e 7 13 0
e 8 14 0
e 8 17 0
e 9 16 0
e 10 30 0
e 11 21 0
e 11 28 0
e 12 21 0
e 15 37 0
e 15 38 0
e 16 32 0
e 17 27 0
e 18 19 0
e 19 24 0
e 20 37 0
e 20 36 0
e 22 28 0
e 22 31 0
e 23 29 0
e 23 34 0
e 23 35 0
e 24 26 0
e 26 34 0
e 31 36 0
e 33 38 0
e 33 39 0
