t 40 40
v 0 6 2
v 1 7 2
v 2 16 2
v 3 10 2
v 4 6 2
v 5 15 2
v 6 2 2
v 7 19 2
v 8 19 2
v 9 16 2
v 10 17 2
v 11 19 1
v 12 4 2
v 13 12 3
v 14 0 2
v 15 11 2
v 16 19 2
v 17 14 2
v 18 9 2
v 19 10 2
v 20 4 2
v 21 14 2
v 22 11 2
v 23 8 2
v 24 15 5
v 25 0 2
v 26 0 2
v 27 3 1
v 28 2 2
v 29 18 1
v 30 7 2
v 31 15 2
v 32 13 2
v 33 8 1
v 34 6 2
v 35 14 2
v 36 16 2
v 37 5 2
v 38 16 2
v 39 5 2
e 0 21 0
e 0 10 0
e 1 23 0
e 1 18 0
e 2 5 0
e 2 10 0
e 3 5 0
e 3 14 0
e 4 8 0
e 4 26 0
e 6 15 0
e 6 14 0
e 7 9 0
e 7 18 0
e 8 15 0
e 9 26 0
e 11 13 0
e 12 16 0
e 12 38 0
e 13 17 0
e 13 24 0
e 16 32 0
e 17 24 0
e 19 20 0
e 19 31 0
e 20 34 0
e 21 30 0
e 22 23 0
e 22 34 0
e 24 29 0
e 24 27 0
e 24 28 0
e 25 35 0
e 25 37 0
e 28 31 0
e 30 35 0
e 32 37 0
e 33 39 0
e 36 38 0
e 36 39 0
