t 32 32
v 0 14 2
v 1 4 2
v 2 0 2
v 3 8 1
v 4 0 2
v 5 16 2
v 6 5 2
v 7 0 2
v 8 1 2
v 9 14 2
v 10 14 2
v 11 18 3
v 12 1 2
v 13 17 1
v 14 0 3
v 15 14 2
v 16 0 3
v 17 8 1
v 18 15 2
v 19 14 3
v 20 10 1
v 21 12 2
v 22 6 2
v 23 2 2
v 24 13 1
v 25 3 3
v 26 17 2
v 27 6 2
v 28 10 2
v 29 18 2
v 30 10 2
v 31 9 2
e 0 28 0
e 0 2 0
e 1 2 0
e 1 16 0
e 3 31 0
e 4 22 0
e 4 18 0
e 5 28 0
e 5 6 0
e 6 31 0
e 7 15 0
e 7 8 0
e 8 9 0
e 9 12 0
e 10 14 0
e 10 19 0
e 11 14 0
e 11 25 0
e 11 20 0
e 12 30 0
e 13 19 0
e 14 19 0
e 15 27 0
e 16 17 0
e 16 22 0
e 18 27 0
e 21 23 0
e 21 30 0
e 23 29 0
e 24 25 0
e 25 26 0
e 26 29 0
