t 32 32
v 0 2 2
v 1 12 2
v 2 8 2
v 3 0 2
v 4 6 2
v 5 3 2
v 6 11 2
v 7 15 1
v 8 13 2
v 9 9 3
v 10 1 2
v 11 9 3
v 12 4 2
v 13 12 2
v 14 19 2
v 15 9 2
v 16 9 1
v 17 10 2
v 18 16 2
v 19 7 2
v 20 19 1
v 21 15 1
v 22 15 2
v 23 13 3
v 24 18 2
v 25 9 2
v 26 11 1
v 27 8 5
v 28 2 2
v 29 18 2
v 30 14 2
v 31 5 1
e 0 15 0
e 0 25 0
e 1 23 0
e 1 28 0
e 2 15 0
e 2 4 0
e 3 17 0
e 3 12 0
e 4 17 0
e 5 6 0
e 5 12 0
e 6 9 0
e 7 8 0
e 8 9 0
e 9 10 0
e 10 19 0
e 11 13 0
e 11 23 0
e 11 24 0
e 13 22 0
e 14 25 0
e 14 29 0
e 16 27 0
e 18 22 0
e 18 27 0
e 19 28 0
e 20 27 0
e 21 27 0
e 23 24 0
e 26 27 0
e 29 30 0
e 30 31 0
