t 40 40
v 0 18 2
v 1 8 2
v 2 0 2
v 3 16 2
v 4 10 3
v 5 16 2
v 6 19 2
v 7 14 2
v 8 19 2
v 9 11 2
v 10 5 1
v 11 3 3
v 12 13 1
v 13 4 2
v 14 13 2
v 15 15 1
v 16 5 1
v 17 6 2
v 18 10 2
v 19 15 2
v 20 1 2
v 21 16 2
v 22 13 2
v 23 3 1
v 24 13 2
v 25 1 2
v 26 5 2
v 27 19 2
v 28 10 2
v 29 9 2
v 30 11 3
v 31 10 3
v 32 18 3
v 33 19 2
v 34 1 2
v 35 9 2
v 36 0 2
v 37 7 2
v 38 8 2
v 39 3 2
e 0 7 0
e 0 17 0
e 1 23 0
e 1 31 0
e 2 16 0
e 2 8 0
e 3 37 0
e 3 38 0
e 4 5 0
e 4 11 0
e 4 6 0
e 5 8 0
e 6 26 0
e 7 22 0
e 9 14 0
e 9 37 0
e 10 31 0
e 11 26 0
e 11 35 0
e 12 32 0
e 13 20 0
e 13 33 0
e 14 25 0
e 15 39 0
e 17 32 0
e 18 27 0
e 18 30 0
e 19 27 0
e 19 29 0
e 20 34 0
e 21 25 0
e 21 36 0
e 22 36 0
e 24 34 0
e 24 31 0
e 28 38 0
e 28 39 0
e 29 35 0
e 30 32 0
e 30 33 0
