t 32 40
v 0 3 2
v 1 14 2
v 2 10 2
v 3 0 4
v 4 17 2
v 5 13 2
v 6 6 2
v 7 9 2
v 8 16 3
v 9 3 2
v 10 6 2
v 11 11 3
v 12 3 2
v 13 5 2
v 14 4 2
v 15 9 2
v 16 19 2
v 17 12 2
v 18 12 2
v 19 9 3
v 20 19 4
v 21 19 6
v 22 4 2
v 23 18 5
v 24 14 5
v 25 14 2
v 26 10 3
v 27 5 2
v 28 5 1
v 29 6 1
v 30 7 2
v 31 8 2
e 0 9 0
e 0 16 0
e 1 9 0
e 1 17 0
e 2 4 0
e 2 17 0
e 3 23 0
e 3 19 0
e 3 20 0
e 3 21 0
e 4 12 0
e 5 25 0
e 5 16 0
e 6 7 0
e 6 18 0
e 7 14 0
e 8 23 0
e 8 21 0
e 8 24 0
e 10 15 0
e 10 22 0
e 11 23 0
e 11 20 0
e 11 21 0
e 12 18 0
e 13 25 0
e 13 31 0
e 14 15 0
e 19 21 0
e 19 24 0
e 20 24 0
e 20 26 0
e 21 28 0
e 21 24 0
e 22 30 0
e 23 24 0
e 23 26 0
e 26 27 0
e 27 30 0
e 29 31 0
