t 32 32
v 0 11 1
v 1 13 2
v 2 18 2
v 3 6 2
v 4 9 2
v 5 19 2
v 6 12 2
v 7 5 2
v 8 1 2
v 9 6 2
v 10 19 2
v 11 17 3
v 12 2 2
v 13 16 2
v 14 19 2
v 15 19 2
v 16 0 2
v 17 12 2
v 18 12 3
v 19 4 2
v 20 3 2
v 21 10 2
v 22 18 3
v 23 9 2
v 24 17 2
v 25 12 1
v 26 11 2
v 27 12 1
v 28 16 2
v 29 19 2
v 30 0 3
v 31 14 1
e 0 20 0
e 1 28 0
e 1 8 0
e 2 13 0
e 2 3 0
e 3 14 0
e 4 9 0
e 4 16 0
e 5 22 0
e 5 24 0
e 6 28 0
e 6 21 0
e 7 10 0
e 7 11 0
e 8 23 0
e 9 21 0
e 10 11 0
e 11 19 0
e 12 15 0
e 12 26 0
e 13 18 0
e 14 16 0
e 15 24 0
e 17 18 0
e 17 30 0
e 18 20 0
e 19 22 0
e 22 25 0
e 23 29 0
e 26 29 0
e 27 30 0
e 30 31 0
