t 40 49
v 0 1 2
v 1 1 1
v 2 3 2
v 3 14 3
v 4 3 5
v 5 10 2
v 6 14 2
v 7 16 1
v 8 6 2
v 9 18 2
v 10 17 2
v 11 3 2
v 12 19 2
v 13 3 4
v 14 4 2
v 15 7 5
v 16 5 2
v 17 10 3
v 18 13 6
v 19 19 2
v 20 16 2
v 21 1 3
v 22 16 2
v 23 18 2
v 24 6 3
v 25 10 2
v 26 7 2
v 27 0 2
v 28 19 3
v 29 10 5
v 30 17 3
v 31 19 2
v 32 16 2
v 33 5 2
v 34 9 2
v 35 4 2
v 36 5 2
v 37 15 2
v 38 16 2
v 39 14 1
e 0 14 0
e 0 31 0
e 1 28 0
e 2 20 0
e 2 10 0
e 3 21 0
e 3 5 0
e 3 26 0
e 4 13 0
e 4 16 0
e 4 23 0
e 4 29 0
e 4 30 0
e 5 21 0
e 6 26 0
e 6 8 0
e 7 18 0
e 8 9 0
e 9 12 0
e 10 25 0
e 11 35 0
e 11 34 0
e 12 27 0
e 13 29 0
e 13 15 0
e 13 27 0
e 14 20 0
e 15 18 0
e 15 19 0
e 15 23 0
e 15 29 0
e 16 24 0
e 17 18 0
e 17 19 0
e 17 29 0
e 18 30 0
e 18 24 0
e 18 28 0
e 21 25 0
e 22 32 0
e 22 33 0
e 24 28 0
e 29 30 0
e 31 32 0
e 33 34 0
e 35 36 0
e 36 37 0
e 37 38 0
e 38 39 0
