t 40 40
v 0 0 1
v 1 18 4
v 2 16 3
v 3 13 1
v 4 9 2
v 5 11 2
v 6 7 2
v 7 18 2
v 8 1 2
v 9 16 1
v 10 3 2
v 11 14 2
v 12 13 2
v 13 18 2
v 14 6 2
v 15 2 2
v 16 12 2
v 17 5 3
v 18 19 2
v 19 0 1
v 20 1 2
v 21 3 2
v 22 5 2
v 23 0 2
v 24 2 1
v 25 6 2
v 26 9 2
v 27 15 3
v 28 15 2
v 29 2 2
v 30 17 2
v 31 10 2
v 32 1 2
v 33 10 2
v 34 1 3
v 35 6 2
v 36 9 2
v 37 0 2
v 38 6 2
v 39 13 1
e 0 1 0
e 1 8 0
e 1 24 0
e 1 15 0
e 2 36 0
e 2 19 0
e 2 18 0
e 3 35 0
e 4 5 0
e 4 10 0
e 5 17 0
e 6 11 0
e 6 26 0
e 7 38 0
e 7 39 0
e 8 14 0
e 9 17 0
e 10 14 0
e 11 30 0
e 12 28 0
e 12 32 0
e 13 27 0
e 13 33 0
e 15 35 0
e 16 34 0
e 16 37 0
e 17 29 0
e 18 20 0
e 20 22 0
e 21 37 0
e 21 38 0
e 22 23 0
e 23 25 0
e 25 27 0
e 26 29 0
e 27 34 0
e 28 31 0
e 30 32 0
e 31 33 0
e 34 36 0
