t 40 43
v 0 0 2
v 1 4 1
v 2 18 2
v 3 18 2
v 4 12 2
v 5 16 1
v 6 3 2
v 7 9 2
v 8 7 1
v 9 6 4
v 10 10 3
v 11 7 2
v 12 16 4
v 13 2 2
v 14 9 3
v 15 13 2
v 16 3 2
v 17 19 2
v 18 18 4
v 19 11 3
v 20 12 2
v 21 10 1
v 22 5 2
v 23 7 2
v 24 2 2
v 25 13 2
v 26 6 4
v 27 13 2
v 28 15 2
v 29 18 2
v 30 18 2
v 31 18 2
v 32 17 2
v 33 18 2
v 34 11 2
v 35 4 2
v 36 15 2
v 37 15 2
v 38 14 2
v 39 3 1
e 0 3 0
e 0 16 0
e 1 20 0
e 2 38 0
e 2 39 0
e 3 17 0
e 4 13 0
e 4 6 0
e 5 19 0
e 6 17 0
e 7 10 0
e 7 19 0
e 8 19 0
e 9 18 0
e 9 11 0
e 9 12 0
e 9 10 0
e 10 13 0
e 11 14 0
e 12 26 0
e 12 18 0
e 12 30 0
e 14 31 0
e 14 21 0
e 15 24 0
e 15 26 0
e 16 32 0
e 18 30 0
e 18 28 0
e 20 26 0
e 22 25 0
e 22 28 0
e 23 31 0
e 23 25 0
e 24 26 0
e 27 35 0
e 27 36 0
e 29 37 0
e 29 38 0
e 32 33 0
e 33 34 0
e 34 36 0
e 35 37 0
