t 40 47
v 0 13 3
v 1 10 1
v 2 9 2
v 3 6 2
v 4 19 1
v 5 15 2
v 6 17 2
v 7 8 5
v 8 9 2
v 9 6 2
v 10 11 2
v 11 16 2
v 12 1 2
v 13 17 2
v 14 4 3
v 15 2 3
v 16 7 2
v 17 1 3
v 18 10 3
v 19 14 4
v 20 10 2
v 21 9 2
v 22 11 2
v 23 19 2
v 24 3 3
v 25 1 4
v 26 2 1
v 27 7 2
v 28 17 5
v 29 19 2
v 30 16 2
v 31 8 2
v 32 4 3
v 33 16 2
v 34 12 2
v 35 12 2
v 36 2 2
v 37 7 2
v 38 11 2
v 39 12 2
e 0 7 0
e 0 2 0
e 0 28 0
e 1 14 0
e 2 5 0
e 3 34 0
e 3 33 0
e 4 39 0
e 5 10 0
e 6 7 0
e 6 28 0
e 7 16 0
e 7 28 0
e 7 32 0
e 8 15 0
e 8 31 0
e 9 34 0
e 9 35 0
e 10 22 0
e 11 13 0
e 11 22 0
e 12 14 0
e 12 13 0
e 14 15 0
e 15 17 0
e 16 28 0
e 17 18 0
e 17 27 0
e 18 24 0
e 18 25 0
e 19 24 0
e 19 25 0
e 19 21 0
e 19 20 0
e 20 26 0
e 21 25 0
e 23 27 0
e 23 29 0
e 24 25 0
e 28 32 0
e 29 30 0
e 30 31 0
e 32 33 0
e 35 36 0
e 36 37 0
e 37 38 0
e 38 39 0
