t 40 39
v 0 8 1
v 1 14 3
v 2 12 2
v 3 19 2
v 4 12 2
v 5 14 2
v 6 13 2
v 7 0 2
v 8 8 2
v 9 6 2
v 10 3 2
v 11 16 2
v 12 12 3
v 13 5 2
v 14 5 2
v 15 13 3
v 16 1 2
v 17 1 2
v 18 6 2
v 19 17 2
v 20 5 2
v 21 11 1
v 22 16 2
v 23 1 1
v 24 3 2
v 25 17 2
v 26 12 2
v 27 7 2
v 28 0 1
v 29 6 2
v 30 2 2
v 31 3 2
v 32 12 2
v 33 15 1
v 34 6 2
v 35 16 2
v 36 19 2
v 37 7 2
v 38 8 2
v 39 0 2
e 0 1 0
e 1 17 0
e 1 2 0
e 2 31 0
e 3 4 0
e 3 18 0
e 4 10 0
e 5 9 0
e 5 14 0
e 6 39 0
e 6 38 0
e 7 11 0
e 7 13 0
e 8 10 0
e 8 17 0
e 9 30 0
e 11 14 0
e 12 23 0
e 12 13 0
e 12 19 0
e 15 21 0
e 15 16 0
e 15 20 0
e 16 27 0
e 18 19 0
e 20 24 0
e 22 30 0
e 22 29 0
e 24 25 0
e 25 28 0
e 26 38 0
e 26 37 0
e 27 29 0
e 31 32 0
e 32 34 0
e 33 39 0
e 34 35 0
e 35 36 0
e 36 37 0
