t 40 45
v 0 14 2
v 1 16 2
v 2 19 2
v 3 12 2
v 4 19 2
v 5 0 3
v 6 12 2
v 7 10 2
v 8 9 1
v 9 12 2
v 10 2 2
v 11 19 2
v 12 8 2
v 13 4 3
v 14 0 1
v 15 3 4
v 16 3 2
v 17 13 2
v 18 13 6
v 19 11 2
v 20 0 2
v 21 16 3
v 22 2 2
v 23 17 1
v 24 14 6
v 25 7 1
v 26 6 3
v 27 16 2
v 28 12 2
v 29 4 1
v 30 10 3
v 31 3 3
v 32 17 2
v 33 8 1
v 34 1 2
v 35 1 2
v 36 3 2
v 37 19 2
v 38 16 2
v 39 18 2
e 0 10 0
e 0 19 0
e 1 37 0
e 1 36 0
e 2 3 0
e 2 22 0
e 3 20 0
e 4 13 0
e 4 20 0
e 5 25 0
e 5 18 0
e 5 24 0
e 6 28 0
e 6 27 0
e 7 10 0
e 7 35 0
e 8 13 0
e 9 37 0
e 9 38 0
e 11 13 0
e 11 32 0
e 12 21 0
e 12 32 0
e 14 18 0
e 15 17 0
e 15 24 0
e 15 30 0
e 15 31 0
e 16 24 0
e 16 30 0
e 17 18 0
e 18 31 0
e 18 30 0
e 18 24 0
e 19 22 0
e 21 34 0
e 21 23 0
e 24 33 0
e 24 26 0
e 26 31 0
e 26 34 0
e 27 38 0
e 28 39 0
e 29 39 0
e 35 36 0
