t 40 48
v 0 15 1
v 1 5 4
v 2 7 2
v 3 17 2
v 4 4 2
v 5 0 3
v 6 9 1
v 7 5 1
v 8 11 3
v 9 12 2
v 10 11 2
v 11 19 3
v 12 11 2
v 13 3 3
v 14 10 1
v 15 6 3
v 16 2 2
v 17 7 2
v 18 6 5
v 19 11 4
v 20 4 2
v 21 2 2
v 22 19 3
v 23 11 2
v 24 0 3
v 25 15 2
v 26 10 3
v 27 15 2
v 28 10 4
v 29 1 1
v 30 17 4
v 31 5 1
v 32 19 2
v 33 5 4
v 34 10 2
v 35 5 3
v 36 6 1
v 37 3 2
v 38 0 4
v 39 10 1
e 0 1 0
e 1 5 0
e 1 2 0
e 1 3 0
e 2 21 0
e 3 27 0
e 4 27 0
e 4 5 0
e 5 16 0
e 6 13 0
e 7 18 0
e 8 12 0
e 8 14 0
e 8 9 0
e 9 24 0
e 10 16 0
e 10 22 0
e 11 13 0
e 11 22 0
e 11 28 0
e 12 24 0
e 13 28 0
e 15 26 0
e 15 18 0
e 15 28 0
e 17 19 0
e 17 38 0
e 18 22 0
e 18 26 0
e 18 30 0
e 19 34 0
e 19 35 0
e 19 37 0
e 20 24 0
e 20 25 0
e 21 23 0
e 23 32 0
e 25 28 0
e 26 30 0
e 29 30 0
e 30 31 0
e 32 33 0
e 33 34 0
e 33 37 0
e 33 38 0
e 35 36 0
e 35 38 0
e 38 39 0
