t 40 39
v 0 10 2
v 1 13 2
v 2 16 2
v 3 5 2
v 4 8 2
v 5 6 2
v 6 11 1
v 7 10 2
v 8 2 2
v 9 16 2
v 10 4 2
v 11 1 2
v 12 14 1
v 13 0 2
v 14 17 2
v 15 1 2
v 16 7 3
v 17 3 2
v 18 8 2
v 19 3 2
v 20 5 3
v 21 2 2
v 22 13 2
v 23 15 2
v 24 3 2
v 25 11 1
v 26 3 2
v 27 16 2
v 28 14 2
v 29 14 2
v 30 14 2
v 31 16 2
v 32 2 2
v 33 16 2
v 34 8 2
v 35 12 2
v 36 16 2
v 37 10 2
v 38 2 2
v 39 4 1
e 0 5 0
e 0 3 0
e 1 31 0
e 1 14 0
e 2 36 0
e 2 37 0
e 3 31 0
e 4 14 0
e 4 7 0
e 5 34 0
e 6 20 0
e 7 8 0
e 8 9 0
e 9 10 0
e 10 11 0
e 11 16 0
e 12 16 0
e 13 17 0
e 13 34 0
e 15 24 0
e 15 26 0
e 16 18 0
e 17 29 0
e 18 23 0
e 19 20 0
e 19 24 0
e 20 25 0
e 21 33 0
e 21 27 0
e 22 37 0
e 22 38 0
e 23 32 0
e 26 28 0
e 27 32 0
e 28 30 0
e 29 35 0
e 30 33 0
e 35 36 0
e 38 39 0
