t 40 40
v 0 4 2
v 1 11 2
v 2 14 2
v 3 14 2
v 4 8 2
v 5 17 2
v 6 0 2
v 7 12 2
v 8 4 2
v 9 1 2
v 10 3 2
v 11 11 2
v 12 14 3
v 13 7 2
v 14 3 2
v 15 6 1
v 16 9 2
v 17 0 2
v 18 0 2
v 19 8 2
v 20 1 3
v 21 1 2
v 22 7 2
v 23 19 2
v 24 11 2
v 25 16 2
v 26 16 2
v 27 10 1
v 28 15 2
v 29 18 2
v 30 11 2
v 31 1 2
v 32 16 2
v 33 5 2
v 34 7 2
v 35 3 2
v 36 13 2
v 37 10 2
v 38 4 2
v 39 18 2
e 0 1 0
e 0 17 0
e 1 13 0
e 2 9 0
e 2 5 0
e 3 20 0
e 3 23 0
e 4 8 0
e 4 29 0
e 5 30 0
e 6 28 0
e 6 31 0
e 7 10 0
e 7 14 0
e 8 14 0
e 9 24 0
e 10 30 0
e 11 25 0
e 11 17 0
e 12 15 0
e 12 18 0
e 12 20 0
e 13 21 0
e 16 21 0
e 16 22 0
e 18 19 0
e 19 20 0
e 22 24 0
e 23 26 0
e 25 32 0
e 26 28 0
e 27 39 0
e 29 31 0
e 32 33 0
e 33 34 0
e 34 35 0
e 35 36 0
e 36 37 0
e 37 38 0
e 38 39 0
