t 40 44
v 0 14 2
v 1 1 3
v 2 14 2
v 3 16 2
v 4 10 2
v 5 6 3
v 6 11 2
v 7 12 2
v 8 18 2
v 9 12 2
v 10 5 2
v 11 6 2
v 12 15 2
v 13 13 2
v 14 4 3
v 15 9 2
v 16 6 2
v 17 1 4
v 18 2 3
v 19 0 4
v 20 17 2
v 21 16 1
v 22 11 2
v 23 18 2
v 24 13 2
v 25 11 2
v 26 4 3
v 27 18 2
v 28 2 2
v 29 18 2
v 30 10 2
v 31 1 3
v 32 13 2
v 33 2 2
v 34 17 2
v 35 17 2
v 36 5 1
v 37 5 2
v 38 2 2
v 39 6 2
e 0 22 0
e 0 2 0
e 1 17 0
e 1 16 0
e 1 19 0
e 2 3 0
e 3 7 0
e 4 7 0
e 4 8 0
e 5 31 0
e 5 32 0
e 5 14 0
e 6 38 0
e 6 25 0
e 8 29 0
e 9 31 0
e 9 15 0
e 10 26 0
e 10 14 0
e 11 18 0
e 11 30 0
e 12 26 0
e 12 33 0
e 13 29 0
e 13 15 0
e 14 32 0
e 16 17 0
e 17 21 0
e 17 23 0
e 18 27 0
e 18 19 0
e 19 27 0
e 19 23 0
e 20 37 0
e 20 28 0
e 22 34 0
e 24 34 0
e 24 35 0
e 25 28 0
e 26 31 0
e 30 33 0
e 35 37 0
e 36 39 0
e 38 39 0
