t 32 33
v 0 7 2
v 1 13 1
v 2 13 2
v 3 12 3
v 4 1 2
v 5 11 2
v 6 8 2
v 7 1 2
v 8 10 2
v 9 16 2
v 10 18 1
v 11 6 2
v 12 17 2
v 13 14 2
v 14 0 2
v 15 8 2
v 16 12 2
v 17 3 3
v 18 11 2
v 19 11 3
v 20 9 2
v 21 1 3
v 22 5 2
v 23 8 2
v 24 17 3
v 25 12 2
v 26 13 3
v 27 10 1
v 28 2 1
v 29 9 2
v 30 8 2
v 31 19 2
e 0 15 0
e 0 3 0
e 1 31 0
e 2 26 0
e 2 5 0
e 3 26 0
e 3 6 0
e 4 23 0
e 4 12 0
e 5 7 0
e 6 22 0
e 7 8 0
e 8 24 0
e 9 13 0
e 9 24 0
e 10 24 0
e 11 21 0
e 11 19 0
e 12 18 0
e 13 14 0
e 14 18 0
e 15 26 0
e 16 20 0
e 16 19 0
e 17 20 0
e 17 19 0
e 17 28 0
e 21 25 0
e 21 29 0
e 22 30 0
e 23 29 0
e 25 27 0
e 30 31 0
