t 40 40
v 0 9 2
v 1 6 2
v 2 0 2
v 3 1 2
v 4 5 2
v 5 15 2
v 6 18 2
v 7 10 2
v 8 6 2
v 9 17 1
v 10 13 2
v 11 1 2
v 12 8 1
v 13 18 2
v 14 12 2
v 15 0 3
v 16 18 2
v 17 19 2
v 18 15 2
v 19 14 2
v 20 4 2
v 21 11 2
v 22 8 2
v 23 17 2
v 24 6 3
v 25 4 2
v 26 10 2
v 27 12 2
v 28 13 2
v 29 9 2
v 30 6 2
v 31 5 3
v 32 2 2
v 33 1 2
v 34 15 2
v 35 2 2
v 36 15 2
v 37 5 2
v 38 2 2
v 39 8 1
e 0 19 0
e 0 2 0
e 1 2 0
e 1 4 0
e 3 7 0
e 3 38 0
e 4 22 0
e 5 22 0
e 5 8 0
e 6 10 0
e 6 8 0
e 7 11 0
e 9 15 0
e 10 27 0
e 11 35 0
e 12 31 0
e 13 30 0
e 13 16 0
e 14 20 0
e 14 26 0
e 15 23 0
e 15 24 0
e 16 18 0
e 17 25 0
e 17 29 0
e 18 19 0
e 20 28 0
e 21 26 0
e 21 31 0
e 23 24 0
e 24 25 0
e 27 31 0
e 28 29 0
e 30 32 0
e 32 33 0
e 33 34 0
e 34 36 0
e 35 39 0
e 36 37 0
e 37 38 0
