t 32 33
v 0 14 2
v 1 11 3
v 2 19 2
v 3 5 2
v 4 7 2
v 5 18 2
v 6 10 2
v 7 11 2
v 8 2 2
v 9 6 2
v 10 5 2
v 11 3 2
v 12 11 2
v 13 2 2
v 14 0 3
v 15 15 2
v 16 8 2
v 17 15 2
v 18 15 2
v 19 11 2
v 20 4 3
v 21 9 1
v 22 12 2
v 23 11 1
v 24 3 4
v 25 14 2
v 26 15 2
v 27 10 3
v 28 3 2
v 29 5 2
v 30 5 1
v 31 10 1
e 0 14 0
e 0 2 0
e 1 24 0
e 1 12 0
e 1 20 0
e 2 9 0
e 3 6 0
e 3 4 0
e 4 9 0
e 5 8 0
e 5 10 0
e 6 26 0
e 7 8 0
e 7 26 0
e 10 19 0
e 11 13 0
e 11 19 0
e 12 28 0
e 13 15 0
e 14 30 0
e 14 31 0
e 15 16 0
e 16 29 0
e 17 21 0
e 17 25 0
e 18 24 0
e 18 22 0
e 20 24 0
e 20 27 0
e 22 23 0
e 24 27 0
e 25 27 0
e 28 29 0
