t 32 33
v 0 10 2
v 1 14 2
v 2 7 2
v 3 17 3
v 4 5 2
v 5 7 2
v 6 1 2
v 7 18 2
v 8 18 2
v 9 17 2
v 10 4 2
v 11 2 2
v 12 10 2
v 13 17 1
v 14 0 4
v 15 6 2
v 16 1 2
v 17 13 2
v 18 7 2
v 19 4 3
v 20 17 2
v 21 15 2
v 22 19 2
v 23 10 2
v 24 5 2
v 25 18 2
v 26 10 2
v 27 12 3
v 28 3 2
v 29 0 1
v 30 14 2
v 31 8 1
e 0 1 0
e 0 26 0
e 1 30 0
e 2 6 0
e 2 28 0
e 3 19 0
e 3 14 0
e 3 27 0
e 4 28 0
e 4 5 0
e 5 7 0
e 6 26 0
e 7 12 0
e 8 22 0
e 8 12 0
e 9 10 0
e 9 16 0
e 10 22 0
e 11 18 0
e 11 25 0
e 13 21 0
e 14 23 0
e 14 15 0
e 14 24 0
e 15 20 0
e 16 25 0
e 17 18 0
e 17 19 0
e 19 29 0
e 20 21 0
e 23 27 0
e 24 27 0
e 30 31 0
