t 40 40
v 0 17 2
v 1 17 2
v 2 15 2
v 3 11 2
v 4 0 2
v 5 11 2
v 6 6 2
v 7 13 2
v 8 0 2
v 9 11 2
v 10 2 2
v 11 5 1
v 12 19 2
v 13 7 2
v 14 9 2
v 15 15 3
v 16 7 1
v 17 3 2
v 18 15 2
v 19 4 2
v 20 8 3
v 21 1 2
v 22 3 2
v 23 8 2
v 24 13 2
v 25 9 2
v 26 10 2
v 27 3 2
v 28 4 2
v 29 1 2
v 30 5 2
v 31 11 2
v 32 12 2
v 33 10 2
v 34 3 2
v 35 14 3
v 36 8 2
v 37 8 2
v 38 7 2
v 39 16 1
e 0 1 0
e 0 3 0
e 1 24 0
e 2 37 0
e 2 36 0
e 3 4 0
e 4 5 0
e 5 6 0
e 6 30 0
e 7 10 0
e 7 12 0
e 8 34 0
e 8 21 0
e 9 12 0
e 9 27 0
e 10 30 0
e 11 35 0
e 13 27 0
e 13 14 0
e 14 33 0
e 15 19 0
e 15 18 0
e 15 20 0
e 16 19 0
e 17 29 0
e 17 38 0
e 18 20 0
e 20 22 0
e 21 33 0
e 22 25 0
e 23 28 0
e 23 26 0
e 24 32 0
e 25 28 0
e 26 31 0
e 29 37 0
e 31 34 0
e 32 35 0
e 35 36 0
e 38 39 0
