t 40 40
v 0 6 2
v 1 4 2
v 2 19 2
v 3 11 2
v 4 6 2
v 5 12 2
v 6 1 2
v 7 3 2
v 8 14 2
v 9 5 2
v 10 9 2
v 11 7 2
v 12 18 2
v 13 10 3
v 14 7 2
v 15 8 2
v 16 13 3
v 17 4 2
v 18 16 2
v 19 14 1
v 20 14 2
v 21 12 2
v 22 2 3
v 23 17 2
v 24 1 2
v 25 11 1
v 26 2 1
v 27 12 2
v 28 9 2
v 29 10 2
v 30 5 2
v 31 5 2
v 32 8 2
v 33 8 2
v 34 17 2
v 35 13 2
v 36 13 2
v 37 19 2
v 38 17 2
v 39 9 2
e 0 2 0
e 0 24 0
e 1 38 0
e 1 39 0
e 2 12 0
e 3 12 0
e 3 31 0
e 4 6 0
e 4 21 0
e 5 15 0
e 5 31 0
e 6 27 0
e 7 10 0
e 7 15 0
e 8 16 0
e 8 23 0
e 9 11 0
e 9 22 0
e 10 21 0
e 11 28 0
e 13 14 0
e 13 20 0
e 13 22 0
e 14 22 0
e 16 25 0
e 16 29 0
e 17 29 0
e 17 30 0
e 18 33 0
e 18 34 0
e 19 20 0
e 23 27 0
e 24 32 0
e 26 39 0
e 28 30 0
e 32 33 0
e 34 35 0
e 35 36 0
e 36 37 0
e 37 38 0
