t 40 40
v 0 4 2
v 1 16 2
v 2 2 2
v 3 5 2
v 4 17 2
v 5 16 2
v 6 10 2
v 7 8 2
v 8 14 2
v 9 4 2
v 10 16 2
v 11 9 2
v 12 14 2
v 13 15 2
v 14 4 3
v 15 17 2
v 16 3 1
v 17 5 3
v 18 19 2
v 19 15 2
v 20 12 2
v 21 3 2
v 22 11 2
v 23 17 2
v 24 15 3
v 25 19 2
v 26 8 2
v 27 12 2
v 28 17 1
v 29 17 2
v 30 9 1
v 31 1 2
v 32 2 2
v 33 7 2
v 34 1 2
v 35 3 2
v 36 17 2
v 37 10 2
v 38 12 2
v 39 7 2
e 0 32 0
e 0 35 0
e 1 9 0
e 1 10 0
e 2 13 0
e 2 29 0
e 3 11 0
e 3 27 0
e 4 15 0
e 4 11 0
e 5 6 0
e 5 15 0
e 6 18 0
e 7 18 0
e 7 20 0
e 8 39 0
e 8 23 0
e 9 22 0
e 10 25 0
e 12 33 0
e 12 26 0
e 13 26 0
e 14 17 0
e 14 21 0
e 14 24 0
e 16 17 0
e 17 36 0
e 19 29 0
e 19 24 0
e 20 22 0
e 21 24 0
e 23 31 0
e 25 33 0
e 27 32 0
e 28 39 0
e 30 35 0
e 31 38 0
e 34 38 0
e 34 37 0
e 36 37 0
