t 24 31
v 0 13 2
v 1 1 4
v 2 3 2
v 3 6 2
v 4 5 1
v 5 19 4
v 6 13 4
v 7 17 4
v 8 10 2
v 9 10 2
v 10 18 2
v 11 13 2
v 12 12 3
v 13 5 2
v 14 8 2
v 15 11 2
v 16 6 5
v 17 12 3
v 18 17 2
v 19 14 3
v 20 0 2
v 21 0 2
v 22 7 3
v 23 16 2
e 0 3 0
e 0 13 0
e 1 6 0
e 1 7 0
e 1 12 0
e 1 16 0
e 2 15 0
e 2 5 0
e 3 14 0
e 4 23 0
e 5 6 0
e 5 16 0
e 5 17 0
e 6 12 0
e 6 16 0
e 7 10 0
e 7 16 0
e 7 17 0
e 8 13 0
e 8 9 0
e 9 18 0
e 10 12 0
e 11 23 0
e 11 22 0
e 14 15 0
e 16 17 0
e 18 20 0
e 19 20 0
e 19 21 0
e 19 22 0
e 21 22 0
