t 40 40
v 0 6 2
v 1 8 2
v 2 14 2
v 3 2 2
v 4 3 2
v 5 17 2
v 6 0 2
v 7 6 2
v 8 12 2
v 9 5 2
v 10 11 2
v 11 12 2
v 12 4 2
v 13 8 3
v 14 3 1
v 15 3 2
v 16 6 2
v 17 3 1
v 18 3 2
v 19 3 2
v 20 6 2
v 21 3 2
v 22 8 2
v 23 8 3
v 24 17 2
v 25 4 2
v 26 13 2
v 27 5 3
v 28 2 2
v 29 11 2
v 30 6 2
v 31 18 2
v 32 8 2
v 33 10 2
v 34 1 2
v 35 5 2
v 36 5 2
v 37 4 2
v 38 7 2
v 39 14 1
e 0 32 0
e 0 9 0
e 1 9 0
e 1 25 0
e 2 16 0
e 2 7 0
e 3 25 0
e 3 4 0
e 4 10 0
e 5 7 0
e 5 12 0
e 6 37 0
e 6 38 0
e 8 11 0
e 8 27 0
e 10 12 0
e 11 29 0
e 13 17 0
e 13 22 0
e 13 23 0
e 14 27 0
e 15 30 0
e 15 28 0
e 16 27 0
e 18 31 0
e 18 21 0
e 19 36 0
e 19 35 0
e 20 29 0
e 20 21 0
e 22 26 0
e 23 26 0
e 23 28 0
e 24 33 0
e 24 34 0
e 30 31 0
e 32 33 0
e 34 35 0
e 36 37 0
e 38 39 0
