t 40 45
v 0 15 2
v 1 4 2
v 2 19 2
v 3 3 2
v 4 8 2
v 5 17 2
v 6 6 6
v 7 17 2
v 8 14 2
v 9 6 2
v 10 1 2
v 11 4 2
v 12 16 2
v 13 18 2
v 14 11 2
v 15 6 4
v 16 0 2
v 17 1 2
v 18 14 1
v 19 17 1
v 20 4 2
v 21 15 3
v 22 9 1
v 23 0 1
v 24 9 5
v 25 17 2
v 26 12 2
v 27 7 2
v 28 17 2
v 29 16 2
v 30 19 2
v 31 19 3
v 32 11 3
v 33 13 4
v 34 4 2
v 35 19 2
v 36 0 2
v 37 17 2
v 38 18 2
v 39 2 2
e 0 26 0
e 0 1 0
e 1 2 0
e 2 3 0
e 3 4 0
e 4 20 0
e 5 6 0
e 5 24 0
e 6 33 0
e 6 10 0
e 6 12 0
e 6 15 0
e 6 21 0
e 7 8 0
e 7 20 0
e 8 16 0
e 9 10 0
e 9 16 0
e 11 38 0
e 11 39 0
e 12 21 0
e 13 39 0
e 13 23 0
e 14 15 0
e 14 21 0
e 15 33 0
e 15 24 0
e 17 34 0
e 17 35 0
e 18 25 0
e 19 28 0
e 22 29 0
e 24 27 0
e 24 31 0
e 24 32 0
e 25 31 0
e 26 34 0
e 27 33 0
e 28 30 0
e 29 32 0
e 30 31 0
e 32 33 0
e 35 36 0
e 36 37 0
e 37 38 0
