t 32 33
v 0 3 2
v 1 3 2
v 2 13 2
v 3 8 2
v 4 17 2
v 5 3 2
v 6 19 2
v 7 3 2
v 8 9 2
v 9 6 2
v 10 6 2
v 11 19 2
v 12 3 2
v 13 7 2
v 14 10 2
v 15 15 2
v 16 6 2
v 17 14 2
v 18 12 2
v 19 13 3
v 20 0 2
v 21 6 2
v 22 18 3
v 23 11 2
v 24 10 2
v 25 13 3
v 26 18 1
v 27 18 2
v 28 18 2
v 29 9 2
v 30 10 2
v 31 18 2
e 0 3 0
e 0 5 0
e 1 4 0
e 1 15 0
e 2 14 0
e 2 25 0
e 3 24 0
e 4 8 0
e 5 15 0
e 6 20 0
e 6 9 0
e 7 26 0
e 7 31 0
e 8 27 0
e 9 17 0
e 10 23 0
e 10 30 0
e 11 18 0
e 11 17 0
e 12 18 0
e 12 30 0
e 13 16 0
e 13 19 0
e 14 21 0
e 16 19 0
e 19 22 0
e 20 27 0
e 21 22 0
e 22 25 0
e 23 28 0
e 24 31 0
e 25 29 0
e 28 29 0
