t 24 35
v 0 10 7
v 1 3 1
v 2 0 4
v 3 19 4
v 4 1 3
v 5 19 2
v 6 1 2
v 7 0 4
v 8 3 3
v 9 7 1
v 10 8 1
v 11 15 3
v 12 15 8
v 13 13 4
v 14 13 1
v 15 18 6
v 16 16 2
v 17 12 1
v 18 2 2
v 19 2 2
v 20 0 3
v 21 12 3
v 22 10 2
v 23 11 1
e 0 4 0
e 0 2 0
e 0 3 0
e 0 7 0
e 0 11 0
e 0 12 0
e 0 19 0
e 1 12 0
e 2 13 0
e 2 12 0
e 2 15 0
e 3 16 0
e 3 12 0
e 3 15 0
e 4 7 0
e 4 8 0
e 5 18 0
e 5 20 0
e 6 10 0
e 6 11 0
e 7 8 0
e 7 15 0
e 8 12 0
e 9 15 0
e 11 20 0
e 12 15 0
e 12 13 0
e 12 16 0
e 13 15 0
e 13 19 0
e 14 21 0
e 17 20 0
e 18 21 0
e 21 22 0
e 22 23 0
