t 40 40
v 0 8 2
v 1 8 2
v 2 7 2
v 3 17 1
v 4 4 3
v 5 17 2
v 6 4 2
v 7 14 1
v 8 6 2
v 9 7 1
v 10 8 3
v 11 11 3
v 12 0 2
v 13 12 2
v 14 18 1
v 15 19 2
v 16 1 2
v 17 9 2
v 18 12 2
v 19 19 2
v 20 18 2
v 21 12 2
v 22 7 2
v 23 2 2
v 24 11 3
v 25 19 2
v 26 12 2
v 27 16 3
v 28 9 2
v 29 11 2
v 30 19 2
v 31 18 2
v 32 2 2
v 33 0 2
v 34 0 2
v 35 6 2
v 36 3 2
v 37 2 2
v 38 2 2
v 39 5 1
e 0 28 0
e 0 19 0
e 1 2 0
e 1 5 0
e 2 24 0
e 3 24 0
e 4 6 0
e 4 17 0
e 4 24 0
e 5 12 0
e 6 7 0
e 8 30 0
e 8 19 0
e 9 11 0
e 10 14 0
e 10 11 0
e 10 16 0
e 11 27 0
e 12 26 0
e 13 18 0
e 13 27 0
e 15 17 0
e 15 23 0
e 16 27 0
e 18 20 0
e 20 22 0
e 21 29 0
e 21 22 0
e 23 29 0
e 25 35 0
e 25 34 0
e 26 28 0
e 30 31 0
e 31 32 0
e 32 33 0
e 33 34 0
e 35 37 0
e 36 37 0
e 36 38 0
e 38 39 0
