t 32 31
v 0 0 2
v 1 19 2
v 2 7 2
v 3 10 2
v 4 0 2
v 5 8 2
v 6 19 2
v 7 15 2
v 8 5 1
v 9 13 2
v 10 13 2
v 11 9 2
v 12 0 2
v 13 7 2
v 14 10 2
v 15 18 2
v 16 11 2
v 17 16 2
v 18 15 3
v 19 2 3
v 20 10 2
v 21 16 2
v 22 14 1
v 23 11 1
v 24 17 2
v 25 2 2
v 26 18 2
v 27 15 2
v 28 14 2
v 29 7 2
v 30 13 2
v 31 2 1
e 0 3 0
e 0 2 0
e 1 20 0
e 1 17 0
e 2 30 0
e 3 4 0
e 4 5 0
e 5 6 0
e 6 7 0
e 7 24 0
e 8 19 0
e 9 18 0
e 9 27 0
e 10 17 0
e 10 14 0
e 11 26 0
e 11 12 0
e 12 21 0
e 13 29 0
e 13 21 0
e 14 28 0
e 15 16 0
e 15 19 0
e 16 25 0
e 18 23 0
e 18 25 0
e 19 22 0
e 20 24 0
e 26 28 0
e 27 29 0
e 30 31 0
