t 32 34
v 0 19 4
v 1 6 2
v 2 1 3
v 3 0 3
v 4 14 2
v 5 1 2
v 6 0 3
v 7 10 2
v 8 10 2
v 9 4 1
v 10 16 2
v 11 15 2
v 12 6 2
v 13 3 3
v 14 1 2
v 15 6 1
v 16 6 2
v 17 13 3
v 18 8 2
v 19 9 2
v 20 14 2
v 21 3 2
v 22 4 2
v 23 13 2
v 24 3 1
v 25 15 2
v 26 11 1
v 27 18 4
v 28 6 2
v 29 17 2
v 30 8 2
v 31 14 1
e 0 2 0
e 0 1 0
e 0 3 0
e 0 30 0
e 1 2 0
e 2 3 0
e 3 7 0
e 4 30 0
e 4 31 0
e 5 11 0
e 5 8 0
e 6 17 0
e 6 20 0
e 6 25 0
e 7 21 0
e 8 27 0
e 9 10 0
e 10 12 0
e 11 19 0
e 12 13 0
e 13 16 0
e 13 29 0
e 14 17 0
e 14 23 0
e 15 27 0
e 16 26 0
e 17 25 0
e 18 21 0
e 18 22 0
e 19 22 0
e 20 24 0
e 23 27 0
e 27 28 0
e 28 29 0
