t 32 31
v 0 16 2
v 1 5 2
v 2 2 2
v 3 18 2
v 4 19 1
v 5 14 2
v 6 1 2
v 7 3 3
v 8 5 2
v 9 18 2
v 10 19 2
v 11 3 2
v 12 17 2
v 13 13 2
v 14 12 1
v 15 17 1
v 16 10 1
v 17 16 1
v 18 11 2
v 19 6 3
v 20 1 2
v 21 6 2
v 22 13 2
v 23 3 3
v 24 6 2
v 25 16 2
v 26 9 2
v 27 12 2
v 28 3 2
v 29 19 2
v 30 19 2
v 31 6 2
e 0 6 0
e 0 2 0
e 1 13 0
e 1 29 0
e 2 22 0
e 3 5 0
e 3 28 0
e 4 7 0
e 5 11 0
e 6 30 0
e 7 9 0
e 7 12 0
e 8 11 0
e 8 12 0
e 9 10 0
e 10 13 0
e 14 18 0
e 15 23 0
e 16 31 0
e 17 19 0
e 18 23 0
e 19 24 0
e 19 25 0
e 20 24 0
e 20 21 0
e 21 23 0
e 22 28 0
e 25 26 0
e 26 27 0
e 27 29 0
e 30 31 0
